[1, 0]
[2, 0]
[3, 0]
[4, 0]
[5, 0]
[6, 0]
[7, 0]
[8, 0]
[9, 0]
[10, 0]
[11, 0]
[12, 0]
[13, 0]
[14, 0]
[15, 0]
[16, 0]
[17, 0]
[18, 0]
[19, 0]
[20, 0]
[21, 0]
[22, 0]
[23, [2, 3, 18]]
[24, 0]
[25, 0]
[26, 0]
[27, 0]
[28, 0]
[29, 0]
[30, 0]
[31, 0]
[32, 0]
[33, 0]
[34, 0]
[35, 0]
[36, [2, 4, 12, 18]]
[37, 0]
[38, 0]
[39, 0]
[40, 0]
[41, 0]
[42, 0]
[43, [3, 4, 6, 12, 18]]
[44, 0]
[45, 0]
[46, 0]
[47, 0]
[48, 0]
[49, 0]
[50, 0]
[51, [2, 4, 9, 36]]
[52, 0]
[53, 0]
[54, 0]
[55, 0]
[56, 0]
[57, 0]
[58, [2, 6, 8, 18, 24]]
[59, 0]
[60, 0]
[61, 0]
[62, 0]
[63, 0]
[64, 0]
[65, [2, 6, 9, 12, 36]]
[66, 0]
[67, 0]
[68, 0]
[69, [3, 4, 8, 12, 18, 24]]
[70, 0]
[71, 0]
[72, 0]
[73, 0]
[74, 0]
[75, 0]
[76, 0]
[77, 0]
[78, 0]
[79, 0]
[80, 0]
[81, 0]
[82, 0]
[83, 0]
[84, [3, 4, 8, 9, 24, 36]]
[85, 0]
[86, [2, 3, 27, 54]]
[87, 0]
[88, [2, 4, 16, 18, 48]]
[89, 0]
[90, 0]
[91, [2, 8, 9, 12, 24, 36]]
[92, 0]
[93, [3, 4, 6, 8, 72]]
[94, 0]
[95, [3, 4, 6, 16, 18, 48]]
[96, 0]
[97, 0]
[98, [3, 6, 8, 9, 12, 24, 36]]
[99, [2, 4, 12, 27, 54]]
[100, [2, 6, 8, 12, 72]]
[101, [2, 3, 24, 72]]
[102, [2, 6, 12, 16, 18, 48]]
[103, 0]
[104, 0]
[105, 0]
[106, [3, 4, 6, 12, 27, 54]]
[107, 0]
[108, 0]
[109, 0]
[110, 0]
[111, 0]
[112, 0]
[113, 0]
[114, [3, 4, 8, 9, 18, 72]]
[115, 0]
[116, [2, 6, 9, 18, 27, 54]]
[117, [2, 6, 9, 16, 36, 48]]
[118, 0]
[119, 0]
[120, 0]
[121, [3, 4, 8, 16, 18, 24, 48]]
[122, 0]
[123, 0]
[124, 0]
[125, 0]
[126, 0]
[127, [3, 4, 9, 12, 18, 27, 54]]
[128, [2, 8, 12, 16, 18, 24, 48]]
[129, 0]
[130, 0]
[131, [2, 6, 9, 18, 24, 72]]
[132, [3, 4, 8, 12, 24, 27, 54]]
[133, 0]
[134, 0]
[135, [3, 6, 8, 12, 16, 18, 24, 48]]
[136, 0]
[137, 0]
[138, 0]
[139, 0]
[140, 0]
[141, [2, 4, 18, 27, 36, 54]]
[142, [2, 8, 9, 18, 24, 27, 54]]
[143, [2, 8, 9, 16, 24, 36, 48]]
[144, 0]
[145, 0]
[146, 0]
[147, 0]
[148, [3, 4, 6, 18, 27, 36, 54]]
[149, [3, 6, 8, 9, 18, 24, 27, 54]]
[150, [3, 6, 8, 9, 16, 24, 36, 48]]
[151, [2, 4, 16, 27, 48, 54]]
[152, [2, 6, 8, 16, 48, 72]]
[153, [3, 4, 8, 12, 18, 36, 72]]
[154, 0]
[155, [2, 6, 12, 18, 27, 36, 54]]
[156, [2, 4, 18, 24, 36, 72]]
[157, 0]
[158, [3, 4, 6, 16, 27, 48, 54]]
[159, 0]
[160, 0]
[161, 0]
[162, [4, 6, 8, 9, 12, 18, 24, 27, 54]]
[163, [4, 6, 8, 9, 12, 16, 24, 36, 48]]
[164, 0]
[165, [2, 6, 12, 16, 27, 48, 54]]
[166, [2, 4, 16, 24, 48, 72]]
[167, 0]
[168, 0]
[169, 0]
[170, [2, 6, 12, 18, 24, 36, 72]]
[171, 0]
[172, 0]
[173, [2, 8, 9, 16, 18, 48, 72]]
[174, [3, 4, 8, 18, 24, 27, 36, 54]]
[175, 0]
[176, [2, 4, 18, 24, 32, 96]]
[177, [3, 4, 8, 9, 27, 54, 72]]
[178, 0]
[179, [3, 4, 9, 16, 18, 27, 48, 54]]
[180, [3, 6, 8, 9, 16, 18, 48, 72]]
[181, [2, 8, 12, 18, 24, 27, 36, 54]]
[182, 0]
[183, [3, 4, 6, 18, 24, 32, 96]]
[184, [3, 4, 8, 16, 24, 27, 48, 54]]
[185, 0]
[186, [2, 9, 12, 16, 18, 27, 48, 54]]
[187, 0]
[188, [3, 6, 8, 12, 18, 24, 27, 36, 54]]
[189, 0]
[190, [2, 6, 12, 18, 24, 32, 96]]
[191, [2, 8, 12, 16, 24, 27, 48, 54]]
[192, 0]
[193, [3, 6, 9, 12, 16, 18, 27, 48, 54]]
[194, [3, 4, 9, 16, 18, 24, 48, 72]]
[195, [2, 8, 9, 12, 32, 36, 96]]
[196, 0]
[197, 0]
[198, [3, 6, 8, 12, 16, 24, 27, 48, 54]]
[199, 0]
[200, 0]
[201, [2, 9, 12, 16, 18, 24, 48, 72]]
[202, [3, 6, 8, 9, 12, 32, 36, 96]]
[203, [2, 3, 36, 54, 108]]
[204, 0]
[205, [3, 4, 8, 16, 18, 36, 48, 72]]
[206, 0]
[207, [2, 6, 16, 18, 27, 36, 48, 54]]
[208, [3, 6, 9, 12, 16, 18, 24, 48, 72]]
[209, 0]
[210, [3, 4, 8, 9, 24, 54, 108]]
[211, 0]
[212, [2, 8, 12, 16, 18, 36, 48, 72]]
[213, 0]
[214, [4, 6, 8, 9, 16, 18, 24, 27, 48, 54]]
[215, 0]
[216, [3, 4, 8, 12, 27, 36, 54, 72]]
[217, [2, 8, 9, 12, 24, 54, 108]]
[218, [3, 4, 12, 16, 18, 27, 36, 48, 54]]
[219, [3, 8, 9, 12, 16, 18, 24, 27, 48, 54]]
[220, 0]
[221, [2, 6, 9, 12, 48, 144]]
[222, [2, 6, 16, 18, 24, 36, 48, 72]]
[223, [3, 4, 6, 12, 36, 54, 108]]
[224, [3, 6, 8, 9, 12, 24, 54, 108]]
[225, [3, 4, 8, 16, 18, 32, 48, 96]]
[226, [2, 8, 9, 18, 27, 36, 54, 72]]
[227, 0]
[228, 0]
[229, 0]
[230, 0]
[231, 0]
[232, [2, 8, 12, 16, 18, 32, 48, 96]]
[233, [2, 8, 16, 18, 24, 27, 36, 48, 54]]
[234, 0]
[235, [2, 6, 9, 18, 32, 72, 96]]
[236, [2, 8, 9, 16, 27, 48, 54, 72]]
[237, 0]
[238, [2, 6, 8, 24, 36, 54, 108]]
[239, [3, 6, 8, 12, 16, 18, 32, 48, 96]]
[240, [3, 6, 8, 16, 18, 24, 27, 36, 48, 54]]
[241, 0]
[242, [2, 6, 16, 18, 24, 32, 48, 96]]
[243, [3, 6, 8, 9, 16, 27, 48, 54, 72]]
[244, [3, 4, 9, 12, 18, 36, 54, 108]]
[245, 0]
[246, [4, 6, 8, 9, 12, 18, 27, 36, 54, 72]]
[247, [3, 4, 9, 18, 24, 27, 36, 54, 72]]
[248, 0]
[249, [3, 4, 8, 12, 24, 36, 54, 108]]
[250, 0]
[251, [3, 4, 8, 12, 24, 32, 72, 96]]
[252, 0]
[253, [4, 6, 8, 12, 16, 18, 24, 27, 36, 48, 54]]
[254, [2, 9, 12, 18, 24, 27, 36, 54, 72]]
[255, 0]
[256, [4, 6, 8, 9, 12, 16, 27, 48, 54, 72]]
[257, [3, 4, 9, 16, 24, 27, 48, 54, 72]]
[258, 0]
[259, [2, 8, 9, 18, 24, 36, 54, 108]]
[260, [2, 4, 18, 32, 36, 72, 96]]
[261, [3, 6, 9, 12, 18, 24, 27, 36, 54, 72]]
[262, 0]
[263, [2, 6, 9, 18, 36, 48, 144]]
[264, [2, 9, 12, 16, 24, 27, 48, 54, 72]]
[265, 0]
[266, [4, 6, 8, 9, 12, 18, 27, 32, 54, 96]]
[267, [4, 6, 8, 9, 12, 16, 32, 36, 48, 96]]
[268, [3, 4, 8, 16, 27, 36, 48, 54, 72]]
[269, [2, 8, 9, 16, 24, 48, 54, 108]]
[270, [2, 4, 16, 32, 48, 72, 96]]
[271, [3, 6, 9, 12, 16, 24, 27, 48, 54, 72]]
[272, 0]
[273, 0]
[274, [2, 9, 12, 18, 24, 27, 32, 54, 96]]
[275, [2, 8, 12, 16, 27, 36, 48, 54, 72]]
[276, [3, 6, 8, 9, 16, 24, 48, 54, 108]]
[277, [3, 4, 6, 16, 32, 48, 72, 96]]
[278, [3, 4, 8, 18, 27, 32, 36, 54, 96]]
[279, [4, 6, 8, 9, 12, 18, 24, 36, 54, 108]]
[280, 0]
[281, [3, 6, 9, 12, 18, 24, 27, 32, 54, 96]]
[282, [3, 6, 8, 12, 16, 27, 36, 48, 54, 72]]
[283, 0]
[284, [2, 6, 12, 16, 32, 48, 72, 96]]
[285, [2, 6, 16, 24, 27, 36, 48, 54, 72]]
[286, 0]
[287, 0]
[288, [3, 4, 8, 16, 27, 32, 48, 54, 96]]
[289, [4, 6, 8, 9, 12, 16, 24, 48, 54, 108]]
[290, 0]
[291, [2, 6, 16, 18, 24, 27, 54, 144]]
[292, [3, 6, 8, 12, 18, 27, 32, 36, 54, 96]]
[293, [3, 4, 8, 18, 24, 32, 36, 72, 96]]
[294, [3, 4, 8, 9, 36, 54, 72, 108]]
[295, [2, 6, 18, 24, 27, 32, 36, 54, 96]]
[296, [3, 4, 12, 16, 24, 27, 36, 48, 54, 72]]
[297, [2, 4, 18, 27, 48, 54, 144]]
[298, [4, 6, 8, 9, 16, 18, 27, 36, 48, 54, 72]]
[299, 0]
[300, [2, 8, 12, 18, 24, 32, 36, 72, 96]]
[301, [3, 4, 8, 16, 24, 36, 48, 54, 108]]
[302, [3, 6, 8, 12, 16, 27, 32, 48, 54, 96]]
[303, [3, 8, 9, 12, 16, 18, 27, 36, 48, 54, 72]]
[304, [3, 4, 6, 18, 27, 48, 54, 144]]
[305, [2, 6, 16, 24, 27, 32, 48, 54, 96]]
[306, [2, 9, 16, 18, 24, 27, 36, 48, 54, 72]]
[307, [3, 6, 8, 12, 18, 24, 32, 36, 72, 96]]
[308, [2, 8, 12, 16, 24, 36, 48, 54, 108]]
[309, [3, 4, 9, 12, 27, 32, 54, 72, 96]]
[310, [2, 8, 12, 16, 24, 32, 48, 72, 96]]
[311, [2, 6, 9, 24, 36, 54, 72, 108]]
[312, [3, 6, 9, 12, 16, 18, 32, 48, 72, 96]]
[313, [3, 6, 9, 16, 18, 24, 27, 36, 48, 54, 72]]
[314, [3, 4, 8, 9, 32, 54, 96, 108]]
[315, [3, 6, 8, 12, 16, 24, 36, 48, 54, 108]]
[316, [3, 4, 12, 16, 24, 27, 32, 48, 54, 96]]
[317, [3, 6, 8, 12, 16, 24, 32, 48, 72, 96]]
[318, [4, 6, 8, 9, 16, 18, 27, 32, 48, 54, 96]]
[319, [3, 4, 6, 18, 24, 48, 72, 144]]
[320, [2, 6, 9, 24, 27, 36, 216]]
[321, [2, 8, 9, 12, 32, 54, 96, 108]]
[322, [3, 4, 9, 12, 24, 36, 54, 72, 108]]
[323, [3, 8, 9, 12, 16, 18, 27, 32, 48, 54, 96]]
[324, [2, 8, 9, 24, 27, 32, 54, 72, 96]]
[325, [2, 6, 9, 16, 36, 64, 192]]
[326, [4, 6, 9, 12, 16, 18, 24, 27, 36, 48, 54, 72]]
[327, 0]
[328, [3, 6, 8, 9, 12, 32, 54, 96, 108]]
[329, [3, 4, 8, 16, 18, 24, 64, 192]]
[330, [3, 4, 6, 27, 32, 36, 54, 72, 96]]
[331, [3, 6, 8, 9, 24, 27, 32, 54, 72, 96]]
[332, 0]
[333, [3, 6, 9, 16, 18, 24, 27, 32, 48, 54, 96]]
[334, 0]
[335, 0]
[336, [3, 8, 9, 12, 16, 18, 24, 36, 48, 54, 108]]
[337, [2, 8, 16, 18, 27, 32, 36, 48, 54, 96]]
[338, [3, 8, 9, 12, 16, 18, 24, 32, 48, 72, 96]]
[339, 0]
[340, [2, 4, 16, 27, 48, 81, 162]]
[341, [2, 6, 9, 24, 36, 48, 72, 144]]
[342, [3, 4, 9, 12, 24, 32, 54, 96, 108]]
[343, [3, 6, 8, 12, 16, 18, 24, 64, 192]]
[344, [3, 6, 8, 16, 18, 27, 32, 36, 48, 54, 96]]
[345, [3, 6, 8, 12, 16, 18, 48, 54, 72, 108]]
[346, [4, 6, 9, 12, 16, 18, 24, 27, 32, 48, 54, 96]]
[347, [3, 4, 9, 16, 18, 27, 54, 72, 144]]
[348, [2, 6, 16, 18, 24, 48, 54, 72, 108]]
[349, [3, 4, 8, 12, 16, 54, 108, 144]]
[350, [2, 6, 9, 18, 27, 72, 216]]
[351, [3, 4, 9, 18, 27, 32, 36, 54, 72, 96]]
[352, [2, 8, 16, 18, 24, 32, 36, 48, 72, 96]]
[353, [2, 8, 9, 16, 36, 48, 54, 72, 108]]
[354, [2, 9, 12, 16, 18, 27, 54, 72, 144]]
[355, [2, 6, 8, 24, 27, 72, 216]]
[356, [3, 4, 8, 24, 27, 32, 36, 54, 72, 96]]
[357, [4, 6, 8, 12, 16, 18, 27, 32, 36, 48, 54, 96]]
[358, [3, 4, 16, 18, 24, 27, 32, 36, 48, 54, 96]]
[359, [3, 6, 8, 16, 18, 24, 32, 36, 48, 72, 96]]
[360, [3, 6, 8, 9, 16, 36, 48, 54, 72, 108]]
[361, [3, 4, 9, 16, 27, 32, 48, 54, 72, 96]]
[362, [2, 8, 9, 16, 27, 36, 48, 216]]
[363, [2, 8, 12, 24, 27, 32, 36, 54, 72, 96]]
[364, [3, 4, 8, 9, 36, 48, 64, 192]]
[365, [2, 12, 16, 18, 24, 27, 32, 36, 48, 54, 96]]
[366, [3, 6, 8, 12, 16, 24, 27, 54, 72, 144]]
[367, 0]
[368, [2, 9, 12, 16, 27, 32, 48, 54, 72, 96]]
[369, [3, 6, 8, 9, 16, 27, 36, 48, 216]]
[370, [3, 6, 8, 12, 24, 27, 32, 36, 54, 72, 96]]
[371, [4, 6, 8, 9, 12, 16, 24, 36, 64, 192]]
[372, [3, 6, 12, 16, 18, 24, 27, 32, 36, 48, 54, 96]]
[373, [4, 6, 8, 9, 12, 16, 36, 48, 54, 72, 108]]
[374, [3, 4, 9, 16, 24, 36, 48, 54, 72, 108]]
[375, [3, 6, 9, 12, 16, 27, 32, 48, 54, 72, 96]]
[376, [2, 8, 9, 18, 24, 27, 72, 216]]
[377, [3, 6, 8, 12, 16, 24, 32, 36, 96, 144]]
[378, [3, 6, 8, 9, 12, 36, 48, 64, 192]]
[379, [4, 6, 8, 9, 12, 16, 18, 54, 108, 144]]
[380, [3, 6, 8, 9, 16, 32, 48, 54, 96, 108]]
[381, [2, 9, 12, 16, 24, 36, 48, 54, 72, 108]]
[382, [4, 6, 8, 9, 16, 18, 24, 27, 54, 72, 144]]
[383, [4, 6, 8, 9, 12, 18, 32, 36, 54, 96, 108]]
[384, [3, 4, 9, 18, 24, 32, 36, 54, 96, 108]]
[385, [2, 4, 16, 27, 48, 72, 216]]
[386, [4, 6, 8, 9, 18, 24, 27, 32, 36, 54, 72, 96]]
[387, [3, 8, 9, 12, 16, 18, 24, 27, 54, 72, 144]]
[388, [3, 6, 9, 12, 16, 24, 36, 48, 54, 72, 108]]
[389, [2, 6, 16, 27, 32, 36, 48, 54, 72, 96]]
[390, [2, 9, 12, 16, 24, 27, 36, 48, 216]]
[391, [3, 8, 9, 12, 18, 24, 27, 32, 36, 54, 72, 96]]
[392, [2, 3, 36, 81, 108, 162]]
[393, [4, 6, 8, 9, 12, 16, 32, 48, 54, 96, 108]]
[394, [3, 4, 9, 16, 24, 32, 48, 54, 96, 108]]
[395, [2, 6, 16, 18, 27, 32, 54, 96, 144]]
[396, [4, 6, 8, 9, 16, 24, 27, 32, 48, 54, 72, 96]]
[397, [3, 6, 9, 12, 16, 24, 27, 36, 48, 216]]
[398, [3, 6, 9, 12, 18, 24, 32, 36, 54, 96, 108]]
[399, [3, 4, 8, 9, 24, 81, 108, 162]]
[400, [3, 4, 12, 16, 27, 32, 36, 48, 54, 72, 96]]
[401, [3, 8, 9, 12, 16, 24, 27, 32, 48, 54, 72, 96]]
[402, [4, 6, 8, 9, 12, 18, 27, 48, 54, 72, 144]]
[403, [3, 4, 9, 18, 24, 27, 48, 54, 72, 144]]
[404, [2, 6, 8, 16, 48, 108, 216]]
[405, [3, 4, 8, 16, 32, 36, 48, 54, 96, 108]]
[406, [3, 4, 12, 16, 18, 27, 32, 54, 96, 144]]
[407, [3, 6, 8, 12, 16, 18, 32, 72, 96, 144]]
[408, [3, 6, 9, 12, 16, 24, 32, 48, 54, 96, 108]]
[409, [2, 9, 12, 16, 18, 24, 64, 72, 192]]
[410, [2, 9, 16, 18, 27, 32, 36, 48, 54, 72, 96]]
[411, [2, 6, 9, 16, 54, 72, 108, 144]]
[412, [2, 8, 12, 16, 32, 36, 48, 54, 96, 108]]
[413, [4, 6, 8, 9, 12, 18, 32, 36, 48, 96, 144]]
[414, [3, 4, 8, 18, 27, 36, 48, 54, 72, 144]]
[415, [2, 8, 16, 24, 27, 32, 36, 48, 54, 72, 96]]
[416, [2, 4, 18, 32, 48, 72, 96, 144]]
[417, [3, 6, 9, 16, 18, 27, 32, 36, 48, 54, 72, 96]]
[418, [3, 4, 8, 16, 24, 27, 48, 72, 216]]
[419, [3, 6, 8, 12, 16, 32, 36, 48, 54, 96, 108]]
[420, [2, 8, 12, 16, 18, 36, 64, 72, 192]]
[421, [4, 6, 8, 12, 16, 18, 24, 27, 36, 54, 72, 144]]
[422, [3, 6, 8, 16, 24, 27, 32, 36, 48, 54, 72, 96]]
[423, [3, 4, 6, 18, 32, 48, 72, 96, 144]]
[424, [2, 6, 9, 27, 32, 36, 96, 216]]
[425, [2, 8, 9, 16, 27, 48, 72, 81, 162]]
[426, [2, 8, 12, 18, 24, 32, 54, 72, 96, 108]]
[427, [2, 6, 8, 24, 36, 81, 108, 162]]
[428, [3, 6, 8, 12, 18, 27, 36, 48, 54, 72, 144]]
[429, [3, 6, 8, 16, 18, 24, 27, 36, 48, 81, 162]]
[430, [4, 6, 9, 12, 16, 18, 27, 32, 36, 48, 54, 72, 96]]
[431, [2, 6, 18, 24, 27, 36, 48, 54, 72, 144]]
[432, [3, 6, 8, 9, 16, 27, 48, 72, 81, 162]]
[433, [3, 4, 12, 16, 24, 32, 36, 48, 54, 96, 108]]
[434, [3, 4, 8, 18, 27, 32, 48, 54, 96, 144]]
[435, [4, 6, 8, 12, 16, 24, 27, 32, 36, 48, 54, 72, 96]]
[436, [3, 4, 9, 16, 24, 32, 36, 72, 96, 144]]
[437, [2, 8, 9, 16, 24, 54, 72, 108, 144]]
[438, [3, 4, 8, 12, 24, 36, 81, 108, 162]]
[439, 0]
[440, [3, 8, 9, 12, 16, 18, 32, 36, 48, 54, 96, 108]]
[441, [2, 8, 9, 24, 32, 36, 54, 72, 96, 108]]
[442, [3, 4, 12, 18, 24, 27, 36, 48, 54, 72, 144]]
[443, [3, 8, 9, 16, 18, 24, 27, 32, 36, 48, 54, 72, 96]]
[444, [3, 6, 8, 9, 16, 24, 54, 72, 108, 144]]
[445, [2, 6, 9, 32, 36, 48, 72, 96, 144]]
[446, [3, 4, 9, 16, 24, 27, 48, 72, 81, 162]]
[447, [3, 4, 8, 18, 24, 36, 48, 54, 108, 144]]
[448, [3, 6, 8, 9, 24, 32, 36, 54, 72, 96, 108]]
[449, [3, 4, 8, 18, 24, 32, 48, 72, 96, 144]]
[450, [3, 6, 9, 16, 18, 24, 32, 36, 48, 54, 96, 108]]
[451, [2, 6, 18, 24, 27, 32, 48, 54, 96, 144]]
[452, [2, 6, 16, 18, 32, 48, 54, 72, 96, 108]]
[453, [2, 9, 12, 16, 24, 27, 48, 72, 81, 162]]
[454, [2, 8, 12, 18, 24, 36, 48, 54, 108, 144]]
[455, [4, 6, 8, 9, 12, 18, 27, 32, 81, 96, 162]]
[456, [4, 8, 9, 12, 16, 18, 24, 27, 32, 36, 48, 54, 72, 96]]
[457, [4, 6, 8, 9, 12, 16, 24, 54, 72, 108, 144]]
[458, [2, 8, 9, 16, 24, 48, 81, 108, 162]]
[459, [2, 6, 8, 27, 32, 72, 96, 216]]
[460, [3, 6, 9, 12, 16, 24, 27, 48, 72, 81, 162]]
[461, [4, 6, 8, 9, 12, 24, 32, 36, 54, 72, 96, 108]]
[462, [3, 4, 12, 18, 24, 27, 32, 48, 54, 96, 144]]
[463, [4, 6, 9, 12, 16, 18, 24, 32, 36, 48, 54, 96, 108]]
[464, [3, 4, 9, 16, 18, 36, 54, 72, 108, 144]]
[465, [3, 6, 8, 9, 16, 24, 48, 81, 108, 162]]
[466, [4, 6, 8, 9, 12, 16, 24, 27, 144, 216]]
[467, [2, 6, 9, 24, 48, 54, 72, 108, 144]]
[468, [4, 6, 8, 9, 12, 18, 24, 36, 81, 108, 162]]
[469, [3, 4, 8, 16, 24, 36, 54, 72, 108, 144]]
[470, [3, 6, 8, 12, 16, 27, 32, 54, 72, 96, 144]]
[471, [2, 8, 9, 24, 32, 36, 48, 72, 96, 144]]
[472, [2, 9, 12, 16, 24, 27, 54, 64, 72, 192]]
[473, [2, 6, 16, 24, 27, 32, 54, 72, 96, 144]]
[474, [2, 6, 16, 24, 27, 36, 48, 72, 81, 162]]
[475, [4, 6, 8, 9, 12, 16, 32, 36, 64, 96, 192]]
[476, [4, 6, 8, 9, 12, 27, 32, 36, 48, 54, 96, 144]]
[477, [3, 4, 9, 24, 27, 32, 36, 48, 54, 96, 144]]
[478, [2, 8, 16, 18, 24, 32, 48, 54, 72, 96, 108]]
[479, [2, 4, 27, 32, 48, 54, 72, 96, 144]]
[480, [2, 6, 16, 18, 24, 27, 81, 144, 162]]
[481, [3, 6, 8, 12, 18, 27, 32, 36, 81, 96, 162]]
[482, [3, 4, 12, 18, 24, 27, 36, 48, 54, 64, 192]]
[483, [3, 6, 8, 12, 16, 24, 36, 54, 72, 108, 144]]
[484, [2, 9, 12, 24, 27, 32, 36, 48, 54, 96, 144]]
[485, [3, 6, 8, 16, 18, 24, 32, 48, 54, 72, 96, 108]]
[486, [4, 6, 8, 9, 16, 18, 27, 32, 54, 72, 96, 144]]
[487, [4, 6, 8, 9, 16, 18, 27, 36, 48, 72, 81, 162]]
[488, [2, 8, 9, 16, 27, 48, 54, 108, 216]]
[489, [3, 4, 8, 12, 36, 48, 54, 72, 108, 144]]
[490, [3, 4, 8, 16, 24, 36, 48, 81, 108, 162]]
[491, [3, 6, 9, 12, 24, 27, 32, 36, 48, 54, 96, 144]]
[492, [3, 6, 9, 12, 16, 32, 36, 48, 54, 72, 96, 108]]
[493, [2, 6, 12, 27, 32, 48, 54, 72, 96, 144]]
[494, [2, 9, 16, 18, 24, 27, 32, 54, 72, 96, 144]]
[495, [2, 9, 16, 18, 24, 27, 36, 48, 72, 81, 162]]
[496, [2, 8, 12, 16, 24, 32, 54, 96, 108, 144]]
[497, [2, 8, 12, 16, 24, 36, 48, 81, 108, 162]]
[498, [4, 6, 8, 12, 16, 18, 24, 32, 48, 54, 72, 96, 108]]
[499, [4, 6, 8, 9, 16, 18, 24, 36, 54, 72, 108, 144]]
[500, [2, 6, 9, 24, 36, 72, 81, 108, 162]]
[501, [3, 6, 9, 16, 18, 24, 27, 32, 54, 72, 96, 144]]
[502, [3, 6, 9, 16, 18, 24, 27, 36, 48, 72, 81, 162]]
[503, [3, 6, 8, 12, 16, 24, 32, 54, 96, 108, 144]]
[504, [3, 8, 9, 12, 16, 18, 24, 36, 54, 72, 108, 144]]
[505, [2, 8, 16, 18, 27, 32, 36, 54, 72, 96, 144]]
[506, [3, 6, 8, 9, 18, 36, 48, 54, 72, 108, 144]]
[507, [3, 4, 9, 18, 27, 32, 48, 54, 72, 96, 144]]
[508, [2, 4, 16, 27, 72, 81, 144, 162]]
[509, [3, 4, 8, 12, 32, 48, 54, 96, 108, 144]]
[510, [2, 8, 9, 12, 32, 81, 96, 108, 162]]
[511, [2, 8, 9, 24, 27, 36, 54, 81, 108, 162]]
[512, [3, 6, 8, 16, 18, 27, 32, 36, 54, 72, 96, 144]]
[513, [4, 6, 8, 9, 16, 24, 32, 36, 48, 54, 72, 96, 108]]
[514, [4, 6, 9, 12, 16, 18, 24, 27, 32, 54, 72, 96, 144]]
[515, [4, 6, 9, 12, 16, 18, 24, 27, 36, 48, 72, 81, 162]]
[516, [2, 8, 12, 16, 24, 36, 54, 64, 108, 192]]
[517, [3, 6, 8, 9, 12, 32, 81, 96, 108, 162]]
[518, [3, 8, 9, 12, 16, 24, 32, 36, 48, 54, 72, 96, 108]]
[519, [2, 8, 12, 24, 27, 32, 48, 54, 72, 96, 144]]
[520, [3, 4, 9, 18, 24, 36, 48, 54, 72, 108, 144]]
[521, [3, 6, 9, 12, 18, 27, 32, 48, 54, 72, 96, 144]]
[522, [3, 6, 9, 16, 18, 24, 27, 32, 48, 81, 96, 162]]
[523, [3, 4, 12, 16, 18, 32, 36, 54, 96, 108, 144]]
[524, [3, 8, 9, 12, 16, 18, 24, 32, 54, 96, 108, 144]]
[525, [4, 6, 8, 12, 16, 18, 27, 32, 36, 54, 72, 96, 144]]
[526, [3, 4, 16, 18, 24, 27, 32, 36, 54, 72, 96, 144]]
[527, [2, 9, 12, 18, 24, 36, 48, 54, 72, 108, 144]]
[528, [4, 6, 8, 9, 12, 18, 27, 36, 48, 144, 216]]
[529, [3, 4, 8, 12, 36, 48, 54, 64, 108, 192]]
[530, [3, 4, 9, 16, 18, 36, 48, 72, 108, 216]]
[531, [4, 6, 8, 9, 12, 24, 27, 36, 54, 81, 108, 162]]
[532, [3, 4, 8, 24, 27, 36, 48, 54, 64, 72, 192]]
[533, [2, 12, 16, 18, 24, 27, 32, 36, 54, 72, 96, 144]]
[534, [3, 6, 9, 12, 18, 24, 36, 48, 54, 72, 108, 144]]
[535, [2, 6, 18, 27, 32, 36, 48, 54, 72, 96, 144]]
[536, [3, 4, 9, 16, 18, 27, 72, 81, 144, 162]]
[537, [2, 6, 16, 18, 24, 48, 72, 81, 108, 162]]
[538, [2, 8, 16, 18, 24, 32, 36, 54, 96, 108, 144]]
[539, [4, 6, 8, 9, 12, 18, 32, 48, 54, 96, 108, 144]]
[540, [3, 6, 12, 16, 18, 24, 27, 32, 36, 54, 72, 96, 144]]
[541, [2, 8, 9, 16, 32, 54, 72, 96, 108, 144]]
[542, [4, 6, 8, 9, 18, 24, 27, 32, 48, 54, 72, 96, 144]]
[543, [2, 9, 12, 16, 18, 27, 72, 81, 144, 162]]
[544, [3, 8, 9, 12, 16, 18, 24, 36, 54, 64, 108, 192]]
[545, [3, 6, 8, 16, 18, 24, 32, 36, 54, 96, 108, 144]]
[546, [3, 4, 12, 18, 27, 32, 36, 48, 54, 72, 96, 144]]
[547, [3, 8, 9, 12, 18, 24, 27, 32, 48, 54, 72, 96, 144]]
[548, [3, 6, 8, 9, 16, 32, 54, 72, 96, 108, 144]]
[549, [3, 6, 8, 9, 16, 36, 48, 72, 81, 108, 162]]
[550, [3, 4, 9, 16, 27, 32, 48, 72, 81, 96, 162]]
[551, [3, 4, 8, 18, 32, 36, 48, 54, 96, 108, 144]]
[552, [2, 8, 12, 24, 27, 32, 36, 72, 81, 96, 162]]
[553, [3, 6, 8, 12, 16, 18, 54, 64, 72, 108, 192]]
[554, [3, 6, 9, 12, 18, 24, 32, 48, 54, 96, 108, 144]]
[555, [3, 6, 8, 16, 18, 24, 27, 48, 54, 81, 108, 162]]
[556, [2, 6, 16, 18, 24, 54, 64, 72, 108, 192]]
[557, [2, 9, 12, 16, 27, 32, 48, 72, 81, 96, 162]]
[558, [4, 6, 8, 12, 16, 18, 24, 32, 36, 54, 96, 108, 144]]
[559, [3, 6, 8, 12, 24, 27, 32, 36, 72, 81, 96, 162]]
[560, [2, 8, 16, 18, 24, 32, 36, 64, 72, 96, 192]]
[561, [2, 8, 18, 24, 27, 32, 36, 48, 54, 72, 96, 144]]
[562, [3, 4, 9, 16, 24, 32, 54, 72, 96, 108, 144]]
[563, [3, 4, 9, 16, 24, 36, 48, 72, 81, 108, 162]]
[564, [3, 6, 9, 12, 16, 27, 32, 48, 72, 81, 96, 162]]
[565, [3, 6, 8, 12, 18, 32, 36, 48, 54, 96, 108, 144]]
[566, [3, 4, 16, 18, 24, 27, 32, 36, 54, 64, 96, 192]]
[567, [3, 8, 9, 12, 18, 24, 27, 36, 48, 54, 64, 72, 192]]
[568, [3, 6, 8, 18, 24, 27, 32, 36, 48, 54, 72, 96, 144]]
[569, [2, 9, 12, 16, 24, 32, 54, 72, 96, 108, 144]]
[570, [2, 9, 12, 16, 24, 36, 48, 72, 81, 108, 162]]
[571, [2, 6, 9, 32, 48, 54, 72, 96, 108, 144]]
[572, [4, 6, 8, 9, 12, 18, 32, 36, 81, 96, 108, 162]]
[573, [3, 4, 8, 16, 32, 36, 54, 72, 96, 108, 144]]
[574, [3, 6, 9, 12, 18, 24, 36, 48, 54, 64, 108, 192]]
[575, [4, 6, 8, 9, 18, 24, 27, 32, 36, 72, 81, 96, 162]]
[576, [3, 6, 9, 12, 16, 24, 32, 54, 72, 96, 108, 144]]
[577, [3, 6, 9, 12, 16, 24, 36, 48, 72, 81, 108, 162]]
[578, [2, 6, 16, 27, 32, 36, 48, 72, 81, 96, 162]]
[579, [3, 4, 12, 18, 24, 32, 36, 48, 54, 96, 108, 144]]
[580, [2, 8, 12, 16, 32, 36, 54, 72, 96, 108, 144]]
[581, [4, 6, 8, 12, 18, 24, 27, 32, 36, 48, 54, 72, 96, 144]]
[582, [3, 4, 9, 12, 32, 48, 54, 72, 96, 108, 144]]
[583, [4, 6, 8, 9, 16, 24, 27, 36, 48, 54, 81, 108, 162]]
[584, [2, 6, 16, 18, 27, 32, 81, 96, 144, 162]]
[585, [4, 6, 8, 9, 16, 24, 27, 32, 48, 72, 81, 96, 162]]
[586, [3, 4, 12, 18, 27, 32, 36, 48, 54, 64, 96, 192]]
[587, [3, 6, 8, 12, 16, 32, 36, 54, 72, 96, 108, 144]]
[588, [3, 8, 9, 12, 16, 24, 27, 36, 48, 54, 81, 108, 162]]
[589, [3, 4, 12, 16, 27, 32, 36, 48, 72, 81, 96, 162]]
[590, [2, 6, 16, 24, 32, 36, 54, 72, 96, 108, 144]]
[591, [4, 6, 8, 9, 12, 18, 27, 48, 72, 81, 144, 162]]
[592, [3, 4, 9, 18, 24, 27, 48, 72, 81, 144, 162]]
[593, [3, 4, 8, 18, 27, 32, 54, 81, 96, 108, 162]]
[594, [3, 4, 8, 16, 32, 36, 48, 81, 96, 108, 162]]
[595, [3, 4, 12, 16, 18, 27, 32, 81, 96, 144, 162]]
[596, [2, 4, 32, 36, 48, 54, 72, 96, 108, 144]]
[597, [2, 8, 9, 24, 32, 48, 54, 72, 96, 108, 144]]
[598, [3, 6, 8, 9, 16, 36, 48, 64, 72, 144, 192]]
[599, [2, 9, 16, 18, 27, 32, 36, 48, 72, 81, 96, 162]]
[600, [2, 6, 16, 24, 27, 48, 54, 72, 81, 108, 162]]
[601, [3, 4, 12, 16, 24, 32, 36, 54, 72, 96, 108, 144]]
[602, [2, 8, 12, 18, 24, 48, 54, 64, 72, 108, 192]]
[603, [4, 6, 8, 9, 16, 18, 32, 36, 54, 72, 96, 108, 144]]
[604, [3, 6, 8, 9, 24, 32, 48, 54, 72, 96, 108, 144]]
[605, [2, 4, 27, 32, 36, 48, 96, 144, 216]]
[606, [3, 6, 9, 16, 18, 27, 32, 36, 48, 72, 81, 96, 162]]
[607, [3, 6, 8, 12, 18, 27, 32, 54, 81, 96, 108, 162]]
[608, [3, 8, 9, 12, 16, 18, 32, 36, 54, 72, 96, 108, 144]]
[609, [3, 8, 9, 12, 16, 24, 27, 32, 54, 64, 72, 96, 192]]
[610, [2, 6, 12, 32, 36, 48, 54, 72, 96, 108, 144]]
[611, [2, 9, 16, 18, 24, 32, 36, 54, 72, 96, 108, 144]]
[612, [3, 4, 9, 16, 24, 36, 48, 64, 72, 144, 192]]
[613, [4, 6, 8, 9, 16, 18, 27, 48, 54, 72, 81, 108, 162]]
[614, [3, 6, 8, 9, 16, 32, 48, 72, 96, 108, 216]]
[615, [2, 8, 9, 27, 32, 36, 54, 81, 96, 108, 162]]
[616, [3, 6, 9, 12, 16, 24, 32, 54, 64, 96, 108, 192]]
[617, [4, 6, 8, 9, 12, 24, 32, 48, 54, 72, 96, 108, 144]]
[618, [3, 6, 9, 16, 18, 24, 32, 36, 54, 72, 96, 108, 144]]
[619, [4, 6, 9, 12, 16, 18, 27, 32, 36, 48, 72, 81, 96, 162]]
[620, [2, 6, 18, 24, 27, 36, 48, 72, 81, 144, 162]]
[621, [2, 9, 16, 18, 24, 27, 48, 54, 72, 81, 108, 162]]
[622, [3, 4, 12, 16, 24, 32, 36, 48, 81, 96, 108, 162]]
[623, [3, 4, 8, 18, 27, 32, 48, 81, 96, 144, 162]]
[624, [3, 4, 9, 18, 32, 36, 48, 54, 72, 96, 108, 144]]
[625, [2, 4, 16, 36, 72, 81, 108, 144, 162]]
[626, [2, 8, 9, 16, 24, 72, 81, 108, 144, 162]]
[627, [3, 6, 8, 12, 16, 32, 36, 54, 64, 96, 108, 192]]
[628, [3, 6, 9, 16, 18, 24, 27, 48, 54, 72, 81, 108, 162]]
[629, [3, 4, 8, 24, 32, 36, 48, 54, 72, 96, 108, 144]]
[630, [2, 8, 9, 24, 32, 36, 72, 81, 96, 108, 162]]
[631, [4, 6, 9, 12, 16, 18, 24, 32, 36, 54, 72, 96, 108, 144]]
[632, [3, 8, 9, 16, 18, 24, 27, 32, 36, 48, 72, 81, 96, 162]]
[633, [3, 6, 8, 9, 16, 24, 72, 81, 108, 144, 162]]
[634, [4, 6, 8, 9, 16, 18, 24, 27, 54, 108, 144, 216]]
[635, [4, 6, 8, 9, 12, 27, 32, 36, 54, 81, 96, 108, 162]]
[636, [2, 8, 12, 24, 32, 36, 48, 54, 72, 96, 108, 144]]
[637, [3, 6, 8, 9, 24, 32, 36, 72, 81, 96, 108, 162]]
[638, [3, 6, 9, 12, 18, 32, 36, 48, 54, 72, 96, 108, 144]]
[639, [3, 6, 8, 16, 18, 27, 36, 48, 54, 72, 81, 108, 162]]
[640, [2, 6, 18, 24, 27, 32, 48, 81, 96, 144, 162]]
[641, [4, 6, 9, 12, 16, 18, 24, 27, 48, 54, 72, 81, 108, 162]]
[642, [3, 4, 8, 18, 27, 32, 54, 64, 96, 144, 192]]
[643, [3, 6, 8, 12, 24, 32, 36, 48, 54, 72, 96, 108, 144]]
[644, [3, 6, 8, 9, 24, 32, 48, 54, 64, 96, 108, 192]]
[645, [4, 8, 9, 12, 16, 18, 24, 27, 32, 36, 48, 72, 81, 96, 162]]
[646, [3, 6, 9, 12, 16, 24, 27, 54, 81, 108, 144, 162]]
[647, [3, 6, 9, 12, 18, 27, 32, 36, 48, 96, 144, 216]]
[648, [3, 8, 9, 12, 16, 18, 32, 36, 54, 64, 96, 108, 192]]
[649, [2, 6, 16, 24, 27, 48, 54, 64, 72, 144, 192]]
[650, [3, 6, 9, 12, 24, 27, 32, 36, 54, 81, 96, 108, 162]]
[651, [3, 4, 12, 18, 24, 27, 32, 48, 81, 96, 144, 162]]
[652, [4, 6, 8, 12, 16, 18, 27, 36, 48, 54, 72, 81, 108, 162]]
[653, [3, 4, 16, 18, 24, 27, 36, 48, 54, 72, 81, 108, 162]]
[654, [3, 4, 9, 16, 24, 27, 64, 72, 81, 162, 192]]
[655, [3, 4, 8, 18, 24, 36, 54, 64, 108, 144, 192]]
[656, [2, 6, 9, 24, 48, 72, 81, 108, 144, 162]]
[657, [3, 6, 8, 12, 16, 27, 36, 54, 81, 108, 144, 162]]
[658, [3, 4, 8, 16, 24, 36, 72, 81, 108, 144, 162]]
[659, [4, 6, 8, 9, 18, 24, 32, 36, 48, 54, 72, 96, 108, 144]]
[660, [2, 12, 16, 18, 24, 27, 36, 48, 54, 72, 81, 108, 162]]
[661, [2, 9, 12, 16, 24, 27, 64, 72, 81, 162, 192]]
[662, [2, 6, 16, 24, 27, 32, 72, 81, 96, 144, 162]]
[663, [2, 6, 9, 27, 48, 64, 72, 81, 162, 192]]
[664, [3, 8, 9, 12, 18, 24, 32, 36, 48, 54, 72, 96, 108, 144]]
[665, [4, 6, 8, 9, 12, 27, 32, 36, 48, 81, 96, 144, 162]]
[666, [3, 4, 9, 18, 27, 32, 54, 72, 81, 96, 108, 162]]
[667, [3, 6, 12, 16, 18, 24, 27, 36, 48, 54, 72, 81, 108, 162]]
[668, [2, 4, 27, 32, 48, 72, 81, 96, 144, 162]]
[669, [3, 4, 8, 24, 32, 36, 48, 54, 64, 96, 108, 192]]
[670, [2, 9, 16, 18, 24, 27, 48, 54, 64, 72, 144, 192]]
[671, [3, 4, 8, 24, 27, 32, 54, 72, 81, 96, 108, 162]]
[672, [4, 6, 8, 12, 16, 18, 27, 32, 48, 54, 81, 96, 108, 162]]
[673, [3, 4, 16, 18, 24, 27, 32, 48, 54, 81, 96, 108, 162]]
[674, [3, 6, 8, 16, 18, 24, 32, 48, 72, 81, 96, 108, 162]]
[675, [4, 6, 8, 9, 16, 18, 27, 32, 72, 81, 96, 144, 162]]
[676, [2, 8, 12, 24, 32, 36, 48, 54, 64, 96, 108, 192]]
[677, [3, 6, 9, 16, 18, 24, 27, 48, 54, 64, 72, 144, 192]]
[678, [2, 8, 12, 24, 27, 32, 54, 72, 81, 96, 108, 162]]
[679, [2, 8, 9, 24, 32, 36, 64, 72, 96, 144, 192]]
[680, [2, 12, 16, 18, 24, 27, 32, 48, 54, 81, 96, 108, 162]]
[681, [3, 6, 9, 12, 16, 32, 36, 48, 72, 81, 96, 108, 162]]
[682, [2, 6, 12, 27, 32, 48, 72, 81, 96, 144, 162]]
[683, [2, 9, 16, 18, 24, 27, 32, 72, 81, 96, 144, 162]]
[684, [4, 6, 8, 9, 12, 27, 32, 36, 54, 64, 96, 144, 192]]
[685, [3, 6, 8, 12, 24, 27, 32, 54, 72, 81, 96, 108, 162]]
[686, [2, 8, 16, 18, 24, 32, 54, 64, 72, 96, 108, 192]]
[687, [3, 6, 12, 16, 18, 24, 27, 32, 48, 54, 81, 96, 108, 162]]
[688, [3, 6, 9, 16, 18, 24, 27, 36, 54, 81, 108, 144, 162]]
[689, [2, 8, 9, 24, 27, 48, 64, 72, 81, 162, 192]]
[690, [3, 6, 9, 16, 18, 24, 27, 32, 72, 81, 96, 144, 162]]
[691, [3, 6, 9, 12, 16, 24, 27, 54, 72, 108, 144, 216]]
[692, [3, 8, 9, 12, 16, 27, 32, 36, 48, 54, 81, 96, 108, 162]]
[693, [3, 8, 9, 12, 16, 18, 24, 36, 72, 81, 108, 144, 162]]
[694, [2, 6, 18, 27, 32, 36, 54, 72, 81, 96, 108, 162]]
[695, [2, 9, 16, 24, 27, 32, 36, 48, 54, 81, 96, 108, 162]]
[696, [3, 4, 9, 18, 27, 32, 48, 72, 81, 96, 144, 162]]
[697, [3, 4, 8, 12, 36, 54, 64, 72, 108, 144, 192]]
[698, [3, 4, 8, 12, 32, 48, 81, 96, 108, 144, 162]]
[699, [3, 4, 8, 24, 27, 36, 48, 54, 81, 108, 144, 162]]
[700, [3, 6, 9, 12, 16, 32, 36, 54, 64, 72, 96, 108, 192]]
[701, [4, 6, 8, 9, 18, 24, 27, 32, 54, 72, 81, 96, 108, 162]]
[702, [3, 6, 9, 16, 24, 27, 32, 36, 48, 54, 81, 96, 108, 162]]
[703, [4, 6, 9, 12, 16, 18, 24, 27, 32, 72, 81, 96, 144, 162]]
[704, [2, 6, 16, 27, 32, 48, 54, 72, 81, 96, 108, 162]]
[705, [3, 4, 12, 18, 27, 32, 36, 54, 72, 81, 96, 108, 162]]
[706, [3, 8, 9, 12, 18, 24, 27, 32, 54, 72, 81, 96, 108, 162]]
[707, [3, 8, 9, 12, 16, 24, 32, 36, 48, 72, 81, 96, 108, 162]]
[708, [2, 8, 12, 24, 27, 32, 48, 72, 81, 96, 144, 162]]
[709, [3, 4, 9, 18, 24, 36, 48, 72, 81, 108, 144, 162]]
[710, [3, 6, 9, 12, 18, 27, 32, 48, 72, 81, 96, 144, 162]]
[711, [3, 4, 9, 24, 27, 32, 36, 48, 72, 96, 144, 216]]
[712, [3, 4, 12, 16, 18, 32, 36, 81, 96, 108, 144, 162]]
[713, [3, 6, 8, 12, 24, 27, 36, 48, 54, 81, 108, 144, 162]]
[714, [4, 6, 8, 12, 16, 18, 27, 32, 36, 72, 81, 96, 144, 162]]
[715, [4, 6, 9, 12, 16, 24, 27, 32, 36, 48, 54, 81, 96, 108, 162]]
[716, [2, 9, 12, 18, 24, 36, 48, 72, 81, 108, 144, 162]]
[717, [2, 8, 9, 16, 48, 54, 64, 72, 108, 144, 192]]
[718, [3, 4, 8, 12, 36, 48, 64, 81, 108, 162, 192]]
[719, [3, 6, 8, 9, 24, 27, 48, 54, 72, 108, 144, 216]]
[720, [2, 8, 18, 24, 27, 32, 36, 54, 72, 81, 96, 108, 162]]
[721, [4, 6, 8, 9, 16, 24, 32, 36, 54, 64, 72, 96, 108, 192]]
[722, [2, 12, 16, 18, 24, 27, 32, 36, 72, 81, 96, 144, 162]]
[723, [3, 6, 9, 12, 18, 24, 36, 48, 72, 81, 108, 144, 162]]
[724, [2, 6, 18, 27, 32, 36, 48, 72, 81, 96, 144, 162]]
[725, [2, 9, 16, 18, 27, 32, 48, 54, 72, 81, 96, 108, 162]]
[726, [3, 8, 9, 12, 16, 24, 32, 36, 54, 64, 72, 96, 108, 192]]
[727, [3, 6, 8, 18, 24, 27, 32, 36, 54, 72, 81, 96, 108, 162]]
[728, [4, 6, 8, 9, 12, 18, 32, 48, 81, 96, 108, 144, 162]]
[729, [3, 6, 12, 16, 18, 24, 27, 32, 36, 72, 81, 96, 144, 162]]
[730, [2, 8, 16, 24, 27, 32, 48, 54, 72, 81, 96, 108, 162]]
[731, [4, 6, 8, 9, 18, 24, 27, 32, 48, 72, 81, 96, 144, 162]]
[732, [3, 6, 9, 16, 18, 27, 32, 48, 54, 72, 81, 96, 108, 162]]
[733, [3, 8, 9, 12, 16, 18, 24, 36, 64, 81, 108, 162, 192]]
[734, [3, 8, 9, 12, 18, 24, 27, 36, 48, 54, 81, 108, 144, 162]]
[735, [3, 4, 12, 18, 27, 32, 36, 48, 72, 81, 96, 144, 162]]
[736, [3, 8, 9, 12, 18, 24, 27, 32, 48, 72, 81, 96, 144, 162]]
[737, [3, 6, 8, 16, 24, 27, 32, 48, 54, 72, 81, 96, 108, 162]]
[738, [3, 4, 9, 16, 24, 48, 54, 64, 72, 108, 144, 192]]
[739, [3, 4, 9, 18, 27, 36, 48, 54, 72, 108, 144, 216]]
[740, [4, 6, 8, 12, 18, 24, 27, 32, 36, 54, 72, 81, 96, 108, 162]]
[741, [4, 6, 8, 9, 12, 32, 36, 48, 54, 64, 72, 96, 108, 192]]
[742, [3, 4, 9, 24, 32, 36, 48, 54, 64, 72, 96, 108, 192]]
[743, [3, 6, 8, 12, 18, 27, 48, 54, 72, 81, 108, 144, 162]]
[744, [2, 9, 16, 24, 27, 32, 36, 48, 54, 64, 96, 144, 192]]
[745, [4, 6, 9, 12, 16, 18, 27, 32, 48, 54, 72, 81, 96, 108, 162]]
[746, [2, 6, 18, 24, 27, 48, 54, 72, 81, 108, 144, 162]]
[747, [4, 6, 8, 12, 16, 18, 24, 32, 36, 81, 96, 108, 144, 162]]
[748, [3, 4, 9, 18, 24, 32, 54, 64, 96, 108, 144, 192]]
[749, [2, 9, 12, 24, 32, 36, 48, 54, 64, 72, 96, 108, 192]]
[750, [4, 6, 8, 12, 16, 24, 27, 32, 48, 54, 72, 81, 96, 108, 162]]
[751, [4, 6, 8, 9, 16, 24, 27, 36, 54, 72, 81, 108, 144, 162]]
[752, [3, 6, 9, 12, 16, 24, 48, 54, 64, 72, 108, 144, 192]]
[753, [2, 6, 16, 27, 32, 48, 54, 64, 72, 96, 144, 192]]
[754, [3, 6, 8, 12, 18, 32, 36, 48, 81, 96, 108, 144, 162]]
[755, [3, 8, 9, 12, 18, 24, 27, 32, 54, 64, 72, 96, 144, 192]]
[756, [3, 8, 9, 12, 16, 24, 27, 36, 54, 72, 81, 108, 144, 162]]
[757, [3, 4, 16, 18, 27, 32, 36, 48, 54, 72, 81, 96, 108, 162]]
[758, [3, 8, 9, 16, 18, 24, 27, 32, 48, 54, 72, 81, 96, 108, 162]]
[759, [3, 4, 8, 18, 32, 36, 54, 64, 96, 108, 144, 192]]
[760, [2, 6, 9, 32, 48, 72, 81, 96, 108, 144, 162]]
[761, [3, 6, 9, 12, 16, 24, 27, 48, 64, 144, 192, 216]]
[762, [3, 4, 8, 16, 32, 36, 72, 81, 96, 108, 144, 162]]
[763, [3, 6, 8, 12, 16, 36, 48, 54, 64, 72, 108, 144, 192]]
[764, [2, 12, 16, 18, 27, 32, 36, 48, 54, 72, 81, 96, 108, 162]]
[765, [3, 6, 9, 12, 16, 24, 32, 72, 81, 96, 108, 144, 162]]
[766, [2, 6, 16, 24, 36, 48, 54, 64, 72, 108, 144, 192]]
[767, [4, 6, 9, 12, 16, 18, 24, 27, 36, 48, 81, 108, 162, 216]]
[768, [3, 4, 12, 18, 24, 32, 36, 48, 81, 96, 108, 144, 162]]
[769, [2, 8, 12, 16, 32, 36, 72, 81, 96, 108, 144, 162]]
[770, [4, 6, 8, 12, 18, 24, 27, 32, 36, 48, 72, 81, 96, 144, 162]]
[771, [4, 8, 9, 12, 16, 18, 24, 27, 32, 48, 54, 72, 81, 96, 108, 162]]
[772, [3, 4, 9, 24, 27, 36, 48, 54, 72, 81, 108, 144, 162]]
[773, [3, 6, 8, 12, 18, 32, 36, 54, 64, 96, 108, 144, 192]]
[774, [2, 9, 16, 18, 27, 32, 48, 54, 64, 72, 96, 144, 192]]
[775, [3, 4, 12, 16, 27, 32, 36, 54, 81, 96, 108, 144, 162]]
[776, [3, 8, 9, 12, 16, 24, 27, 32, 54, 81, 96, 108, 144, 162]]
[777, [3, 4, 12, 16, 24, 36, 48, 54, 64, 72, 108, 144, 192]]
[778, [3, 6, 8, 9, 27, 32, 48, 54, 81, 96, 108, 144, 162]]
[779, [2, 9, 12, 24, 27, 36, 48, 54, 72, 81, 108, 144, 162]]
[780, [2, 6, 9, 36, 48, 64, 72, 81, 108, 162, 192]]
[781, [3, 6, 9, 16, 18, 27, 32, 48, 54, 64, 72, 96, 144, 192]]
[782, [3, 4, 8, 18, 32, 36, 54, 72, 81, 96, 162, 216]]
[783, [3, 6, 8, 12, 16, 32, 48, 54, 64, 96, 108, 144, 192]]
[784, [3, 8, 9, 12, 16, 18, 36, 48, 54, 64, 72, 108, 144, 192]]
[785, [2, 9, 16, 18, 27, 32, 36, 54, 81, 96, 108, 144, 162]]
[786, [3, 6, 9, 12, 24, 27, 36, 48, 54, 72, 81, 108, 144, 162]]
[787, [2, 9, 16, 18, 24, 36, 48, 54, 64, 72, 108, 144, 192]]
[788, [3, 6, 9, 12, 18, 24, 32, 48, 72, 96, 108, 144, 216]]
[789, [4, 6, 8, 12, 18, 24, 27, 32, 36, 54, 64, 72, 96, 144, 192]]
[790, [2, 8, 16, 24, 27, 32, 36, 54, 81, 96, 108, 144, 162]]
[791, [4, 6, 8, 9, 12, 27, 32, 48, 54, 81, 96, 108, 144, 162]]
[792, [4, 6, 8, 16, 18, 24, 27, 32, 36, 48, 54, 72, 81, 96, 108, 162]]
[793, [3, 6, 8, 9, 24, 32, 48, 72, 81, 96, 108, 144, 162]]
[794, [4, 6, 9, 12, 16, 18, 27, 32, 48, 54, 64, 72, 96, 144, 192]]
[795, [3, 6, 9, 12, 16, 27, 32, 54, 72, 96, 108, 144, 216]]
[796, [3, 8, 9, 12, 16, 24, 27, 36, 54, 64, 81, 108, 162, 192]]
[797, [3, 8, 12, 16, 18, 24, 27, 32, 36, 48, 54, 72, 81, 96, 108, 162]]
[798, [3, 8, 9, 12, 16, 24, 27, 32, 64, 72, 81, 96, 162, 192]]
[799, [2, 9, 12, 24, 27, 32, 48, 54, 81, 96, 108, 144, 162]]
[800, [2, 9, 16, 18, 24, 32, 36, 72, 81, 96, 108, 144, 162]]
[801, [2, 4, 18, 48, 54, 72, 81, 144, 162, 216]]
[802, [3, 4, 8, 16, 32, 36, 64, 81, 96, 108, 162, 192]]
[803, [3, 4, 8, 27, 32, 36, 48, 54, 81, 96, 108, 144, 162]]
[804, [3, 8, 9, 12, 16, 18, 32, 48, 54, 64, 96, 108, 144, 192]]
[805, [4, 6, 9, 12, 16, 18, 27, 32, 36, 54, 81, 96, 108, 144, 162]]
[806, [3, 6, 9, 12, 24, 27, 32, 48, 54, 81, 96, 108, 144, 162]]
[807, [3, 6, 9, 16, 18, 24, 32, 36, 72, 81, 96, 108, 144, 162]]
[808, [2, 6, 16, 24, 27, 54, 64, 72, 81, 108, 162, 192]]
[809, [2, 8, 12, 16, 32, 36, 64, 81, 96, 108, 162, 192]]
[810, [4, 6, 8, 12, 16, 24, 27, 32, 36, 54, 81, 96, 108, 144, 162]]
[811, [3, 4, 6, 32, 36, 54, 64, 72, 96, 108, 144, 192]]
[812, [3, 6, 8, 9, 24, 32, 54, 64, 72, 96, 108, 144, 192]]
[813, [3, 4, 9, 18, 32, 36, 48, 72, 81, 96, 108, 144, 162]]
[814, [3, 6, 9, 16, 18, 24, 32, 48, 54, 64, 96, 108, 144, 192]]
[815, [2, 6, 12, 18, 48, 54, 72, 81, 144, 162, 216]]
[816, [3, 6, 8, 12, 16, 32, 36, 64, 81, 96, 108, 162, 192]]
[817, [3, 6, 8, 12, 27, 32, 36, 48, 54, 81, 96, 108, 144, 162]]
[818, [3, 8, 9, 16, 18, 24, 27, 32, 36, 54, 81, 96, 108, 144, 162]]
[819, [3, 6, 8, 16, 24, 27, 32, 36, 64, 72, 81, 96, 162, 192]]
[820, [2, 6, 24, 27, 32, 36, 48, 54, 81, 96, 108, 144, 162]]
[821, [2, 9, 12, 24, 27, 32, 48, 64, 72, 81, 96, 162, 192]]
[822, [4, 6, 8, 9, 16, 18, 32, 48, 54, 72, 81, 96, 162, 216]]
[823, [3, 6, 8, 9, 27, 32, 48, 54, 72, 96, 108, 144, 216]]
[824, [3, 6, 8, 9, 24, 32, 36, 54, 64, 108, 192, 288]]
[825, [2, 8, 12, 24, 32, 36, 48, 72, 81, 96, 108, 144, 162]]
[826, [3, 6, 9, 12, 24, 27, 36, 48, 54, 64, 81, 108, 162, 192]]
[827, [3, 6, 9, 12, 18, 32, 36, 48, 72, 81, 96, 108, 144, 162]]
[828, [3, 6, 9, 12, 24, 27, 32, 48, 64, 72, 81, 96, 162, 192]]
[829, [2, 9, 16, 18, 24, 27, 54, 64, 72, 81, 108, 162, 192]]
[830, [3, 4, 12, 16, 24, 32, 36, 64, 81, 96, 108, 162, 192]]
[831, [4, 8, 9, 12, 16, 18, 24, 27, 32, 36, 54, 81, 96, 108, 144, 162]]
[832, [3, 6, 8, 12, 24, 32, 36, 48, 72, 81, 96, 108, 144, 162]]
[833, [4, 6, 8, 9, 18, 27, 32, 36, 48, 54, 81, 96, 108, 144, 162]]
[834, [2, 8, 12, 18, 27, 32, 72, 81, 96, 108, 162, 216]]
[835, [3, 6, 8, 12, 16, 27, 48, 64, 72, 81, 144, 162, 192]]
[836, [3, 6, 9, 16, 18, 24, 27, 54, 64, 72, 81, 108, 162, 192]]
[837, [3, 4, 8, 24, 32, 36, 54, 64, 72, 96, 108, 144, 192]]
[838, [3, 8, 9, 12, 18, 27, 32, 36, 48, 54, 81, 96, 108, 144, 162]]
[839, [3, 4, 16, 18, 24, 32, 36, 48, 54, 64, 96, 108, 144, 192]]
[840, [4, 6, 8, 12, 16, 18, 27, 32, 54, 72, 81, 96, 108, 144, 162]]
[841, [2, 9, 18, 24, 27, 32, 36, 48, 54, 81, 96, 108, 144, 162]]
[842, [3, 4, 9, 16, 32, 48, 54, 64, 72, 96, 108, 144, 192]]
[843, [4, 6, 8, 9, 12, 18, 27, 48, 81, 108, 144, 162, 216]]
[844, [2, 8, 12, 24, 32, 36, 54, 64, 72, 96, 108, 144, 192]]
[845, [3, 6, 8, 12, 18, 27, 32, 64, 81, 96, 144, 162, 192]]
[846, [3, 8, 12, 16, 18, 24, 27, 32, 36, 48, 54, 64, 72, 96, 144, 192]]
[847, [3, 6, 8, 16, 18, 27, 36, 54, 64, 72, 81, 108, 162, 192]]
[848, [3, 6, 9, 18, 24, 27, 32, 36, 48, 54, 81, 96, 108, 144, 162]]
[849, [2, 9, 12, 16, 32, 48, 54, 64, 72, 96, 108, 144, 192]]
[850, [2, 6, 18, 27, 32, 48, 54, 72, 81, 96, 108, 144, 162]]
[851, [3, 6, 8, 12, 24, 32, 36, 54, 64, 72, 96, 108, 144, 192]]
[852, [3, 4, 8, 16, 32, 36, 54, 81, 96, 144, 162, 216]]
[853, [3, 8, 9, 12, 18, 24, 32, 36, 48, 72, 81, 96, 108, 144, 162]]
[854, [2, 8, 12, 24, 27, 48, 54, 64, 72, 81, 108, 162, 192]]
[855, [3, 6, 12, 16, 18, 24, 27, 32, 54, 72, 81, 96, 108, 144, 162]]
[856, [3, 6, 9, 12, 16, 32, 48, 54, 64, 72, 96, 108, 144, 192]]
[857, [3, 4, 9, 24, 27, 36, 48, 54, 64, 72, 108, 192, 216]]
[858, [3, 4, 8, 24, 32, 36, 48, 64, 81, 96, 108, 162, 192]]
[859, [2, 9, 16, 18, 24, 27, 48, 64, 72, 81, 144, 162, 192]]
[860, [3, 8, 9, 12, 16, 27, 32, 36, 54, 72, 81, 96, 108, 144, 162]]
[861, [4, 6, 9, 12, 18, 24, 27, 32, 36, 48, 54, 81, 96, 108, 144, 162]]
[862, [3, 6, 8, 12, 27, 32, 36, 48, 54, 72, 96, 108, 144, 216]]
[863, [2, 9, 16, 24, 27, 32, 36, 54, 72, 81, 96, 108, 144, 162]]
[864, [2, 6, 9, 24, 64, 72, 81, 108, 144, 162, 192]]
[865, [2, 8, 12, 24, 32, 36, 48, 64, 81, 96, 108, 162, 192]]
[866, [3, 6, 9, 16, 18, 24, 27, 48, 64, 72, 81, 144, 162, 192]]
[867, [4, 6, 8, 9, 18, 24, 32, 36, 54, 64, 72, 96, 108, 144, 192]]
[868, [2, 12, 16, 18, 24, 27, 36, 54, 64, 72, 81, 108, 162, 192]]
[869, [2, 12, 16, 18, 24, 32, 36, 48, 54, 72, 81, 96, 162, 216]]
[870, [3, 6, 9, 16, 24, 27, 32, 36, 54, 72, 81, 96, 108, 144, 162]]
[871, [4, 6, 9, 12, 16, 18, 27, 32, 36, 48, 81, 96, 108, 162, 216]]
[872, [3, 8, 9, 12, 18, 24, 32, 36, 54, 64, 72, 96, 108, 144, 192]]
[873, [4, 6, 8, 9, 12, 27, 32, 36, 64, 81, 96, 144, 162, 192]]
[874, [3, 4, 9, 24, 27, 32, 36, 64, 81, 96, 144, 162, 192]]
[875, [3, 6, 12, 16, 18, 24, 27, 36, 54, 64, 72, 81, 108, 162, 192]]
[876, [2, 8, 18, 24, 27, 32, 48, 54, 72, 81, 96, 108, 144, 162]]
[877, [4, 6, 8, 9, 16, 24, 32, 48, 54, 64, 72, 96, 108, 144, 192]]
[878, [4, 6, 8, 9, 18, 27, 32, 36, 48, 54, 72, 96, 108, 144, 216]]
[879, [4, 6, 9, 12, 16, 18, 24, 27, 48, 64, 72, 81, 144, 162, 192]]
[880, [4, 6, 8, 12, 16, 18, 27, 32, 54, 64, 81, 96, 108, 162, 192]]
[881, [3, 4, 12, 16, 32, 36, 48, 54, 64, 72, 96, 108, 144, 192]]
[882, [3, 8, 9, 12, 16, 24, 32, 48, 54, 64, 72, 96, 108, 144, 192]]
[883, [4, 6, 9, 12, 16, 24, 27, 32, 36, 54, 72, 81, 96, 108, 144, 162]]
[884, [4, 6, 8, 9, 16, 18, 24, 48, 64, 81, 108, 144, 162, 192]]
[885, [2, 9, 16, 18, 24, 32, 36, 64, 72, 96, 108, 192, 216]]
[886, [3, 4, 8, 12, 36, 64, 72, 81, 108, 144, 162, 192]]
[887, [3, 8, 9, 12, 16, 18, 32, 36, 54, 81, 96, 144, 162, 216]]
[888, [4, 6, 8, 9, 18, 24, 32, 36, 48, 64, 81, 96, 108, 162, 192]]
[889, [3, 6, 9, 12, 16, 32, 36, 64, 72, 81, 96, 108, 162, 192]]
[890, [3, 6, 9, 12, 27, 32, 36, 48, 54, 72, 81, 96, 108, 144, 162]]
[891, [2, 9, 16, 18, 32, 36, 48, 54, 64, 72, 96, 108, 144, 192]]
[892, [3, 6, 9, 16, 18, 24, 32, 36, 64, 72, 96, 108, 192, 216]]
[893, [3, 8, 9, 12, 18, 24, 32, 36, 48, 64, 81, 96, 108, 162, 192]]
[894, [2, 6, 16, 24, 27, 36, 72, 81, 108, 144, 162, 216]]
[895, [3, 6, 12, 16, 18, 24, 27, 32, 54, 64, 81, 96, 108, 162, 192]]
[896, [4, 6, 8, 12, 18, 24, 27, 32, 48, 54, 72, 81, 96, 108, 144, 162]]
[897, [3, 6, 8, 16, 18, 27, 32, 48, 64, 81, 96, 144, 162, 192]]
[898, [3, 6, 9, 16, 18, 32, 36, 48, 54, 64, 72, 96, 108, 144, 192]]
[899, [2, 6, 16, 18, 32, 54, 72, 81, 96, 144, 162, 216]]
[900, [3, 8, 9, 12, 16, 27, 32, 36, 54, 64, 81, 96, 108, 162, 192]]
[901, [3, 4, 12, 18, 27, 32, 48, 54, 64, 81, 96, 108, 162, 192]]
[902, [3, 6, 8, 12, 18, 32, 48, 64, 72, 81, 96, 108, 162, 192]]
[903, [3, 6, 8, 16, 24, 32, 36, 48, 54, 64, 72, 96, 108, 144, 192]]
[904, [3, 4, 9, 18, 27, 32, 64, 72, 81, 96, 144, 162, 192]]
[905, [2, 6, 18, 24, 32, 48, 64, 72, 81, 96, 108, 162, 192]]
[906, [2, 8, 9, 16, 48, 64, 72, 81, 108, 144, 162, 192]]
[907, [3, 4, 8, 24, 27, 36, 54, 64, 81, 108, 144, 162, 192]]
[908, [3, 4, 8, 24, 32, 36, 48, 54, 81, 96, 144, 162, 216]]
[909, [3, 4, 8, 24, 27, 32, 64, 72, 81, 96, 144, 162, 192]]
[910, [3, 6, 9, 16, 24, 27, 32, 36, 54, 64, 81, 96, 108, 162, 192]]
[911, [4, 6, 8, 9, 24, 27, 32, 36, 48, 54, 72, 81, 96, 108, 144, 162]]
[912, [2, 6, 16, 27, 32, 54, 64, 72, 81, 96, 108, 162, 192]]
[913, [3, 6, 8, 9, 16, 48, 64, 72, 81, 108, 144, 162, 192]]
[914, [2, 8, 12, 24, 27, 36, 54, 64, 81, 108, 144, 162, 192]]
[915, [3, 8, 9, 12, 16, 24, 32, 36, 64, 72, 81, 96, 108, 162, 192]]
[916, [3, 8, 9, 12, 24, 27, 32, 36, 48, 54, 72, 81, 96, 108, 144, 162]]
[917, [3, 6, 8, 9, 32, 36, 48, 64, 72, 81, 96, 108, 162, 192]]
[918, [2, 12, 16, 18, 24, 27, 32, 48, 64, 81, 96, 144, 162, 192]]
[919, [2, 9, 12, 16, 27, 48, 54, 64, 81, 108, 144, 162, 192]]
[920, [2, 4, 27, 32, 48, 81, 96, 108, 144, 162, 216]]
[921, [3, 6, 8, 12, 24, 27, 36, 54, 64, 81, 108, 144, 162, 192]]
[922, [3, 6, 8, 12, 24, 32, 36, 48, 54, 81, 96, 144, 162, 216]]
[923, [4, 6, 9, 12, 16, 24, 27, 32, 36, 54, 64, 81, 96, 108, 162, 192]]
[924, [3, 8, 9, 16, 18, 24, 32, 36, 48, 54, 64, 72, 96, 108, 144, 192]]
[925, [3, 6, 12, 16, 18, 24, 27, 32, 48, 64, 81, 96, 144, 162, 192]]
[926, [3, 6, 9, 12, 16, 27, 48, 54, 64, 81, 108, 144, 162, 192]]
[927, [3, 4, 9, 16, 24, 48, 64, 72, 81, 108, 144, 162, 192]]
[928, [3, 4, 9, 18, 27, 36, 48, 72, 81, 108, 144, 162, 216]]
[929, [2, 9, 16, 24, 27, 32, 36, 48, 72, 81, 96, 108, 162, 216]]
[930, [3, 6, 9, 12, 27, 32, 36, 48, 54, 64, 81, 96, 108, 162, 192]]
[931, [3, 4, 9, 24, 32, 36, 48, 64, 72, 81, 96, 108, 162, 192]]
[932, [2, 6, 18, 27, 32, 36, 64, 72, 81, 96, 144, 162, 192]]
[933, [2, 9, 16, 18, 27, 32, 54, 64, 72, 81, 96, 108, 162, 192]]
[934, [2, 9, 12, 16, 24, 48, 64, 72, 81, 108, 144, 162, 192]]
[935, [4, 6, 9, 12, 16, 18, 24, 27, 36, 72, 81, 108, 144, 162, 216]]
[936, [4, 6, 8, 12, 18, 24, 27, 32, 48, 54, 64, 81, 96, 108, 162, 192]]
[937, [4, 8, 9, 12, 16, 18, 24, 32, 36, 48, 54, 64, 72, 96, 108, 144, 192]]
[938, [2, 9, 12, 24, 32, 36, 48, 64, 72, 81, 96, 108, 162, 192]]
[939, [4, 6, 8, 9, 18, 24, 27, 32, 64, 72, 81, 96, 144, 162, 192]]
[940, [3, 6, 9, 16, 18, 27, 32, 54, 64, 72, 81, 96, 108, 162, 192]]
[941, [3, 6, 9, 12, 16, 24, 48, 64, 72, 81, 108, 144, 162, 192]]
[942, [2, 6, 16, 27, 32, 48, 64, 72, 81, 96, 144, 162, 192]]
[943, [3, 4, 12, 18, 27, 32, 36, 64, 72, 81, 96, 144, 162, 192]]
[944, [3, 8, 9, 12, 18, 24, 27, 32, 64, 72, 81, 96, 144, 162, 192]]
[945, [3, 6, 9, 12, 24, 32, 36, 48, 64, 72, 81, 96, 108, 162, 192]]
[946, [2, 8, 16, 18, 27, 32, 36, 81, 96, 108, 144, 162, 216]]
[947, [4, 6, 8, 9, 16, 24, 27, 48, 54, 64, 81, 108, 144, 162, 192]]
[948, [3, 4, 8, 18, 32, 36, 64, 81, 96, 108, 144, 162, 192]]
[949, [4, 6, 9, 12, 16, 24, 27, 32, 36, 48, 72, 81, 96, 108, 162, 216]]
[950, [3, 4, 12, 16, 18, 32, 54, 64, 81, 96, 162, 192, 216]]
[951, [4, 6, 8, 9, 24, 27, 32, 36, 48, 54, 64, 81, 96, 108, 162, 192]]
[952, [3, 8, 9, 12, 16, 24, 27, 48, 54, 64, 81, 108, 144, 162, 192]]
[953, [4, 6, 9, 12, 16, 18, 27, 32, 54, 64, 72, 81, 96, 108, 162, 192]]
[954, [2, 6, 18, 24, 27, 54, 64, 72, 81, 108, 144, 162, 192]]
[955, [2, 6, 16, 24, 36, 48, 64, 72, 81, 108, 144, 162, 192]]
[956, [3, 8, 9, 12, 24, 27, 32, 36, 48, 54, 64, 81, 96, 108, 162, 192]]
[957, [3, 4, 9, 16, 27, 48, 54, 64, 72, 108, 144, 192, 216]]
[958, [4, 6, 8, 12, 16, 24, 27, 32, 54, 64, 72, 81, 96, 108, 162, 192]]
[959, [2, 8, 9, 27, 36, 54, 64, 72, 81, 108, 144, 162, 192]]
[960, [4, 6, 8, 9, 16, 24, 32, 36, 54, 72, 81, 96, 144, 162, 216]]
[961, [2, 9, 16, 18, 27, 36, 48, 54, 64, 81, 108, 144, 162, 192]]
[962, [3, 6, 8, 12, 18, 32, 36, 64, 81, 96, 108, 144, 162, 192]]
[963, [2, 9, 16, 18, 27, 32, 48, 64, 72, 81, 96, 144, 162, 192]]
[964, [2, 9, 12, 16, 27, 48, 54, 64, 72, 108, 144, 192, 216]]
[965, [3, 4, 16, 18, 27, 32, 36, 54, 64, 72, 81, 96, 108, 162, 192]]
[966, [3, 8, 9, 16, 18, 24, 27, 32, 54, 64, 72, 81, 96, 108, 162, 192]]
[967, [3, 6, 8, 9, 32, 36, 48, 54, 72, 81, 96, 144, 162, 216]]
[968, [2, 6, 24, 27, 32, 48, 54, 64, 72, 81, 96, 108, 162, 192]]
[969, [2, 6, 9, 36, 48, 54, 64, 72, 162, 192, 324]]
[970, [3, 6, 9, 16, 18, 27, 32, 48, 64, 72, 81, 96, 144, 162, 192]]
[971, [3, 6, 9, 12, 16, 27, 48, 54, 64, 72, 108, 144, 192, 216]]
[972, [2, 12, 16, 18, 27, 32, 36, 54, 64, 72, 81, 96, 108, 162, 192]]
[973, [3, 6, 8, 16, 24, 27, 36, 48, 54, 64, 81, 108, 144, 162, 192]]
[974, [2, 12, 16, 18, 24, 27, 32, 36, 81, 96, 108, 144, 162, 216]]
[975, [3, 6, 8, 16, 24, 27, 32, 48, 64, 72, 81, 96, 144, 162, 192]]
[976, [2, 9, 16, 18, 24, 36, 48, 64, 72, 81, 108, 144, 162, 192]]
[977, [2, 9, 12, 16, 27, 32, 72, 81, 96, 108, 144, 162, 216]]
[978, [4, 6, 8, 12, 18, 24, 27, 32, 36, 64, 72, 81, 96, 144, 162, 192]]
[979, [4, 8, 9, 12, 16, 18, 24, 27, 32, 54, 64, 72, 81, 96, 108, 162, 192]]
[980, [3, 4, 9, 24, 27, 36, 54, 64, 72, 81, 108, 144, 162, 192]]
[981, [4, 6, 8, 9, 18, 27, 32, 48, 54, 64, 72, 81, 96, 108, 162, 192]]
[982, [4, 6, 8, 9, 18, 24, 27, 36, 54, 64, 72, 108, 144, 192, 216]]
[983, [4, 6, 9, 12, 16, 18, 27, 32, 48, 64, 72, 81, 96, 144, 162, 192]]
[984, [3, 6, 9, 12, 16, 27, 32, 72, 81, 96, 108, 144, 162, 216]]
[985, [3, 6, 9, 16, 24, 27, 32, 36, 48, 64, 72, 96, 144, 192, 216]]
[986, [3, 8, 9, 12, 18, 27, 32, 48, 54, 64, 72, 81, 96, 108, 162, 192]]
[987, [2, 9, 12, 24, 27, 36, 54, 64, 72, 81, 108, 144, 162, 192]]
[988, [4, 6, 8, 12, 16, 24, 27, 32, 48, 64, 72, 81, 96, 144, 162, 192]]
[989, [2, 9, 18, 24, 27, 32, 48, 54, 64, 72, 81, 96, 108, 162, 192]]
[990, [2, 8, 16, 18, 24, 27, 64, 72, 81, 108, 162, 192, 216]]
[991, [3, 4, 8, 18, 36, 48, 54, 64, 72, 96, 108, 192, 288]]
[992, [4, 6, 8, 9, 16, 24, 27, 48, 54, 64, 72, 108, 144, 192, 216]]
[993, [3, 8, 9, 12, 16, 18, 32, 48, 64, 81, 96, 108, 144, 162, 192]]
[994, [3, 8, 9, 16, 18, 24, 27, 36, 48, 54, 64, 81, 108, 144, 162, 192]]
[995, [3, 4, 16, 18, 27, 32, 36, 48, 64, 72, 81, 96, 144, 162, 192]]
[996, [3, 6, 9, 18, 24, 27, 32, 48, 54, 64, 72, 81, 96, 108, 162, 192]]
[997, [3, 8, 9, 12, 16, 24, 27, 48, 54, 64, 72, 108, 144, 192, 216]]
[998, [2, 6, 16, 27, 32, 36, 72, 81, 96, 108, 144, 162, 216]]
[999, [4, 6, 8, 9, 12, 27, 32, 54, 64, 81, 96, 108, 144, 162, 192]]
[1000, [4, 6, 8, 16, 18, 24, 27, 32, 36, 54, 64, 72, 81, 96, 108, 162, 192]]
[1001, [3, 6, 8, 9, 24, 32, 64, 72, 81, 96, 108, 144, 162, 192]]
[1002, [2, 12, 16, 18, 27, 32, 36, 48, 64, 72, 81, 96, 144, 162, 192]]
[1003, [3, 6, 8, 16, 18, 27, 48, 54, 64, 72, 81, 108, 144, 162, 192]]
[1004, [3, 6, 9, 12, 16, 27, 36, 64, 72, 81, 108, 162, 192, 216]]
[1005, [3, 8, 12, 16, 18, 24, 27, 32, 36, 54, 64, 72, 81, 96, 108, 162, 192]]
[1006, [2, 9, 16, 18, 27, 36, 48, 54, 64, 72, 108, 144, 192, 216]]
[1007, [3, 6, 8, 18, 27, 32, 36, 48, 54, 64, 72, 81, 96, 108, 162, 192]]
[1008, [3, 8, 9, 12, 16, 24, 32, 36, 48, 64, 96, 108, 144, 192, 216]]
[1009, [4, 6, 9, 12, 18, 24, 27, 32, 48, 54, 64, 72, 81, 96, 108, 162, 192]]
[1010, [3, 8, 9, 12, 16, 24, 27, 32, 72, 81, 96, 108, 144, 162, 216]]
[1011, [3, 4, 8, 27, 32, 36, 54, 64, 81, 96, 108, 144, 162, 192]]
[1012, [3, 6, 8, 9, 27, 32, 48, 72, 81, 96, 108, 144, 162, 216]]
[1013, [3, 6, 9, 16, 18, 27, 36, 48, 54, 64, 72, 108, 144, 192, 216]]
[1014, [3, 6, 8, 16, 18, 32, 36, 48, 64, 81, 96, 108, 144, 162, 192]]
[1015, [3, 6, 8, 16, 18, 24, 36, 48, 64, 72, 96, 144, 192, 288]]
[1016, [4, 6, 8, 12, 16, 18, 27, 48, 54, 64, 72, 81, 108, 144, 162, 192]]
[1017, [3, 4, 16, 18, 24, 27, 48, 54, 64, 72, 81, 108, 144, 162, 192]]
[1018, [2, 8, 12, 27, 32, 36, 54, 64, 81, 96, 108, 144, 162, 192]]
[1019, [2, 9, 16, 18, 27, 32, 36, 72, 81, 96, 108, 144, 162, 216]]
[1020, [4, 6, 8, 12, 18, 27, 32, 36, 48, 54, 64, 72, 81, 96, 108, 162, 192]]
[1021, [3, 4, 18, 24, 27, 32, 36, 48, 54, 64, 72, 81, 96, 108, 162, 192]]
[1022, [4, 6, 8, 12, 18, 24, 27, 32, 36, 48, 81, 96, 108, 144, 162, 216]]
[1023, [2, 4, 32, 48, 54, 64, 72, 81, 96, 162, 192, 216]]
[1024, [2, 12, 16, 18, 24, 27, 48, 54, 64, 72, 81, 108, 144, 162, 192]]
[1025, [3, 6, 8, 12, 27, 32, 36, 54, 64, 81, 96, 108, 144, 162, 192]]
[1026, [3, 4, 8, 24, 32, 36, 64, 72, 81, 96, 108, 144, 162, 192]]
[1027, [4, 6, 8, 12, 16, 18, 32, 36, 48, 64, 81, 96, 108, 144, 162, 192]]
[1028, [2, 12, 18, 24, 27, 32, 36, 48, 54, 64, 72, 81, 96, 108, 162, 192]]
[1029, [3, 6, 8, 16, 24, 27, 36, 48, 54, 72, 81, 96, 108, 162, 288]]
[1030, [4, 6, 8, 16, 18, 24, 27, 32, 36, 48, 64, 72, 81, 96, 144, 162, 192]]
[1031, [3, 6, 12, 16, 18, 24, 27, 48, 54, 64, 72, 81, 108, 144, 162, 192]]
[1032, [3, 6, 8, 9, 27, 36, 48, 64, 72, 81, 108, 162, 192, 216]]
[1033, [2, 8, 12, 24, 32, 36, 64, 72, 81, 96, 108, 144, 162, 192]]
[1034, [3, 4, 12, 16, 18, 36, 48, 54, 81, 96, 162, 216, 288]]
[1035, [3, 6, 12, 18, 24, 27, 32, 36, 48, 54, 64, 72, 81, 96, 108, 162, 192]]
[1036, [3, 8, 9, 12, 16, 27, 36, 48, 54, 64, 72, 81, 108, 144, 162, 192]]
[1037, [3, 4, 8, 27, 32, 36, 48, 72, 81, 96, 108, 144, 162, 216]]
[1038, [2, 9, 12, 16, 32, 48, 64, 72, 81, 96, 108, 144, 162, 192]]
[1039, [2, 9, 16, 24, 27, 36, 48, 54, 64, 72, 81, 108, 144, 162, 192]]
[1040, [3, 6, 8, 12, 24, 32, 36, 64, 72, 81, 96, 108, 144, 162, 192]]
[1041, [4, 6, 8, 9, 18, 27, 32, 36, 54, 64, 81, 96, 108, 144, 162, 192]]
[1042, [3, 6, 12, 16, 18, 24, 32, 36, 48, 64, 81, 96, 108, 144, 162, 192]]
[1043, [3, 8, 9, 12, 16, 24, 32, 36, 48, 72, 81, 108, 144, 162, 288]]
[1044, [4, 6, 8, 12, 16, 24, 27, 32, 36, 72, 81, 96, 108, 144, 162, 216]]
[1045, [3, 6, 9, 12, 16, 32, 48, 64, 72, 81, 96, 108, 144, 162, 192]]
[1046, [3, 6, 9, 16, 24, 27, 36, 48, 54, 64, 72, 81, 108, 144, 162, 192]]
[1047, [3, 8, 9, 12, 18, 24, 27, 36, 54, 64, 72, 96, 144, 192, 288]]
[1048, [3, 6, 9, 16, 18, 24, 32, 48, 64, 72, 96, 108, 144, 192, 216]]
[1049, [2, 9, 18, 24, 27, 32, 36, 54, 64, 81, 96, 108, 144, 162, 192]]
[1050, [3, 8, 9, 12, 16, 24, 27, 32, 64, 81, 96, 108, 162, 192, 216]]
[1051, [4, 6, 8, 9, 16, 27, 32, 48, 54, 64, 81, 96, 108, 144, 162, 192]]
[1052, [3, 8, 9, 16, 18, 24, 27, 32, 36, 72, 81, 96, 108, 144, 162, 216]]
[1053, [2, 9, 12, 24, 27, 36, 48, 64, 72, 81, 108, 162, 192, 216]]
[1054, [2, 6, 24, 27, 32, 36, 48, 72, 81, 96, 108, 144, 162, 216]]
[1055, [3, 6, 8, 12, 18, 27, 48, 54, 81, 96, 108, 144, 162, 288]]
[1056, [3, 6, 9, 18, 24, 27, 32, 36, 54, 64, 81, 96, 108, 144, 162, 192]]
[1057, [3, 6, 9, 12, 16, 24, 36, 72, 81, 96, 108, 144, 162, 288]]
[1058, [2, 6, 18, 27, 32, 54, 64, 72, 81, 96, 108, 144, 162, 192]]
[1059, [4, 6, 9, 12, 16, 24, 27, 36, 48, 54, 64, 72, 81, 108, 144, 162, 192]]
[1060, [3, 6, 9, 12, 24, 27, 36, 48, 64, 72, 81, 108, 162, 192, 216]]
[1061, [3, 8, 9, 12, 18, 24, 32, 36, 64, 72, 81, 96, 108, 144, 162, 192]]
[1062, [3, 8, 9, 12, 16, 24, 32, 36, 54, 64, 72, 108, 144, 192, 288]]
[1063, [2, 8, 12, 27, 32, 36, 54, 64, 72, 96, 108, 144, 192, 216]]
[1064, [2, 8, 16, 24, 27, 32, 36, 64, 81, 96, 108, 162, 192, 216]]
[1065, [4, 8, 9, 12, 16, 18, 24, 27, 32, 36, 72, 81, 96, 108, 144, 162, 216]]
[1066, [3, 6, 9, 16, 24, 27, 32, 48, 54, 64, 81, 96, 108, 144, 162, 192]]
[1067, [4, 6, 8, 9, 18, 27, 32, 36, 48, 72, 81, 96, 108, 144, 162, 216]]
[1068, [3, 6, 9, 16, 18, 27, 32, 48, 54, 72, 81, 108, 144, 162, 288]]
[1069, [4, 6, 9, 12, 18, 24, 27, 32, 36, 54, 64, 81, 96, 108, 144, 162, 192]]
[1070, [2, 8, 16, 27, 32, 36, 48, 54, 64, 81, 96, 108, 144, 162, 192]]
[1071, [3, 8, 9, 12, 16, 24, 32, 48, 64, 72, 81, 96, 108, 144, 162, 192]]
[1072, [3, 8, 9, 12, 18, 27, 32, 36, 48, 72, 81, 96, 108, 144, 162, 216]]
[1073, [3, 4, 16, 18, 24, 32, 36, 48, 64, 72, 96, 108, 144, 192, 216]]
[1074, [4, 6, 9, 12, 16, 18, 24, 27, 36, 64, 72, 108, 162, 192, 324]]
[1075, [2, 9, 18, 24, 27, 32, 36, 48, 72, 81, 96, 108, 144, 162, 216]]
[1076, [4, 6, 8, 12, 18, 24, 27, 32, 36, 54, 72, 81, 108, 144, 162, 288]]
[1077, [3, 6, 8, 16, 27, 32, 36, 48, 54, 64, 81, 96, 108, 144, 162, 192]]
[1078, [2, 8, 9, 24, 36, 48, 72, 81, 96, 108, 144, 162, 288]]
[1079, [4, 6, 9, 12, 16, 24, 27, 32, 48, 54, 64, 81, 96, 108, 144, 162, 192]]
[1080, [2, 9, 16, 18, 32, 36, 48, 64, 72, 81, 96, 108, 144, 162, 192]]
[1081, [4, 6, 9, 12, 16, 18, 27, 32, 48, 54, 72, 81, 108, 144, 162, 288]]
[1082, [3, 6, 9, 18, 24, 27, 32, 36, 48, 72, 81, 96, 108, 144, 162, 216]]
[1083, [2, 4, 32, 36, 54, 64, 81, 96, 144, 162, 192, 216]]
[1084, [2, 8, 18, 24, 27, 32, 54, 64, 72, 81, 96, 108, 144, 162, 192]]
[1085, [2, 8, 16, 24, 32, 36, 48, 64, 72, 81, 96, 108, 144, 162, 192]]
[1086, [4, 6, 8, 9, 18, 27, 32, 36, 54, 64, 72, 96, 108, 144, 192, 216]]
[1087, [3, 6, 9, 16, 18, 32, 36, 48, 64, 72, 81, 96, 108, 144, 162, 192]]
[1088, [2, 8, 16, 18, 24, 32, 48, 64, 72, 108, 192, 216, 288]]
[1089, [3, 4, 12, 16, 24, 36, 48, 54, 64, 96, 108, 144, 192, 288]]
[1090, [4, 6, 8, 12, 16, 27, 32, 36, 48, 54, 64, 81, 96, 108, 144, 162, 192]]
[1091, [3, 4, 16, 24, 27, 32, 36, 48, 54, 64, 81, 96, 108, 144, 162, 192]]
[1092, [3, 6, 8, 16, 24, 32, 36, 48, 64, 72, 81, 96, 108, 144, 162, 192]]
[1093, [4, 6, 8, 16, 18, 24, 27, 32, 36, 48, 54, 64, 96, 108, 144, 192, 216]]
[1094, [2, 9, 18, 24, 27, 32, 36, 54, 64, 72, 96, 108, 144, 192, 216]]
[1095, [4, 6, 9, 12, 18, 24, 27, 32, 36, 48, 72, 81, 96, 108, 144, 162, 216]]
[1096, [4, 6, 8, 9, 16, 27, 32, 48, 54, 64, 72, 96, 108, 144, 192, 216]]
[1097, [2, 6, 12, 32, 36, 54, 64, 81, 96, 144, 162, 192, 216]]
[1098, [3, 8, 9, 16, 18, 27, 32, 36, 48, 54, 64, 81, 96, 108, 144, 162, 192]]
[1099, [3, 8, 9, 16, 18, 24, 27, 36, 48, 54, 64, 72, 96, 144, 192, 288]]
[1100, [4, 6, 9, 12, 16, 18, 32, 36, 48, 64, 72, 81, 96, 108, 144, 162, 192]]
[1101, [3, 6, 9, 18, 24, 27, 32, 36, 54, 64, 72, 96, 108, 144, 192, 216]]
[1102, [3, 6, 9, 12, 16, 32, 36, 48, 64, 72, 108, 192, 216, 288]]
[1103, [4, 6, 8, 9, 16, 18, 27, 48, 64, 81, 108, 144, 162, 192, 216]]
[1104, [4, 6, 8, 12, 18, 24, 27, 32, 54, 64, 72, 81, 96, 108, 144, 162, 192]]
[1105, [3, 6, 12, 16, 24, 27, 32, 36, 48, 54, 64, 81, 96, 108, 144, 162, 192]]
[1106, [3, 6, 9, 16, 18, 24, 36, 48, 54, 64, 96, 108, 144, 192, 288]]
[1107, [4, 6, 8, 9, 18, 27, 32, 36, 48, 64, 81, 96, 108, 162, 192, 216]]
[1108, [3, 6, 8, 16, 18, 24, 48, 54, 64, 72, 81, 144, 162, 192, 216]]
[1109, [2, 8, 9, 24, 27, 64, 72, 81, 108, 144, 162, 192, 216]]
[1110, [3, 6, 8, 12, 18, 24, 48, 64, 81, 96, 108, 162, 192, 288]]
[1111, [4, 8, 9, 12, 16, 18, 27, 32, 36, 48, 54, 64, 81, 96, 108, 144, 162, 192]]
[1112, [3, 6, 8, 18, 24, 32, 36, 48, 54, 64, 72, 81, 96, 162, 192, 216]]
[1113, [3, 8, 9, 16, 18, 24, 32, 36, 48, 64, 72, 81, 96, 108, 144, 162, 192]]
[1114, [4, 6, 9, 12, 18, 24, 27, 32, 36, 54, 64, 72, 96, 108, 144, 192, 216]]
[1115, [2, 8, 16, 27, 32, 36, 48, 54, 64, 72, 96, 108, 144, 192, 216]]
[1116, [3, 4, 8, 24, 32, 36, 54, 64, 81, 96, 144, 162, 192, 216]]
[1117, [4, 6, 8, 9, 12, 24, 36, 54, 64, 72, 96, 108, 144, 192, 288]]
[1118, [2, 9, 12, 18, 32, 36, 54, 64, 81, 96, 144, 162, 192, 216]]
[1119, [4, 6, 8, 9, 24, 27, 32, 36, 54, 64, 72, 81, 96, 108, 144, 162, 192]]
[1120, [3, 6, 9, 12, 24, 27, 36, 48, 64, 72, 81, 96, 162, 192, 288]]
[1121, [4, 6, 9, 16, 18, 24, 27, 32, 36, 48, 54, 64, 81, 96, 108, 144, 162, 192]]
[1122, [3, 6, 8, 16, 27, 32, 36, 48, 54, 64, 72, 96, 108, 144, 192, 216]]
[1123, [2, 8, 12, 24, 32, 36, 54, 64, 81, 96, 144, 162, 192, 216]]
[1124, [3, 8, 9, 12, 24, 27, 32, 36, 54, 64, 72, 81, 96, 108, 144, 162, 192]]
[1125, [4, 6, 8, 12, 18, 24, 32, 36, 48, 54, 64, 72, 81, 96, 162, 192, 216]]
[1126, [3, 9, 12, 16, 18, 24, 27, 32, 36, 48, 54, 64, 81, 96, 108, 144, 162, 192]]
[1127, [2, 8, 16, 18, 32, 36, 48, 64, 72, 81, 108, 162, 192, 288]]
[1128, [2, 12, 16, 18, 27, 32, 48, 54, 64, 72, 81, 96, 108, 144, 162, 192]]
[1129, [3, 6, 12, 16, 18, 24, 27, 32, 64, 72, 81, 96, 108, 162, 192, 216]]
[1130, [3, 6, 8, 12, 24, 32, 36, 54, 64, 81, 96, 144, 162, 192, 216]]
[1131, [4, 6, 9, 12, 16, 18, 24, 27, 48, 64, 81, 108, 144, 162, 192, 216]]
[1132, [4, 6, 8, 12, 16, 18, 27, 36, 54, 72, 81, 96, 108, 144, 162, 288]]
[1133, [3, 8, 12, 16, 18, 24, 27, 32, 36, 48, 54, 72, 81, 108, 144, 162, 288]]
[1134, [3, 8, 9, 12, 16, 27, 32, 36, 64, 72, 81, 96, 108, 162, 192, 216]]
[1135, [3, 6, 12, 16, 18, 27, 32, 48, 54, 64, 72, 81, 96, 108, 144, 162, 192]]
[1136, [3, 4, 16, 24, 27, 32, 36, 48, 54, 64, 72, 96, 108, 144, 192, 216]]
[1137, [2, 9, 16, 24, 27, 32, 36, 64, 72, 81, 96, 108, 162, 192, 216]]
[1138, [2, 8, 12, 27, 32, 36, 54, 64, 72, 81, 108, 162, 192, 288]]
[1139, [2, 9, 16, 18, 24, 36, 48, 54, 72, 96, 108, 128, 144, 384]]
[1140, [2, 12, 16, 18, 24, 27, 36, 54, 72, 81, 96, 108, 144, 162, 288]]
[1141, [3, 8, 9, 12, 16, 24, 36, 48, 54, 64, 72, 81, 144, 162, 192, 216]]
[1142, [4, 6, 8, 12, 16, 18, 27, 36, 48, 64, 81, 108, 144, 162, 192, 216]]
[1143, [2, 9, 16, 27, 32, 36, 48, 54, 64, 72, 81, 96, 108, 144, 162, 192]]
[1144, [3, 6, 9, 16, 24, 27, 32, 36, 64, 72, 81, 96, 108, 162, 192, 216]]
[1145, [3, 6, 8, 12, 27, 32, 36, 54, 64, 72, 81, 108, 162, 192, 288]]
[1146, [4, 6, 8, 9, 18, 24, 32, 36, 54, 64, 81, 96, 144, 162, 192, 216]]
[1147, [3, 6, 12, 16, 18, 24, 27, 36, 54, 72, 81, 96, 108, 144, 162, 288]]
[1148, [2, 8, 12, 24, 27, 36, 64, 72, 81, 108, 144, 162, 192, 216]]
[1149, [2, 6, 16, 32, 36, 48, 54, 64, 81, 96, 144, 162, 192, 216]]
[1150, [3, 6, 9, 16, 27, 32, 36, 48, 54, 64, 72, 81, 96, 108, 144, 162, 192]]
[1151, [3, 8, 9, 12, 18, 24, 32, 36, 54, 64, 81, 96, 144, 162, 192, 216]]
[1152, [2, 8, 16, 18, 27, 36, 54, 64, 81, 96, 108, 162, 192, 288]]
[1153, [2, 8, 12, 18, 32, 54, 64, 72, 81, 96, 144, 162, 192, 216]]
[1154, [3, 8, 9, 12, 18, 24, 27, 48, 54, 72, 81, 96, 108, 144, 162, 288]]
[1155, [3, 6, 8, 12, 24, 27, 36, 64, 72, 81, 108, 144, 162, 192, 216]]
[1156, [4, 6, 8, 16, 18, 24, 27, 32, 48, 54, 64, 72, 81, 96, 108, 144, 162, 192]]
[1157, [4, 6, 9, 12, 16, 24, 27, 32, 36, 64, 72, 81, 96, 108, 162, 192, 216]]
[1158, [4, 6, 8, 9, 16, 18, 32, 48, 54, 72, 81, 144, 162, 216, 288]]
[1159, [3, 4, 12, 24, 27, 32, 36, 54, 64, 72, 81, 108, 162, 192, 288]]
[1160, [3, 4, 12, 16, 32, 36, 48, 54, 64, 81, 96, 144, 162, 192, 216]]
[1161, [3, 8, 12, 16, 18, 24, 27, 32, 48, 54, 64, 72, 81, 96, 108, 144, 162, 192]]
[1162, [3, 6, 12, 16, 18, 24, 32, 36, 48, 64, 72, 81, 108, 162, 192, 288]]
[1163, [4, 6, 9, 12, 16, 27, 32, 36, 48, 54, 64, 72, 81, 96, 108, 144, 162, 192]]
[1164, [3, 6, 9, 12, 27, 32, 36, 48, 64, 72, 81, 96, 108, 162, 192, 216]]
[1165, [2, 6, 16, 24, 27, 54, 64, 72, 96, 108, 192, 216, 288]]
[1166, [4, 6, 9, 16, 18, 24, 27, 32, 36, 48, 54, 64, 72, 96, 108, 144, 192, 216]]
[1167, [2, 8, 16, 18, 24, 36, 64, 72, 81, 96, 108, 162, 192, 288]]
[1168, [2, 8, 9, 32, 36, 54, 64, 72, 81, 96, 144, 162, 192, 216]]
[1169, [4, 6, 8, 9, 16, 24, 36, 48, 54, 64, 72, 96, 108, 144, 192, 288]]
[1170, [4, 6, 8, 12, 18, 24, 27, 32, 48, 64, 72, 81, 96, 108, 162, 192, 216]]
[1171, [3, 9, 12, 16, 18, 24, 27, 32, 36, 48, 54, 64, 72, 96, 108, 144, 192, 216]]
[1172, [4, 6, 8, 12, 16, 18, 27, 36, 54, 64, 81, 96, 108, 162, 192, 288]]
[1173, [3, 8, 12, 16, 18, 24, 27, 32, 36, 48, 54, 64, 81, 108, 162, 192, 288]]
[1174, [3, 4, 12, 18, 24, 32, 54, 64, 72, 81, 96, 144, 162, 192, 216]]
[1175, [2, 8, 16, 24, 32, 36, 48, 54, 64, 81, 96, 144, 162, 192, 216]]
[1176, [3, 8, 9, 16, 24, 27, 32, 36, 48, 54, 64, 72, 81, 96, 108, 144, 162, 192]]
[1177, [3, 6, 9, 16, 18, 32, 36, 48, 54, 64, 81, 96, 144, 162, 192, 216]]
[1178, [2, 6, 24, 27, 32, 36, 48, 64, 72, 81, 144, 162, 192, 288]]
[1179, [2, 9, 16, 24, 27, 32, 48, 54, 64, 72, 81, 108, 162, 192, 288]]
[1180, [2, 12, 16, 18, 24, 27, 36, 54, 64, 81, 96, 108, 162, 192, 288]]
[1181, [4, 6, 8, 9, 16, 24, 27, 48, 64, 72, 81, 108, 144, 162, 192, 216]]
[1182, [3, 6, 8, 16, 24, 32, 36, 48, 54, 64, 81, 96, 144, 162, 192, 216]]
[1183, [3, 6, 9, 12, 18, 24, 48, 64, 72, 81, 96, 108, 162, 192, 288]]
[1184, [2, 6, 18, 27, 32, 36, 64, 81, 96, 108, 144, 162, 192, 216]]
[1185, [4, 6, 8, 9, 24, 27, 32, 36, 48, 64, 72, 81, 96, 108, 162, 192, 216]]
[1186, [3, 8, 9, 12, 16, 24, 27, 48, 64, 72, 81, 108, 144, 162, 192, 216]]
[1187, [3, 6, 12, 16, 18, 24, 27, 36, 54, 64, 81, 96, 108, 162, 192, 288]]
[1188, [4, 6, 8, 9, 12, 32, 36, 54, 64, 72, 81, 96, 144, 162, 192, 216]]
[1189, [4, 8, 9, 12, 16, 24, 27, 32, 36, 48, 54, 64, 72, 81, 96, 108, 144, 162, 192]]
[1190, [3, 8, 9, 12, 24, 27, 32, 36, 48, 64, 72, 81, 96, 108, 162, 192, 216]]
[1191, [4, 6, 8, 9, 18, 24, 27, 32, 64, 81, 96, 108, 144, 162, 192, 216]]
[1192, [2, 8, 16, 24, 27, 32, 36, 48, 81, 108, 144, 162, 216, 288]]
[1193, [3, 4, 12, 18, 27, 36, 48, 54, 64, 81, 96, 108, 162, 192, 288]]
[1194, [2, 6, 16, 27, 32, 48, 64, 81, 96, 108, 144, 162, 192, 216]]
[1195, [4, 6, 8, 12, 16, 24, 32, 36, 48, 54, 64, 81, 96, 144, 162, 192, 216]]
[1196, [2, 9, 12, 24, 32, 36, 54, 64, 72, 81, 96, 144, 162, 192, 216]]
[1197, [3, 6, 8, 16, 27, 32, 36, 48, 54, 64, 72, 81, 108, 162, 192, 288]]
[1198, [3, 4, 8, 12, 36, 64, 81, 96, 108, 144, 162, 192, 288]]
[1199, [4, 6, 9, 12, 16, 24, 27, 32, 48, 54, 64, 72, 81, 108, 162, 192, 288]]
[1200, [2, 8, 16, 24, 27, 36, 48, 64, 72, 81, 108, 144, 162, 192, 216]]
[1201, [3, 4, 8, 24, 27, 36, 64, 72, 81, 96, 144, 162, 192, 288]]
[1202, [3, 6, 9, 16, 18, 27, 36, 48, 64, 72, 81, 108, 144, 162, 192, 216]]
[1203, [3, 8, 9, 16, 18, 24, 32, 36, 48, 54, 64, 81, 96, 144, 162, 192, 216]]
[1204, [2, 6, 16, 27, 36, 54, 64, 72, 81, 96, 108, 162, 192, 288]]
[1205, [2, 8, 16, 18, 32, 48, 54, 64, 72, 81, 96, 144, 162, 192, 216]]
[1206, [3, 6, 9, 18, 24, 27, 32, 36, 48, 64, 72, 81, 144, 162, 192, 288]]
[1207, [3, 6, 8, 16, 24, 27, 36, 48, 64, 72, 81, 108, 144, 162, 192, 216]]
[1208, [2, 8, 18, 24, 27, 36, 48, 54, 64, 81, 96, 108, 162, 192, 288]]
[1209, [2, 6, 18, 24, 27, 48, 54, 64, 72, 162, 192, 216, 324]]
[1210, [2, 8, 18, 24, 27, 32, 36, 64, 81, 96, 108, 144, 162, 192, 216]]
[1211, [3, 4, 16, 24, 27, 32, 36, 48, 54, 64, 72, 81, 108, 162, 192, 288]]
[1212, [3, 6, 8, 16, 18, 32, 48, 54, 64, 72, 81, 96, 144, 162, 192, 216]]
[1213, [2, 8, 9, 27, 32, 64, 72, 81, 96, 108, 144, 162, 192, 216]]
[1214, [3, 6, 8, 9, 24, 32, 48, 64, 72, 108, 144, 192, 216, 288]]
[1215, [4, 6, 9, 12, 16, 18, 27, 36, 48, 64, 72, 81, 108, 144, 162, 192, 216]]
[1216, [4, 8, 9, 12, 16, 18, 24, 32, 36, 48, 54, 64, 81, 96, 144, 162, 192, 216]]
[1217, [3, 6, 8, 18, 24, 27, 32, 36, 64, 81, 96, 108, 144, 162, 192, 216]]
[1218, [3, 8, 9, 16, 18, 27, 32, 36, 48, 54, 64, 72, 81, 108, 162, 192, 288]]
[1219, [4, 6, 9, 12, 18, 24, 27, 32, 36, 48, 64, 72, 81, 144, 162, 192, 288]]
[1220, [4, 6, 8, 12, 16, 24, 27, 36, 48, 64, 72, 81, 108, 144, 162, 192, 216]]
[1221, [2, 9, 16, 18, 24, 32, 36, 64, 72, 108, 144, 192, 216, 288]]
[1222, [3, 6, 9, 16, 18, 27, 32, 48, 64, 81, 96, 108, 144, 162, 192, 216]]
[1223, [3, 6, 9, 16, 18, 24, 27, 48, 64, 72, 96, 144, 192, 216, 288]]
[1224, [4, 6, 8, 9, 18, 24, 32, 36, 48, 64, 81, 108, 144, 162, 192, 288]]
[1225, [4, 6, 8, 12, 16, 18, 32, 48, 54, 64, 72, 81, 96, 144, 162, 192, 216]]
[1226, [3, 4, 16, 18, 24, 32, 48, 54, 64, 72, 81, 96, 144, 162, 192, 216]]
[1227, [3, 6, 8, 16, 24, 27, 32, 48, 64, 81, 96, 108, 144, 162, 192, 216]]
[1228, [3, 8, 9, 16, 18, 24, 27, 36, 48, 64, 72, 81, 108, 144, 162, 192, 216]]
[1229, [3, 8, 9, 12, 18, 24, 32, 36, 48, 64, 81, 108, 144, 162, 192, 288]]
[1230, [4, 6, 8, 12, 18, 24, 27, 32, 36, 64, 81, 96, 108, 144, 162, 192, 216]]
[1231, [4, 8, 9, 12, 16, 18, 27, 32, 36, 48, 54, 64, 72, 81, 108, 162, 192, 288]]
[1232, [3, 6, 9, 16, 18, 27, 36, 54, 64, 72, 81, 96, 108, 162, 192, 288]]
[1233, [2, 12, 16, 18, 24, 32, 48, 54, 64, 72, 81, 96, 144, 162, 192, 216]]
[1234, [3, 4, 9, 24, 27, 32, 64, 72, 81, 96, 108, 144, 162, 192, 216]]
[1235, [4, 6, 9, 12, 16, 18, 27, 32, 48, 64, 81, 96, 108, 144, 162, 192, 216]]
[1236, [3, 8, 9, 12, 18, 24, 27, 36, 64, 72, 81, 96, 144, 162, 192, 288]]
[1237, [3, 6, 8, 16, 24, 27, 36, 54, 64, 72, 81, 96, 108, 162, 192, 288]]
[1238, [3, 6, 8, 12, 18, 32, 48, 64, 72, 81, 108, 144, 162, 192, 288]]
[1239, [2, 9, 12, 24, 27, 48, 54, 64, 72, 81, 96, 108, 162, 192, 288]]
[1240, [3, 6, 12, 16, 18, 24, 32, 48, 54, 64, 72, 81, 96, 144, 162, 192, 216]]
[1241, [4, 8, 9, 12, 16, 18, 24, 27, 36, 48, 64, 72, 81, 108, 144, 162, 192, 216]]
[1242, [4, 6, 8, 12, 16, 18, 27, 32, 48, 72, 81, 108, 144, 162, 216, 288]]
[1243, [3, 4, 8, 27, 36, 48, 54, 64, 72, 81, 96, 108, 162, 192, 288]]
[1244, [3, 6, 8, 12, 18, 36, 48, 54, 72, 81, 96, 144, 162, 216, 288]]
[1245, [3, 8, 9, 12, 16, 32, 36, 48, 54, 64, 72, 81, 96, 144, 162, 192, 216]]
[1246, [3, 9, 12, 16, 18, 24, 27, 32, 36, 48, 54, 64, 72, 81, 108, 162, 192, 288]]
[1247, [3, 4, 16, 18, 27, 32, 36, 48, 64, 81, 96, 108, 144, 162, 192, 216]]
[1248, [2, 9, 16, 24, 32, 36, 48, 54, 64, 72, 81, 96, 144, 162, 192, 216]]
[1249, [3, 4, 8, 18, 27, 54, 64, 81, 96, 108, 144, 162, 192, 288]]
[1250, [4, 6, 8, 12, 16, 24, 27, 36, 54, 64, 72, 81, 96, 108, 162, 192, 288]]
[1251, [3, 8, 9, 12, 16, 24, 32, 36, 64, 72, 81, 108, 144, 162, 192, 288]]
[1252, [2, 8, 12, 27, 32, 36, 64, 72, 81, 96, 108, 144, 162, 192, 216]]
[1253, [3, 6, 8, 9, 32, 36, 48, 64, 72, 81, 108, 144, 162, 192, 288]]
[1254, [2, 12, 16, 18, 27, 32, 36, 48, 64, 81, 96, 108, 144, 162, 192, 216]]
[1255, [3, 6, 9, 16, 24, 32, 36, 48, 54, 64, 72, 81, 96, 144, 162, 192, 216]]
[1256, [2, 8, 12, 18, 27, 54, 64, 81, 96, 108, 144, 162, 192, 288]]
[1257, [3, 6, 8, 12, 27, 36, 48, 54, 64, 72, 81, 96, 108, 162, 192, 288]]
[1258, [3, 8, 9, 16, 18, 24, 27, 36, 54, 64, 72, 81, 96, 108, 162, 192, 288]]
[1259, [3, 6, 8, 12, 27, 32, 36, 64, 72, 81, 96, 108, 144, 162, 192, 216]]
[1260, [2, 6, 24, 27, 36, 48, 54, 64, 72, 81, 96, 108, 162, 192, 288]]
[1261, [4, 8, 9, 12, 16, 18, 24, 27, 32, 48, 64, 81, 96, 108, 144, 162, 192, 216]]
[1262, [2, 6, 24, 27, 32, 36, 64, 72, 81, 96, 108, 144, 162, 192, 216]]
[1263, [3, 6, 8, 12, 18, 27, 54, 64, 81, 96, 108, 144, 162, 192, 288]]
[1264, [3, 6, 8, 12, 16, 36, 48, 64, 81, 96, 108, 144, 162, 192, 288]]
[1265, [2, 9, 16, 24, 27, 32, 36, 48, 72, 81, 108, 144, 162, 216, 288]]
[1266, [3, 6, 9, 12, 27, 32, 36, 48, 54, 64, 81, 108, 144, 162, 192, 288]]
[1267, [3, 6, 8, 16, 24, 27, 36, 48, 64, 72, 81, 96, 144, 162, 192, 288]]
[1268, [4, 6, 9, 12, 16, 24, 32, 36, 48, 54, 64, 72, 81, 96, 144, 162, 192, 216]]
[1269, [2, 9, 16, 18, 27, 32, 54, 64, 72, 81, 108, 144, 162, 192, 288]]
[1270, [3, 6, 8, 9, 16, 48, 64, 72, 96, 108, 144, 192, 216, 288]]
[1271, [4, 8, 9, 12, 16, 18, 24, 27, 36, 54, 64, 72, 81, 96, 108, 162, 192, 288]]
[1272, [4, 6, 8, 12, 18, 24, 27, 32, 48, 54, 64, 81, 108, 144, 162, 192, 288]]
[1273, [3, 4, 12, 24, 27, 32, 36, 64, 72, 81, 96, 108, 144, 162, 192, 216]]
[1274, [2, 9, 12, 24, 32, 36, 48, 64, 72, 81, 108, 144, 162, 192, 288]]
[1275, [4, 6, 8, 9, 18, 27, 32, 36, 64, 72, 81, 96, 108, 144, 162, 192, 216]]
[1276, [3, 6, 9, 16, 18, 27, 32, 54, 64, 72, 81, 108, 144, 162, 192, 288]]
[1277, [3, 4, 12, 18, 24, 27, 54, 64, 81, 96, 108, 144, 162, 192, 288]]
[1278, [3, 8, 9, 12, 18, 27, 36, 48, 54, 64, 72, 81, 96, 108, 162, 192, 288]]
[1279, [2, 6, 16, 24, 27, 48, 54, 64, 144, 162, 192, 216, 324]]
[1280, [3, 8, 9, 12, 18, 27, 32, 36, 64, 72, 81, 96, 108, 144, 162, 192, 216]]
[1281, [2, 9, 18, 24, 27, 36, 48, 54, 64, 72, 81, 96, 108, 162, 192, 288]]
[1282, [4, 6, 8, 16, 18, 24, 27, 32, 36, 48, 64, 81, 96, 108, 144, 162, 192, 216]]
[1283, [2, 9, 18, 24, 27, 32, 36, 64, 72, 81, 96, 108, 144, 162, 192, 216]]
[1284, [2, 9, 16, 24, 27, 32, 36, 54, 64, 72, 108, 144, 192, 216, 288]]
[1285, [4, 6, 8, 9, 16, 27, 32, 48, 64, 72, 81, 96, 108, 144, 162, 192, 216]]
[1286, [2, 8, 9, 24, 36, 64, 72, 81, 96, 108, 144, 162, 192, 288]]
[1287, [3, 8, 12, 16, 18, 24, 27, 32, 36, 48, 64, 81, 96, 108, 144, 162, 192, 216]]
[1288, [3, 6, 9, 18, 24, 27, 36, 48, 54, 64, 72, 81, 96, 108, 162, 192, 288]]
[1289, [4, 6, 9, 12, 16, 18, 27, 32, 54, 64, 72, 81, 108, 144, 162, 192, 288]]
[1290, [3, 6, 9, 18, 24, 27, 32, 36, 64, 72, 81, 96, 108, 144, 162, 192, 216]]
[1291, [4, 6, 8, 9, 12, 27, 36, 54, 64, 81, 96, 108, 144, 162, 192, 288]]
[1292, [3, 8, 9, 12, 24, 27, 32, 36, 48, 54, 64, 81, 108, 144, 162, 192, 288]]
[1293, [2, 9, 16, 24, 27, 32, 48, 64, 72, 81, 96, 108, 144, 162, 192, 216]]
[1294, [4, 6, 8, 12, 16, 24, 27, 32, 54, 64, 72, 81, 108, 144, 162, 192, 288]]
[1295, [3, 6, 9, 16, 18, 24, 36, 48, 64, 81, 96, 108, 144, 162, 192, 288]]
[1296, [4, 6, 8, 12, 16, 18, 24, 32, 54, 72, 96, 108, 144, 162, 216, 324]]
[1297, [2, 6, 16, 18, 48, 64, 72, 81, 96, 108, 144, 162, 192, 288]]
[1298, [3, 6, 9, 12, 16, 24, 48, 64, 72, 96, 108, 144, 192, 216, 288]]
[1299, [2, 9, 12, 24, 27, 36, 54, 64, 81, 96, 108, 144, 162, 192, 288]]
[1300, [3, 6, 9, 16, 24, 27, 32, 48, 64, 72, 81, 96, 108, 144, 162, 192, 216]]
[1301, [4, 6, 9, 12, 18, 24, 27, 36, 48, 54, 64, 72, 81, 96, 108, 162, 192, 288]]
[1302, [3, 8, 9, 16, 18, 24, 27, 32, 54, 64, 72, 81, 108, 144, 162, 192, 288]]
[1303, [4, 6, 9, 12, 18, 24, 27, 32, 36, 64, 72, 81, 96, 108, 144, 162, 192, 216]]
[1304, [2, 8, 16, 27, 32, 36, 48, 64, 72, 81, 96, 108, 144, 162, 192, 216]]
[1305, [2, 9, 16, 24, 27, 32, 36, 48, 64, 81, 108, 162, 192, 216, 288]]
[1306, [3, 6, 9, 12, 24, 27, 36, 54, 64, 81, 96, 108, 144, 162, 192, 288]]
[1307, [3, 6, 9, 16, 18, 24, 27, 48, 54, 64, 144, 162, 192, 216, 324]]
[1308, [2, 12, 16, 18, 27, 32, 36, 54, 64, 72, 81, 108, 144, 162, 192, 288]]
[1309, [3, 8, 9, 12, 16, 24, 27, 48, 54, 64, 96, 108, 144, 192, 216, 288]]
[1310, [4, 6, 9, 12, 16, 18, 32, 36, 48, 54, 64, 72, 81, 162, 192, 216, 288]]
[1311, [3, 6, 8, 16, 27, 32, 36, 48, 64, 72, 81, 96, 108, 144, 162, 192, 216]]
[1312, [2, 6, 16, 24, 36, 48, 64, 72, 96, 108, 144, 192, 216, 288]]
[1313, [4, 6, 9, 12, 16, 24, 27, 32, 48, 64, 72, 81, 96, 108, 144, 162, 192, 216]]
[1314, [2, 6, 16, 27, 32, 48, 64, 72, 81, 108, 162, 192, 216, 288]]
[1315, [4, 8, 9, 12, 16, 18, 24, 27, 32, 54, 64, 72, 81, 108, 144, 162, 192, 288]]
[1316, [2, 8, 9, 27, 36, 54, 64, 72, 96, 108, 144, 192, 216, 288]]
[1317, [4, 6, 8, 9, 18, 27, 32, 48, 54, 64, 72, 81, 108, 144, 162, 192, 288]]
[1318, [3, 4, 9, 24, 27, 36, 48, 72, 81, 96, 108, 144, 162, 216, 288]]
[1319, [2, 8, 16, 24, 27, 32, 48, 64, 72, 96, 108, 144, 162, 192, 324]]
[1320, [3, 4, 12, 16, 24, 36, 54, 64, 72, 81, 96, 162, 192, 216, 288]]
[1321, [4, 6, 8, 12, 16, 18, 24, 32, 54, 64, 81, 144, 162, 192, 216, 288]]
[1322, [3, 8, 9, 12, 18, 27, 32, 48, 54, 64, 72, 81, 108, 144, 162, 192, 288]]
[1323, [2, 8, 16, 18, 24, 48, 64, 72, 81, 96, 108, 144, 162, 192, 288]]
[1324, [4, 6, 8, 12, 16, 27, 32, 36, 48, 64, 72, 81, 96, 108, 144, 162, 192, 216]]
[1325, [3, 4, 16, 24, 27, 32, 36, 48, 64, 72, 81, 96, 108, 144, 162, 192, 216]]
[1326, [3, 6, 8, 16, 24, 27, 32, 48, 64, 72, 96, 108, 144, 162, 192, 324]]
[1327, [3, 4, 8, 24, 27, 54, 64, 72, 81, 96, 108, 144, 162, 192, 288]]
[1328, [4, 6, 8, 12, 16, 18, 27, 48, 54, 64, 81, 96, 108, 144, 162, 192, 288]]
[1329, [3, 4, 16, 18, 24, 27, 48, 54, 64, 81, 96, 108, 144, 162, 192, 288]]
[1330, [3, 6, 8, 16, 18, 24, 48, 64, 72, 81, 96, 108, 144, 162, 192, 288]]
[1331, [2, 6, 18, 24, 32, 48, 54, 64, 81, 144, 162, 192, 216, 288]]
[1332, [3, 8, 9, 16, 18, 27, 32, 36, 48, 64, 72, 81, 96, 108, 144, 162, 192, 216]]
[1333, [2, 9, 16, 18, 24, 36, 48, 64, 72, 96, 108, 144, 192, 216, 288]]
[1334, [2, 8, 12, 24, 27, 54, 64, 72, 81, 96, 108, 144, 162, 192, 288]]
[1335, [2, 9, 16, 18, 27, 32, 48, 64, 72, 81, 108, 162, 192, 216, 288]]
[1336, [4, 6, 8, 16, 18, 24, 27, 32, 36, 54, 64, 72, 81, 108, 144, 162, 192, 288]]
[1337, [3, 6, 9, 12, 16, 36, 48, 64, 72, 81, 96, 108, 144, 162, 192, 288]]
[1338, [4, 6, 9, 12, 16, 18, 27, 36, 48, 54, 64, 96, 108, 144, 192, 216, 288]]
[1339, [3, 6, 12, 16, 24, 27, 32, 36, 48, 64, 72, 81, 96, 108, 144, 162, 192, 216]]
[1340, [3, 6, 9, 16, 18, 24, 36, 48, 64, 72, 96, 108, 144, 192, 216, 288]]
[1341, [3, 8, 12, 16, 18, 24, 27, 32, 36, 54, 64, 72, 81, 108, 144, 162, 192, 288]]
[1342, [3, 6, 9, 16, 18, 27, 32, 48, 64, 72, 81, 108, 162, 192, 216, 288]]
[1343, [3, 6, 8, 18, 27, 32, 36, 48, 54, 64, 72, 81, 108, 144, 162, 192, 288]]
[1344, [2, 9, 12, 24, 27, 36, 54, 64, 72, 96, 108, 144, 192, 216, 288]]
[1345, [4, 8, 9, 12, 16, 18, 27, 32, 36, 48, 64, 72, 81, 96, 108, 144, 162, 192, 216]]
[1346, [3, 4, 9, 16, 27, 32, 64, 81, 108, 144, 162, 192, 216, 288]]
[1347, [3, 6, 8, 16, 24, 27, 32, 48, 64, 72, 81, 108, 162, 192, 216, 288]]
[1348, [3, 8, 9, 12, 16, 27, 36, 48, 54, 64, 81, 96, 108, 144, 162, 192, 288]]
[1349, [3, 6, 9, 12, 16, 27, 48, 54, 64, 72, 144, 162, 192, 216, 324]]
[1350, [2, 6, 18, 27, 36, 54, 64, 72, 81, 96, 108, 144, 162, 192, 288]]
[1351, [2, 9, 16, 24, 27, 36, 48, 54, 64, 81, 96, 108, 144, 162, 192, 288]]
[1352, [2, 9, 12, 18, 27, 32, 54, 64, 96, 144, 162, 192, 216, 324]]
[1353, [4, 6, 9, 12, 16, 18, 24, 36, 48, 64, 72, 96, 108, 144, 192, 216, 288]]
[1354, [2, 6, 16, 24, 27, 64, 72, 81, 96, 108, 162, 192, 216, 288]]
[1355, [4, 6, 9, 16, 18, 24, 27, 32, 36, 48, 64, 72, 81, 96, 108, 144, 162, 192, 216]]
[1356, [4, 6, 8, 12, 18, 27, 32, 36, 48, 54, 64, 72, 81, 108, 144, 162, 192, 288]]
[1357, [3, 4, 18, 24, 27, 32, 36, 48, 54, 64, 72, 81, 108, 144, 162, 192, 288]]
[1358, [3, 6, 9, 16, 24, 27, 36, 48, 54, 64, 81, 96, 108, 144, 162, 192, 288]]
[1359, [2, 4, 32, 48, 54, 64, 72, 81, 144, 162, 192, 216, 288]]
[1360, [3, 9, 12, 16, 18, 24, 27, 32, 36, 48, 64, 72, 81, 96, 108, 144, 162, 192, 216]]
[1361, [3, 4, 12, 18, 27, 36, 54, 64, 72, 81, 96, 108, 144, 162, 192, 288]]
[1362, [3, 8, 9, 12, 18, 24, 27, 54, 64, 72, 81, 96, 108, 144, 162, 192, 288]]
[1363, [3, 8, 9, 12, 16, 24, 36, 48, 64, 72, 81, 96, 108, 144, 162, 192, 288]]
[1364, [2, 12, 18, 24, 27, 32, 36, 48, 54, 64, 72, 81, 108, 144, 162, 192, 288]]
[1365, [2, 9, 12, 24, 27, 36, 48, 64, 81, 96, 108, 162, 192, 216, 288]]
[1366, [4, 6, 8, 9, 16, 18, 32, 54, 64, 72, 81, 144, 162, 192, 216, 288]]
[1367, [3, 4, 16, 18, 27, 32, 36, 48, 64, 72, 81, 108, 162, 192, 216, 288]]
[1368, [3, 8, 9, 16, 18, 24, 27, 32, 48, 64, 72, 81, 108, 162, 192, 216, 288]]
[1369, [3, 4, 8, 18, 36, 48, 54, 64, 72, 96, 162, 192, 288, 324]]
[1370, [4, 6, 8, 9, 16, 24, 27, 48, 54, 64, 72, 144, 162, 192, 216, 324]]
[1371, [3, 6, 12, 18, 24, 27, 32, 36, 48, 54, 64, 72, 81, 108, 144, 162, 192, 288]]
[1372, [3, 6, 9, 12, 24, 27, 36, 48, 64, 81, 96, 108, 162, 192, 216, 288]]
[1373, [4, 6, 8, 12, 16, 18, 27, 48, 54, 64, 72, 96, 108, 144, 192, 216, 288]]
[1374, [3, 4, 16, 18, 24, 27, 48, 54, 64, 72, 96, 108, 144, 192, 216, 288]]
[1375, [2, 9, 16, 18, 24, 27, 64, 72, 81, 96, 108, 162, 192, 216, 288]]
[1376, [2, 8, 18, 24, 27, 36, 54, 64, 72, 81, 96, 108, 144, 162, 192, 288]]
[1377, [2, 6, 16, 18, 48, 64, 72, 81, 96, 108, 128, 162, 192, 384]]
[1378, [4, 6, 8, 9, 18, 24, 36, 48, 54, 64, 72, 81, 96, 162, 192, 216, 288]]
[1379, [3, 8, 9, 12, 24, 27, 32, 36, 48, 54, 64, 72, 96, 162, 192, 216, 324]]
[1380, [4, 6, 8, 9, 18, 24, 27, 32, 54, 64, 96, 144, 162, 192, 216, 324]]
[1381, [2, 9, 16, 18, 27, 48, 54, 64, 72, 81, 96, 108, 144, 162, 192, 288]]
[1382, [3, 6, 9, 16, 18, 24, 27, 64, 72, 81, 96, 108, 162, 192, 216, 288]]
[1383, [3, 6, 8, 18, 24, 27, 36, 54, 64, 72, 81, 96, 108, 144, 162, 192, 288]]
[1384, [2, 9, 16, 18, 27, 36, 48, 54, 64, 72, 144, 162, 192, 216, 324]]
[1385, [2, 8, 16, 18, 32, 36, 54, 64, 72, 81, 144, 162, 192, 216, 288]]
[1386, [2, 8, 16, 24, 27, 48, 54, 64, 72, 81, 96, 108, 144, 162, 192, 288]]
[1387, [3, 4, 9, 18, 32, 48, 54, 64, 72, 81, 144, 162, 192, 216, 288]]
[1388, [3, 6, 9, 16, 18, 27, 48, 54, 64, 72, 81, 96, 108, 144, 162, 192, 288]]
[1389, [2, 9, 16, 18, 24, 32, 54, 64, 72, 96, 108, 162, 192, 216, 324]]
[1390, [2, 8, 12, 24, 32, 36, 48, 54, 64, 144, 162, 192, 288, 324]]
[1391, [3, 6, 9, 16, 18, 27, 36, 48, 54, 64, 72, 144, 162, 192, 216, 324]]
[1392, [3, 6, 8, 16, 18, 32, 36, 54, 64, 72, 81, 144, 162, 192, 216, 288]]
[1393, [3, 6, 8, 16, 24, 27, 48, 54, 64, 72, 81, 96, 108, 144, 162, 192, 288]]
[1394, [4, 6, 9, 12, 16, 18, 24, 32, 54, 64, 72, 81, 144, 162, 192, 216, 288]]
[1395, [4, 6, 9, 12, 16, 18, 24, 27, 64, 72, 81, 96, 108, 162, 192, 216, 288]]
[1396, [4, 6, 8, 12, 18, 24, 27, 36, 54, 64, 72, 81, 96, 108, 144, 162, 192, 288]]
[1397, [3, 4, 12, 18, 24, 36, 48, 54, 64, 72, 96, 162, 192, 288, 324]]
[1398, [3, 4, 12, 16, 18, 48, 54, 64, 81, 96, 144, 162, 192, 216, 288]]
[1399, [2, 8, 12, 24, 32, 48, 54, 64, 72, 81, 144, 162, 192, 216, 288]]
[1400, [2, 8, 12, 24, 27, 48, 64, 72, 81, 96, 108, 162, 192, 216, 288]]
[1401, [4, 6, 9, 12, 16, 18, 27, 48, 54, 64, 72, 81, 96, 108, 144, 162, 192, 288]]
[1402, [4, 6, 8, 16, 18, 24, 27, 32, 36, 48, 64, 72, 81, 108, 162, 192, 216, 288]]
[1403, [3, 6, 9, 16, 24, 27, 36, 48, 54, 64, 72, 96, 108, 144, 192, 216, 288]]
[1404, [4, 6, 9, 12, 16, 18, 27, 36, 48, 54, 64, 72, 144, 162, 192, 216, 324]]
[1405, [4, 6, 8, 12, 16, 18, 32, 36, 54, 64, 72, 81, 144, 162, 192, 216, 288]]
[1406, [4, 6, 8, 12, 16, 24, 27, 48, 54, 64, 72, 81, 96, 108, 144, 162, 192, 288]]
[1407, [3, 8, 12, 16, 18, 24, 27, 32, 36, 48, 64, 72, 81, 108, 162, 192, 216, 288]]
[1408, [3, 6, 8, 16, 18, 24, 27, 64, 72, 96, 108, 162, 192, 288, 324]]
[1409, [2, 9, 12, 24, 27, 32, 48, 64, 81, 108, 144, 162, 192, 216, 288]]
[1410, [2, 9, 16, 18, 24, 27, 32, 64, 108, 144, 162, 192, 288, 324]]
[1411, [3, 6, 9, 16, 18, 27, 32, 48, 54, 64, 96, 144, 162, 192, 216, 324]]
[1412, [3, 6, 9, 18, 24, 27, 32, 48, 54, 64, 72, 81, 108, 128, 162, 192, 384]]
[1413, [3, 4, 16, 18, 27, 36, 48, 54, 64, 72, 81, 96, 108, 144, 162, 192, 288]]
[1414, [3, 8, 9, 16, 18, 24, 27, 48, 54, 64, 72, 81, 96, 108, 144, 162, 192, 288]]
[1415, [2, 6, 18, 32, 36, 48, 54, 64, 72, 81, 144, 162, 192, 216, 288]]
[1416, [4, 6, 9, 12, 16, 24, 27, 36, 48, 54, 64, 72, 96, 108, 144, 192, 216, 288]]
[1417, [3, 8, 9, 16, 18, 24, 27, 36, 48, 54, 64, 72, 144, 162, 192, 216, 324]]
[1418, [3, 8, 9, 12, 18, 24, 32, 36, 48, 54, 64, 144, 162, 192, 288, 324]]
[1419, [4, 6, 8, 12, 18, 24, 27, 32, 36, 54, 64, 96, 144, 162, 192, 216, 324]]
[1420, [2, 12, 16, 18, 27, 36, 48, 54, 64, 72, 81, 96, 108, 144, 162, 192, 288]]
[1421, [3, 6, 12, 16, 18, 24, 27, 36, 64, 72, 81, 96, 108, 162, 192, 216, 288]]
[1422, [4, 6, 8, 9, 18, 24, 32, 48, 54, 64, 72, 81, 144, 162, 192, 216, 288]]
[1423, [4, 6, 8, 9, 18, 24, 27, 48, 64, 72, 81, 96, 108, 162, 192, 216, 288]]
[1424, [4, 6, 9, 12, 16, 18, 27, 32, 48, 54, 64, 96, 144, 162, 192, 216, 324]]
[1425, [2, 9, 12, 18, 24, 36, 54, 64, 96, 144, 162, 192, 288, 324]]
[1426, [3, 4, 12, 18, 32, 36, 48, 54, 64, 72, 81, 144, 162, 192, 216, 288]]
[1427, [4, 8, 9, 12, 16, 18, 24, 27, 48, 54, 64, 72, 81, 96, 108, 144, 162, 192, 288]]
[1428, [3, 8, 9, 12, 18, 24, 27, 48, 64, 72, 81, 96, 108, 162, 192, 216, 288]]
[1429, [4, 6, 8, 12, 16, 24, 27, 32, 48, 54, 64, 96, 144, 162, 192, 216, 324]]
[1430, [2, 6, 24, 27, 32, 36, 48, 64, 81, 108, 144, 162, 192, 216, 288]]
[1431, [2, 6, 18, 24, 27, 48, 64, 72, 96, 108, 162, 192, 288, 324]]
[1432, [3, 6, 9, 12, 18, 24, 36, 54, 64, 96, 144, 162, 192, 288, 324]]
[1433, [4, 6, 8, 12, 16, 18, 24, 48, 54, 64, 81, 96, 144, 162, 192, 216, 288]]
[1434, [2, 9, 12, 18, 24, 54, 64, 72, 81, 96, 144, 162, 192, 216, 288]]
[1435, [3, 6, 12, 16, 18, 24, 32, 36, 54, 64, 72, 96, 108, 162, 192, 216, 324]]
[1436, [3, 4, 16, 18, 27, 32, 36, 48, 54, 64, 96, 144, 162, 192, 216, 324]]
[1437, [3, 6, 8, 16, 18, 27, 32, 64, 72, 81, 108, 144, 162, 192, 216, 288]]
[1438, [3, 4, 8, 18, 36, 54, 64, 72, 81, 96, 144, 162, 192, 216, 288]]
[1439, [4, 6, 9, 12, 16, 18, 24, 32, 48, 64, 72, 96, 144, 162, 192, 216, 324]]
[1440, [3, 8, 9, 12, 16, 24, 32, 36, 54, 64, 72, 144, 162, 192, 288, 324]]
[1441, [2, 8, 18, 24, 32, 36, 48, 54, 64, 72, 81, 144, 162, 192, 216, 288]]
[1442, [2, 8, 18, 24, 27, 36, 48, 64, 72, 81, 96, 108, 162, 192, 216, 288]]
[1443, [4, 6, 8, 9, 18, 27, 32, 36, 48, 64, 81, 108, 144, 162, 192, 216, 288]]
[1444, [3, 4, 9, 18, 24, 36, 48, 72, 96, 144, 162, 216, 288, 324]]
[1445, [2, 8, 12, 18, 36, 54, 64, 72, 81, 96, 144, 162, 192, 216, 288]]
[1446, [2, 8, 12, 16, 36, 48, 54, 64, 96, 144, 162, 192, 288, 324]]
[1447, [3, 6, 8, 12, 16, 24, 36, 64, 96, 162, 192, 216, 288, 324]]
[1448, [4, 6, 8, 16, 18, 24, 27, 36, 48, 54, 64, 72, 81, 96, 108, 144, 162, 192, 288]]
[1449, [3, 6, 8, 18, 24, 27, 36, 48, 64, 72, 81, 96, 108, 162, 192, 216, 288]]
[1450, [4, 6, 8, 12, 16, 18, 27, 32, 64, 72, 81, 108, 144, 162, 192, 216, 288]]
[1451, [2, 9, 18, 24, 27, 32, 36, 48, 64, 81, 108, 144, 162, 192, 216, 288]]
[1452, [3, 6, 8, 12, 18, 36, 54, 64, 72, 81, 96, 144, 162, 192, 216, 288]]
[1453, [3, 8, 12, 16, 18, 24, 27, 36, 48, 54, 64, 72, 81, 96, 108, 144, 162, 192, 288]]
[1454, [2, 9, 16, 24, 27, 32, 36, 48, 54, 72, 144, 162, 216, 288, 324]]
[1455, [2, 6, 18, 24, 36, 54, 64, 72, 81, 96, 144, 162, 192, 216, 288]]
[1456, [2, 8, 18, 24, 32, 36, 48, 54, 64, 72, 96, 108, 162, 192, 216, 324]]
[1457, [3, 4, 9, 24, 27, 36, 48, 64, 72, 96, 108, 162, 192, 288, 324]]
[1458, [3, 6, 9, 18, 24, 27, 32, 36, 48, 64, 81, 108, 144, 162, 192, 216, 288]]
[1459, [3, 6, 8, 16, 18, 24, 48, 54, 64, 72, 108, 144, 162, 192, 216, 324]]
[1460, [2, 6, 18, 27, 32, 48, 64, 72, 81, 108, 144, 162, 192, 216, 288]]
[1461, [4, 6, 8, 12, 18, 24, 32, 36, 48, 54, 64, 72, 81, 144, 162, 192, 216, 288]]
[1462, [4, 6, 8, 12, 18, 24, 27, 36, 48, 64, 72, 81, 96, 108, 162, 192, 216, 288]]
[1463, [3, 6, 8, 18, 24, 32, 36, 48, 54, 64, 72, 96, 108, 162, 192, 216, 324]]
[1464, [4, 6, 8, 9, 18, 27, 32, 36, 54, 64, 72, 96, 144, 162, 192, 216, 324]]
[1465, [2, 6, 16, 24, 48, 54, 64, 72, 81, 96, 144, 162, 192, 216, 288]]
[1466, [3, 4, 12, 18, 24, 36, 54, 64, 72, 81, 96, 144, 162, 192, 216, 288]]
[1467, [3, 6, 8, 12, 24, 27, 36, 64, 81, 96, 108, 144, 162, 192, 216, 288]]
[1468, [3, 8, 9, 12, 16, 18, 24, 36, 64, 96, 162, 192, 216, 288, 324]]
[1469, [3, 8, 9, 12, 18, 27, 32, 36, 54, 64, 72, 96, 144, 162, 192, 216, 324]]
[1470, [3, 8, 9, 12, 16, 27, 32, 36, 64, 72, 81, 108, 144, 162, 192, 216, 288]]
[1471, [4, 6, 9, 12, 18, 24, 27, 32, 36, 48, 64, 81, 108, 144, 162, 192, 216, 288]]
[1472, [3, 6, 9, 12, 16, 27, 48, 64, 81, 96, 108, 144, 162, 192, 216, 288]]
[1473, [2, 9, 16, 24, 27, 32, 36, 64, 72, 81, 108, 144, 162, 192, 216, 288]]
[1474, [4, 6, 8, 9, 16, 27, 32, 48, 54, 64, 72, 96, 144, 162, 192, 216, 324]]
[1475, [2, 8, 9, 24, 36, 54, 64, 72, 96, 144, 162, 192, 288, 324]]
[1476, [3, 4, 12, 16, 24, 48, 54, 64, 72, 81, 96, 144, 162, 192, 216, 288]]
[1477, [2, 9, 16, 18, 24, 36, 48, 54, 64, 96, 144, 162, 192, 288, 324]]
[1478, [4, 6, 8, 9, 16, 18, 48, 54, 64, 72, 81, 96, 144, 162, 192, 216, 288]]
[1479, [3, 6, 9, 18, 24, 27, 32, 36, 54, 64, 72, 96, 144, 162, 192, 216, 324]]
[1480, [3, 6, 9, 16, 24, 27, 32, 36, 64, 72, 81, 108, 144, 162, 192, 216, 288]]
[1481, [3, 6, 8, 12, 24, 32, 36, 54, 64, 96, 108, 144, 162, 192, 216, 324]]
[1482, [2, 9, 16, 24, 27, 32, 48, 54, 64, 72, 96, 144, 162, 192, 216, 324]]
[1483, [3, 8, 9, 12, 16, 18, 48, 54, 64, 72, 81, 96, 144, 162, 192, 216, 288]]
[1484, [3, 6, 9, 16, 18, 24, 36, 48, 54, 64, 96, 144, 162, 192, 288, 324]]
[1485, [3, 8, 9, 12, 16, 24, 27, 32, 64, 72, 108, 144, 162, 192, 288, 324]]
[1486, [2, 9, 16, 18, 24, 48, 54, 64, 72, 81, 96, 144, 162, 192, 216, 288]]
[1487, [4, 6, 8, 9, 16, 24, 36, 48, 54, 64, 72, 108, 144, 162, 192, 216, 324]]
[1488, [3, 8, 9, 12, 18, 24, 27, 36, 64, 81, 96, 108, 144, 162, 192, 216, 288]]
[1489, [3, 6, 9, 16, 24, 27, 32, 48, 54, 64, 72, 96, 144, 162, 192, 216, 324]]
[1490, [2, 8, 12, 18, 27, 64, 72, 81, 96, 108, 144, 162, 192, 216, 288]]
[1491, [2, 6, 18, 24, 27, 36, 64, 96, 108, 144, 162, 192, 288, 324]]
[1492, [4, 6, 9, 12, 18, 24, 27, 32, 36, 54, 64, 72, 96, 144, 162, 192, 216, 324]]
[1493, [3, 6, 9, 16, 18, 24, 48, 54, 64, 72, 81, 96, 144, 162, 192, 216, 288]]
[1494, [2, 9, 16, 18, 27, 32, 36, 64, 72, 108, 144, 162, 192, 288, 324]]
[1495, [4, 6, 8, 9, 12, 24, 36, 54, 64, 72, 96, 144, 162, 192, 288, 324]]
[1496, [2, 6, 16, 24, 32, 48, 54, 72, 108, 144, 162, 216, 288, 324]]
[1497, [2, 8, 16, 18, 36, 48, 54, 64, 72, 81, 96, 144, 162, 192, 216, 288]]
[1498, [3, 8, 9, 12, 16, 24, 27, 48, 64, 81, 96, 108, 144, 162, 192, 216, 288]]
[1499, [2, 8, 16, 24, 27, 32, 36, 64, 72, 108, 144, 162, 192, 288, 324]]
[1500, [3, 6, 9, 12, 27, 32, 36, 48, 64, 72, 81, 108, 144, 162, 192, 216, 288]]
[1501, [3, 6, 9, 16, 18, 27, 32, 36, 64, 72, 108, 144, 162, 192, 288, 324]]
[1502, [4, 6, 9, 12, 16, 24, 27, 32, 48, 54, 64, 72, 96, 144, 162, 192, 216, 324]]
[1503, [2, 6, 16, 27, 32, 48, 54, 64, 72, 162, 192, 216, 288, 324]]
[1504, [3, 6, 8, 16, 18, 36, 48, 54, 64, 72, 81, 96, 144, 162, 192, 216, 288]]
[1505, [2, 8, 9, 27, 36, 64, 72, 81, 96, 108, 144, 162, 192, 216, 288]]
[1506, [4, 6, 9, 12, 16, 18, 24, 48, 54, 64, 72, 81, 96, 144, 162, 192, 216, 288]]
[1507, [2, 9, 16, 18, 27, 36, 48, 64, 81, 96, 108, 144, 162, 192, 216, 288]]
[1508, [2, 9, 12, 24, 27, 32, 48, 64, 72, 108, 144, 162, 192, 288, 324]]
[1509, [4, 6, 8, 9, 16, 18, 32, 48, 54, 72, 108, 144, 162, 216, 288, 324]]
[1510, [2, 9, 18, 24, 27, 32, 36, 54, 64, 72, 108, 128, 144, 192, 216, 384]]
[1511, [3, 4, 12, 18, 24, 27, 64, 72, 81, 96, 108, 144, 162, 192, 216, 288]]
[1512, [2, 8, 16, 24, 27, 36, 48, 64, 81, 96, 108, 144, 162, 192, 216, 288]]
[1513, [4, 6, 8, 12, 16, 27, 32, 36, 48, 54, 64, 72, 96, 144, 162, 192, 216, 324]]
[1514, [3, 6, 9, 16, 18, 27, 36, 48, 64, 81, 96, 108, 144, 162, 192, 216, 288]]
[1515, [3, 6, 9, 12, 24, 27, 32, 48, 64, 72, 108, 144, 162, 192, 288, 324]]
[1516, [2, 8, 12, 18, 32, 36, 54, 64, 108, 162, 192, 216, 288, 324]]
[1517, [4, 6, 8, 12, 16, 18, 36, 48, 54, 64, 72, 81, 96, 144, 162, 192, 216, 288]]
[1518, [3, 4, 16, 18, 24, 36, 48, 54, 64, 72, 81, 96, 144, 162, 192, 216, 288]]
[1519, [3, 6, 8, 16, 24, 27, 36, 48, 64, 81, 96, 108, 144, 162, 192, 216, 288]]
[1520, [2, 8, 9, 24, 27, 64, 72, 96, 108, 144, 162, 192, 288, 324]]
[1521, [4, 6, 8, 9, 24, 27, 32, 36, 48, 64, 72, 81, 108, 144, 162, 192, 216, 288]]
[1522, [2, 9, 16, 18, 24, 27, 48, 64, 96, 108, 144, 162, 192, 288, 324]]
[1523, [3, 6, 8, 12, 18, 32, 36, 54, 64, 108, 162, 192, 216, 288, 324]]
[1524, [3, 6, 9, 16, 18, 24, 32, 48, 54, 72, 108, 144, 162, 216, 288, 324]]
[1525, [2, 12, 16, 18, 24, 36, 48, 54, 64, 72, 81, 96, 144, 162, 192, 216, 288]]
[1526, [3, 8, 9, 12, 24, 27, 32, 36, 48, 64, 72, 81, 108, 144, 162, 192, 216, 288]]
[1527, [4, 6, 9, 12, 16, 18, 27, 36, 48, 64, 81, 96, 108, 144, 162, 192, 216, 288]]
[1528, [3, 6, 12, 16, 24, 27, 32, 36, 48, 54, 64, 72, 96, 144, 162, 192, 216, 324]]
[1529, [2, 6, 24, 27, 32, 36, 48, 64, 72, 108, 144, 162, 192, 288, 324]]
[1530, [4, 6, 9, 12, 18, 24, 27, 32, 36, 54, 64, 72, 108, 128, 144, 192, 216, 384]]
[1531, [3, 6, 9, 16, 18, 27, 32, 48, 54, 64, 72, 162, 192, 216, 288, 324]]
[1532, [3, 6, 12, 16, 18, 24, 36, 48, 54, 64, 72, 81, 96, 144, 162, 192, 216, 288]]
[1533, [2, 9, 12, 24, 27, 36, 64, 72, 81, 96, 108, 144, 162, 192, 216, 288]]
[1534, [4, 8, 9, 12, 16, 18, 27, 32, 36, 48, 54, 64, 72, 96, 144, 162, 192, 216, 324]]
[1535, [3, 6, 8, 16, 18, 32, 36, 48, 54, 72, 108, 144, 162, 216, 288, 324]]
[1536, [3, 6, 8, 16, 24, 27, 32, 48, 54, 64, 72, 162, 192, 216, 288, 324]]
[1537, [4, 6, 9, 12, 16, 18, 24, 32, 48, 54, 72, 108, 144, 162, 216, 288, 324]]
[1538, [3, 8, 9, 12, 16, 24, 27, 48, 72, 81, 96, 108, 128, 144, 162, 216, 384]]
[1539, [4, 6, 8, 9, 12, 32, 36, 54, 64, 72, 96, 108, 144, 162, 192, 216, 324]]
[1540, [3, 8, 9, 16, 18, 24, 27, 36, 48, 64, 81, 96, 108, 144, 162, 192, 216, 288]]
[1541, [4, 6, 9, 12, 16, 18, 32, 36, 48, 54, 64, 96, 108, 144, 162, 192, 216, 324]]
[1542, [2, 8, 16, 18, 27, 48, 64, 72, 81, 96, 108, 144, 162, 192, 216, 288]]
[1543, [2, 6, 16, 24, 27, 54, 64, 72, 96, 162, 192, 216, 288, 324]]
[1544, [4, 6, 9, 16, 18, 24, 27, 32, 36, 48, 54, 64, 72, 96, 144, 162, 192, 216, 324]]
[1545, [2, 6, 16, 27, 36, 54, 64, 72, 96, 108, 128, 144, 192, 216, 384]]
[1546, [4, 6, 8, 12, 16, 24, 32, 36, 48, 54, 64, 96, 108, 144, 162, 192, 216, 324]]
[1547, [2, 9, 12, 24, 32, 36, 54, 64, 72, 96, 108, 144, 162, 192, 216, 324]]
[1548, [4, 6, 8, 12, 16, 18, 32, 36, 48, 54, 72, 108, 144, 162, 216, 288, 324]]
[1549, [3, 6, 8, 16, 18, 27, 48, 64, 72, 81, 96, 108, 144, 162, 192, 216, 288]]
[1550, [2, 9, 18, 24, 27, 32, 36, 48, 64, 72, 108, 144, 162, 192, 288, 324]]
[1551, [3, 6, 12, 16, 18, 27, 32, 48, 54, 64, 72, 81, 108, 128, 144, 162, 192, 384]]
[1552, [3, 8, 9, 12, 16, 24, 36, 48, 54, 64, 72, 96, 144, 162, 192, 288, 324]]
[1553, [4, 8, 9, 12, 16, 18, 24, 27, 36, 48, 64, 81, 96, 108, 144, 162, 192, 216, 288]]
[1554, [3, 8, 9, 16, 18, 24, 32, 36, 48, 54, 64, 96, 108, 144, 162, 192, 216, 324]]
[1555, [2, 8, 9, 24, 32, 54, 64, 72, 108, 162, 192, 216, 288, 324]]
[1556, [2, 8, 16, 18, 32, 48, 54, 64, 72, 96, 108, 144, 162, 192, 216, 324]]
[1557, [3, 6, 9, 18, 24, 27, 32, 36, 48, 64, 72, 108, 144, 162, 192, 288, 324]]
[1558, [4, 6, 8, 9, 16, 18, 48, 54, 64, 72, 81, 96, 128, 162, 192, 216, 384]]
[1559, [2, 8, 12, 24, 27, 36, 64, 72, 96, 108, 144, 162, 192, 288, 324]]
[1560, [2, 6, 12, 18, 36, 64, 96, 144, 162, 192, 216, 288, 324]]
[1561, [2, 12, 16, 18, 24, 27, 36, 48, 64, 96, 108, 144, 162, 192, 288, 324]]
[1562, [4, 6, 8, 12, 16, 18, 27, 48, 64, 72, 81, 96, 108, 144, 162, 192, 216, 288]]
[1563, [3, 4, 16, 18, 24, 27, 48, 64, 72, 81, 96, 108, 144, 162, 192, 216, 288]]
[1564, [2, 9, 12, 16, 27, 48, 64, 72, 96, 108, 144, 162, 192, 288, 324]]
[1565, [2, 6, 16, 32, 36, 48, 54, 64, 81, 128, 144, 162, 192, 216, 384]]
[1566, [3, 6, 8, 12, 24, 27, 36, 64, 72, 96, 108, 144, 162, 192, 288, 324]]
[1567, [4, 8, 9, 12, 16, 18, 24, 32, 36, 48, 54, 64, 96, 108, 144, 162, 192, 216, 324]]
[1568, [3, 6, 12, 16, 18, 24, 27, 36, 48, 64, 96, 108, 144, 162, 192, 288, 324]]
[1569, [4, 6, 8, 9, 12, 18, 48, 54, 72, 96, 108, 144, 162, 216, 288, 324]]
[1570, [2, 12, 16, 18, 24, 27, 48, 64, 72, 81, 96, 108, 144, 162, 192, 216, 288]]
[1571, [3, 6, 9, 12, 16, 27, 48, 64, 72, 96, 108, 144, 162, 192, 288, 324]]
[1572, [4, 6, 8, 16, 18, 24, 27, 32, 48, 54, 64, 72, 81, 108, 128, 144, 162, 192, 384]]
[1573, [3, 6, 8, 12, 16, 24, 54, 64, 96, 108, 162, 192, 216, 288, 324]]
[1574, [3, 4, 12, 16, 27, 32, 36, 54, 64, 144, 162, 192, 216, 288, 324]]
[1575, [3, 6, 8, 16, 18, 24, 36, 54, 72, 96, 108, 144, 162, 216, 288, 324]]
[1576, [4, 6, 8, 12, 16, 18, 32, 48, 54, 64, 72, 96, 108, 144, 162, 192, 216, 324]]
[1577, [3, 6, 12, 16, 18, 24, 27, 48, 64, 72, 81, 96, 108, 144, 162, 192, 216, 288]]
[1578, [2, 6, 16, 24, 32, 36, 64, 72, 144, 162, 192, 216, 288, 324]]
[1579, [3, 4, 8, 12, 48, 54, 64, 96, 108, 162, 192, 216, 288, 324]]
[1580, [3, 8, 9, 16, 18, 24, 27, 36, 48, 72, 81, 96, 108, 128, 144, 162, 216, 384]]
[1581, [3, 4, 8, 18, 36, 48, 54, 72, 96, 108, 144, 162, 216, 288, 324]]
[1582, [3, 8, 9, 12, 16, 27, 36, 48, 64, 72, 81, 96, 108, 144, 162, 192, 216, 288]]
[1583, [4, 8, 9, 12, 16, 18, 27, 32, 36, 48, 54, 72, 81, 96, 108, 128, 162, 288, 384]]
[1584, [2, 12, 16, 18, 24, 32, 48, 54, 64, 72, 96, 108, 144, 162, 192, 216, 324]]
[1585, [2, 9, 16, 24, 27, 36, 48, 64, 72, 81, 96, 108, 144, 162, 192, 216, 288]]
[1586, [2, 8, 12, 18, 24, 36, 64, 96, 144, 162, 192, 216, 288, 324]]
[1587, [3, 8, 9, 12, 18, 24, 27, 36, 64, 72, 96, 108, 144, 162, 192, 288, 324]]
[1588, [4, 6, 8, 12, 16, 18, 24, 36, 54, 72, 96, 108, 144, 162, 216, 288, 324]]
[1589, [2, 8, 12, 24, 27, 48, 54, 64, 72, 96, 162, 192, 216, 288, 324]]
[1590, [4, 6, 8, 9, 12, 27, 32, 48, 54, 64, 144, 162, 192, 216, 288, 324]]
[1591, [3, 6, 12, 16, 18, 24, 32, 48, 54, 64, 72, 96, 108, 144, 162, 192, 216, 324]]
[1592, [3, 6, 9, 16, 24, 27, 36, 48, 64, 72, 81, 96, 108, 144, 162, 192, 216, 288]]
[1593, [3, 4, 12, 16, 18, 36, 54, 64, 96, 108, 162, 192, 216, 288, 324]]
[1594, [2, 8, 12, 24, 32, 36, 54, 64, 72, 108, 162, 192, 216, 288, 324]]
[1595, [3, 6, 8, 12, 18, 36, 48, 54, 72, 96, 108, 144, 162, 216, 288, 324]]
[1596, [3, 8, 9, 12, 16, 32, 36, 48, 54, 64, 72, 96, 108, 144, 162, 192, 216, 324]]
[1597, [3, 8, 9, 12, 16, 24, 27, 48, 64, 72, 96, 108, 144, 162, 192, 288, 324]]
[1598, [2, 6, 18, 24, 36, 48, 54, 72, 96, 108, 144, 162, 216, 288, 324]]
[1599, [2, 9, 16, 24, 32, 36, 48, 54, 64, 72, 96, 108, 144, 162, 192, 216, 324]]
[1600, [2, 6, 18, 27, 32, 36, 64, 81, 108, 128, 144, 162, 192, 216, 384]]
[1601, [3, 6, 8, 12, 24, 32, 36, 54, 64, 72, 108, 162, 192, 216, 288, 324]]
[1602, [3, 4, 8, 27, 32, 36, 48, 54, 64, 144, 162, 192, 216, 288, 324]]
[1603, [2, 12, 16, 18, 24, 27, 36, 54, 64, 72, 96, 162, 192, 216, 288, 324]]
[1604, [4, 6, 9, 12, 16, 18, 27, 32, 36, 54, 64, 144, 162, 192, 216, 288, 324]]
[1605, [4, 6, 9, 12, 16, 24, 27, 36, 48, 64, 72, 81, 96, 108, 144, 162, 192, 216, 288]]
[1606, [3, 6, 9, 16, 24, 32, 36, 48, 54, 64, 72, 96, 108, 144, 162, 192, 216, 324]]
[1607, [4, 6, 9, 12, 16, 18, 27, 36, 48, 64, 81, 96, 108, 128, 162, 192, 216, 384]]
[1608, [2, 8, 16, 18, 24, 36, 54, 64, 96, 108, 162, 192, 216, 288, 324]]
[1609, [3, 4, 12, 18, 24, 36, 48, 54, 72, 96, 108, 144, 162, 216, 288, 324]]
[1610, [3, 6, 12, 16, 18, 24, 27, 36, 54, 64, 72, 96, 162, 192, 216, 288, 324]]
[1611, [2, 8, 16, 24, 27, 36, 48, 64, 72, 96, 108, 144, 162, 192, 288, 324]]
[1612, [4, 6, 8, 9, 18, 24, 27, 48, 54, 64, 72, 96, 162, 192, 216, 288, 324]]
[1613, [3, 6, 9, 16, 18, 27, 36, 48, 64, 72, 96, 108, 144, 162, 192, 288, 324]]
[1614, [4, 6, 8, 9, 18, 27, 36, 48, 54, 64, 72, 96, 108, 128, 144, 192, 216, 384]]
[1615, [3, 6, 8, 16, 18, 24, 36, 54, 64, 96, 108, 162, 192, 216, 288, 324]]
[1616, [3, 4, 12, 18, 27, 36, 48, 54, 64, 72, 96, 162, 192, 216, 288, 324]]
[1617, [3, 8, 9, 12, 18, 24, 27, 48, 54, 64, 72, 96, 162, 192, 216, 288, 324]]
[1618, [3, 6, 8, 16, 24, 27, 36, 48, 64, 72, 96, 108, 144, 162, 192, 288, 324]]
[1619, [4, 6, 9, 12, 16, 24, 32, 36, 48, 54, 64, 72, 96, 108, 144, 162, 192, 216, 324]]
[1620, [2, 6, 16, 32, 36, 48, 54, 64, 72, 108, 162, 192, 216, 288, 324]]
[1621, [3, 4, 8, 18, 36, 48, 54, 64, 96, 108, 162, 192, 216, 288, 324]]
[1622, [3, 8, 9, 12, 18, 24, 32, 36, 54, 64, 72, 108, 162, 192, 216, 288, 324]]
[1623, [3, 4, 12, 16, 18, 36, 48, 64, 96, 144, 162, 192, 216, 288, 324]]
[1624, [3, 6, 9, 12, 18, 24, 48, 54, 64, 96, 108, 162, 192, 216, 288, 324]]
[1625, [2, 6, 12, 36, 48, 54, 64, 81, 96, 128, 144, 162, 192, 216, 384]]
[1626, [4, 6, 9, 12, 16, 18, 27, 36, 48, 64, 72, 96, 108, 144, 162, 192, 288, 324]]
[1627, [4, 6, 8, 9, 16, 24, 32, 48, 54, 64, 72, 108, 162, 192, 216, 288, 324]]
[1628, [4, 6, 8, 12, 16, 18, 24, 36, 54, 64, 96, 108, 162, 192, 216, 288, 324]]
[1629, [3, 6, 9, 18, 24, 27, 36, 48, 54, 64, 72, 96, 108, 128, 144, 192, 216, 384]]
[1630, [4, 8, 9, 12, 16, 18, 24, 27, 32, 36, 54, 64, 144, 162, 192, 216, 288, 324]]
[1631, [4, 6, 8, 12, 16, 24, 27, 36, 48, 64, 72, 96, 108, 144, 162, 192, 288, 324]]
[1632, [3, 8, 9, 12, 16, 24, 32, 48, 54, 64, 72, 108, 162, 192, 216, 288, 324]]
[1633, [4, 8, 9, 12, 16, 18, 24, 27, 36, 48, 64, 81, 96, 108, 128, 162, 192, 216, 384]]
[1634, [3, 6, 8, 9, 27, 48, 54, 64, 72, 81, 108, 128, 162, 192, 288, 384]]
[1635, [3, 6, 8, 12, 18, 36, 48, 54, 64, 96, 108, 162, 192, 216, 288, 324]]
[1636, [2, 8, 16, 24, 27, 32, 48, 64, 81, 108, 128, 144, 162, 192, 216, 384]]
[1637, [3, 8, 9, 12, 18, 27, 32, 36, 48, 54, 64, 144, 162, 192, 216, 288, 324]]
[1638, [3, 6, 8, 18, 24, 27, 36, 48, 54, 64, 72, 96, 162, 192, 216, 288, 324]]