[1, [1]]
[9, 0]
[17, 0]
[25, 0]
[33, 0]
[41, 0]
[49, 0]
[57, 0]
[65, 0]
[73, 0]
[81, 0]
[89, 0]
[97, 0]
[105, 0]
[113, 0]
[121, 0]
[129, 0]
[137, 0]
[145, 0]
[153, 0]
[161, 0]
[169, 0]
[177, 0]
[185, 0]
[193, 0]
[201, 0]
[209, 0]
[217, 0]
[225, 0]
[233, 0]
[241, 0]
[249, 0]
[257, 0]
[265, 0]
[273, 0]
[281, 0]
[289, 0]
[297, 0]
[305, 0]
[313, 0]
[321, 0]
[329, 0]
[337, 0]
[345, 0]
[353, 0]
[361, [3, 5, 7, 9, 11, 15, 35, 45, 231]]
[369, 0]
[377, 0]
[385, [3, 5, 7, 9, 11, 33, 35, 45, 55, 77, 105]]
[393, 0]
[401, 0]
[409, 0]
[417, [3, 5, 7, 9, 13, 21, 35, 39, 63, 105, 117]]
[425, [3, 5, 7, 9, 15, 21, 27, 35, 63, 105, 135]]
[433, 0]
[441, 0]
[449, 0]
[457, 0]
[465, 0]
[473, 0]
[481, [3, 5, 7, 9, 15, 21, 33, 35, 45, 77, 231]]
[489, [3, 5, 9, 11, 15, 21, 27, 33, 35, 55, 63, 77, 135]]
[497, 0]
[505, 0]
[513, [3, 5, 7, 9, 15, 21, 25, 35, 63, 105, 225]]
[521, [3, 5, 7, 9, 13, 15, 39, 63, 75, 117, 175]]
[529, 0]
[537, 0]
[545, [3, 5, 7, 9, 11, 21, 33, 55, 77, 135, 189]]
[553, [3, 5, 7, 9, 11, 21, 35, 55, 77, 99, 231]]
[561, 0]
[569, [3, 5, 7, 9, 13, 21, 25, 39, 105, 117, 225]]
[577, [3, 5, 7, 9, 15, 21, 25, 27, 105, 135, 225]]
[585, [3, 5, 7, 9, 11, 19, 35, 55, 99, 133, 209]]
[593, 0]
[601, 0]
[609, [3, 5, 7, 9, 11, 17, 35, 77, 105, 153, 187]]
[617, [3, 5, 7, 9, 15, 21, 27, 35, 45, 135, 315]]
[625, 0]
[633, [3, 5, 7, 9, 13, 21, 25, 45, 75, 105, 325]]
[641, [3, 5, 9, 11, 15, 21, 25, 27, 33, 55, 77, 135, 225]]
[649, [3, 5, 7, 9, 15, 21, 45, 55, 63, 75, 77, 99, 175]]
[657, 0]
[665, 0]
[673, [3, 5, 7, 9, 11, 15, 45, 77, 105, 165, 231]]
[681, [3, 5, 7, 9, 11, 15, 45, 75, 105, 175, 231]]
[689, [3, 5, 7, 9, 15, 27, 35, 39, 63, 65, 91, 135, 195]]
[697, [3, 5, 7, 9, 11, 21, 33, 45, 77, 189, 297]]
[705, [3, 5, 7, 9, 15, 21, 25, 35, 45, 225, 315]]
[713, [3, 5, 7, 9, 11, 15, 45, 63, 135, 189, 231]]
[721, [3, 5, 7, 11, 15, 21, 27, 35, 55, 77, 99, 135, 231]]
[729, 0]
[737, [3, 5, 7, 9, 15, 21, 35, 45, 75, 77, 105, 165, 175]]
[745, [3, 5, 7, 9, 11, 15, 35, 105, 135, 189, 231]]
[753, [3, 5, 7, 9, 11, 15, 35, 99, 143, 195, 231]]
[761, [3, 5, 7, 9, 11, 21, 33, 45, 77, 165, 385]]
[769, [3, 5, 7, 9, 15, 21, 35, 45, 63, 77, 135, 165, 189]]
[777, [3, 5, 7, 9, 15, 21, 35, 45, 63, 75, 135, 175, 189]]
[785, [3, 5, 7, 11, 13, 15, 39, 63, 65, 91, 99, 143, 231]]
[793, [3, 5, 9, 11, 15, 21, 25, 27, 33, 45, 77, 225, 297]]
[801, [3, 5, 7, 9, 11, 15, 45, 55, 165, 189, 297]]
[809, [3, 5, 7, 9, 15, 25, 27, 45, 63, 75, 135, 175, 225]]
[817, [3, 5, 7, 9, 15, 19, 35, 57, 63, 91, 95, 171, 247]]
[825, [3, 5, 7, 9, 13, 25, 35, 39, 77, 105, 117, 165, 225]]
[833, [3, 5, 7, 9, 11, 15, 33, 99, 165, 189, 297]]
[841, [3, 5, 7, 9, 15, 25, 27, 35, 75, 105, 135, 175, 225]]
[849, [3, 5, 7, 9, 15, 19, 27, 63, 91, 95, 133, 135, 247]]
[857, [3, 5, 7, 9, 11, 21, 33, 45, 65, 273, 385]]
[865, [3, 5, 7, 9, 15, 21, 25, 35, 45, 175, 525]]
[873, [3, 5, 7, 9, 15, 21, 35, 45, 63, 75, 105, 175, 315]]
[881, [3, 5, 7, 9, 11, 15, 35, 75, 175, 231, 315]]
[889, [3, 5, 7, 9, 13, 21, 35, 45, 49, 65, 637]]
[897, [3, 5, 7, 9, 11, 15, 33, 105, 135, 189, 385]]
[905, [3, 5, 7, 9, 11, 15, 35, 99, 105, 231, 385]]
[913, [3, 5, 7, 9, 11, 15, 55, 63, 75, 175, 495]]
[921, [3, 5, 7, 9, 15, 21, 25, 45, 77, 135, 165, 189, 225]]
[929, [3, 5, 7, 9, 15, 21, 25, 45, 75, 135, 175, 189, 225]]
[937, [3, 5, 7, 9, 15, 21, 27, 45, 75, 105, 135, 175, 315]]
[945, [3, 5, 7, 11, 15, 27, 33, 35, 55, 75, 99, 105, 135, 165, 175]]
[953, [3, 5, 9, 11, 15, 21, 25, 33, 45, 55, 77, 105, 135, 189, 225]]
[961, [3, 5, 7, 9, 11, 15, 33, 77, 189, 297, 315]]
[969, [3, 5, 7, 9, 15, 25, 27, 35, 63, 105, 135, 225, 315]]
[977, [3, 5, 7, 11, 15, 21, 35, 55, 63, 75, 77, 99, 105, 175, 231]]
[985, [3, 5, 7, 9, 13, 21, 33, 39, 45, 117, 693]]
[993, [3, 5, 7, 9, 15, 21, 27, 33, 45, 135, 693]]
[1001, [3, 5, 7, 9, 11, 15, 33, 99, 135, 189, 495]]
[1009, [3, 5, 7, 9, 11, 19, 57, 63, 91, 95, 171, 231, 247]]
[1017, [3, 5, 7, 9, 15, 21, 25, 45, 77, 99, 189, 225, 297]]
[1025, [3, 5, 7, 9, 15, 21, 25, 45, 75, 105, 175, 225, 315]]
[1033, [3, 5, 7, 9, 11, 15, 33, 75, 175, 315, 385]]
[1041, [3, 5, 7, 11, 15, 27, 33, 45, 55, 63, 75, 77, 135, 175, 315]]
[1049, [3, 5, 7, 9, 15, 21, 27, 45, 77, 81, 165, 189, 405]]
[1057, [3, 5, 7, 9, 15, 21, 25, 45, 63, 135, 189, 225, 315]]
[1065, [3, 5, 7, 9, 11, 15, 35, 63, 231, 245, 441]]
[1073, [3, 5, 7, 9, 15, 27, 33, 35, 55, 63, 135, 147, 539]]
[1081, [3, 5, 7, 9, 15, 21, 25, 45, 81, 105, 135, 225, 405]]
[1089, [3, 5, 7, 9, 15, 21, 25, 35, 105, 135, 189, 225, 315]]
[1097, [3, 5, 7, 9, 11, 15, 27, 135, 225, 275, 385]]
[1105, [3, 5, 7, 9, 15, 27, 45, 55, 63, 75, 77, 99, 135, 175, 315]]
[1113, [3, 5, 9, 11, 15, 21, 25, 33, 35, 63, 77, 105, 189, 225, 297]]
[1121, [3, 5, 7, 9, 15, 21, 27, 45, 63, 105, 135, 245, 441]]
[1129, [3, 5, 7, 9, 15, 25, 27, 35, 63, 105, 135, 175, 525]]
[1137, [3, 5, 7, 9, 15, 27, 35, 55, 75, 77, 99, 105, 135, 175, 315]]
[1145, [3, 5, 9, 11, 15, 21, 25, 33, 45, 55, 77, 81, 135, 225, 405]]
[1153, [3, 5, 7, 9, 15, 21, 25, 33, 99, 165, 225, 231, 315]]
[1161, [3, 5, 7, 9, 11, 15, 33, 77, 147, 315, 539]]
[1169, [3, 5, 9, 11, 15, 21, 27, 35, 45, 55, 63, 75, 135, 175, 495]]
[1177, [3, 5, 7, 9, 15, 21, 25, 45, 77, 105, 165, 175, 525]]
[1185, [3, 5, 7, 9, 15, 21, 27, 45, 63, 81, 189, 315, 405]]
[1193, [3, 5, 7, 9, 15, 21, 27, 35, 75, 135, 175, 245, 441]]
[1201, [3, 5, 7, 9, 11, 15, 35, 75, 135, 231, 675]]
[1209, [3, 5, 7, 9, 15, 21, 25, 45, 63, 105, 225, 245, 441]]
[1217, [3, 5, 7, 9, 15, 21, 27, 35, 45, 105, 945]]
[1225, [3, 5, 7, 9, 21, 25, 27, 35, 63, 75, 105, 135, 175, 225, 315]]
[1233, [3, 5, 7, 9, 11, 15, 63, 75, 135, 175, 189, 231, 315]]
[1241, [3, 5, 7, 9, 15, 21, 33, 45, 63, 77, 105, 165, 693]]
[1249, [3, 5, 7, 9, 15, 21, 25, 35, 105, 135, 175, 189, 525]]
[1257, [3, 5, 7, 9, 15, 21, 27, 35, 75, 135, 175, 225, 525]]
[1265, [3, 5, 7, 11, 15, 21, 33, 35, 55, 75, 99, 175, 225, 231, 275]]
[1273, [3, 5, 7, 9, 15, 21, 25, 35, 77, 165, 225, 245, 441]]
[1281, [3, 5, 7, 9, 15, 21, 25, 35, 75, 175, 225, 245, 441]]
[1289, [3, 5, 7, 9, 11, 15, 27, 105, 297, 315, 495]]
[1297, [3, 5, 7, 9, 15, 27, 35, 55, 63, 75, 77, 135, 175, 231, 385]]
[1305, [3, 5, 9, 11, 15, 21, 25, 27, 45, 55, 77, 105, 225, 297, 385]]
[1313, [3, 5, 7, 9, 15, 21, 25, 45, 63, 105, 175, 315, 525]]
[1321, [3, 5, 7, 9, 15, 21, 27, 35, 63, 135, 245, 315, 441]]
[1329, [3, 5, 7, 9, 11, 15, 35, 63, 147, 495, 539]]
[1337, [3, 5, 7, 9, 15, 21, 25, 33, 77, 225, 231, 245, 441]]
[1345, [3, 5, 7, 9, 15, 21, 25, 27, 63, 225, 945]]
[1353, [3, 5, 7, 9, 15, 25, 27, 35, 63, 75, 189, 225, 675]]
[1361, [3, 5, 7, 9, 15, 21, 27, 35, 63, 135, 231, 315, 495]]
[1369, [3, 5, 9, 11, 15, 21, 25, 27, 33, 77, 81, 135, 225, 297, 405]]
[1377, [3, 5, 7, 9, 11, 15, 55, 81, 135, 165, 189, 297, 405]]
[1385, [3, 5, 7, 9, 15, 21, 27, 35, 63, 135, 225, 315, 525]]
[1393, [3, 5, 7, 9, 11, 15, 27, 135, 147, 495, 539]]
[1401, [3, 5, 7, 9, 15, 21, 25, 33, 77, 189, 225, 297, 495]]
[1409, [3, 5, 7, 9, 15, 21, 25, 35, 63, 225, 245, 315, 441]]
[1417, [3, 5, 7, 9, 15, 21, 27, 45, 63, 75, 175, 405, 567]]
[1425, [3, 5, 7, 9, 15, 27, 35, 45, 63, 75, 105, 135, 175, 231, 495]]
[1433, [3, 5, 7, 9, 15, 25, 35, 45, 77, 81, 99, 105, 225, 297, 405]]
[1441, [3, 5, 7, 9, 15, 21, 25, 35, 81, 135, 175, 405, 525]]
[1449, [3, 5, 7, 9, 15, 21, 27, 35, 63, 175, 189, 225, 675]]
[1457, [3, 5, 7, 9, 11, 15, 63, 75, 99, 175, 225, 275, 495]]
[1465, [3, 5, 7, 9, 15, 21, 25, 33, 77, 165, 225, 385, 495]]
[1473, [3, 5, 7, 9, 15, 21, 25, 27, 135, 225, 245, 315, 441]]
[1481, [3, 5, 7, 9, 15, 21, 27, 35, 63, 135, 189, 405, 567]]
[1489, [3, 5, 7, 9, 11, 15, 55, 75, 135, 175, 189, 315, 495]]
[1497, [3, 5, 7, 9, 21, 25, 27, 35, 45, 81, 105, 189, 225, 315, 405]]
[1505, [3, 5, 7, 9, 15, 21, 35, 45, 75, 105, 135, 175, 189, 245, 441]]
[1513, [3, 5, 7, 9, 15, 21, 27, 45, 49, 135, 147, 315, 735]]
[1521, [3, 5, 7, 9, 11, 15, 55, 75, 147, 165, 175, 315, 539]]
[1529, [3, 5, 7, 9, 15, 25, 27, 45, 77, 105, 135, 165, 225, 245, 441]]
[1537, [3, 5, 7, 9, 15, 21, 25, 35, 45, 147, 1225]]
[1545, [3, 5, 7, 9, 15, 21, 25, 35, 75, 135, 225, 315, 675]]
[1553, [3, 5, 7, 9, 15, 25, 27, 55, 63, 99, 135, 165, 175, 275, 495]]
[1561, [3, 5, 7, 9, 15, 25, 33, 35, 63, 105, 165, 189, 225, 297, 385]]
[1569, [3, 5, 7, 9, 15, 21, 25, 35, 63, 175, 245, 441, 525]]
[1577, [3, 5, 7, 9, 15, 21, 27, 35, 63, 105, 315, 405, 567]]
[1585, [3, 5, 7, 9, 15, 27, 35, 49, 63, 75, 105, 135, 147, 175, 735]]
[1593, [3, 5, 7, 9, 15, 21, 25, 33, 77, 165, 225, 315, 693]]
[1601, [3, 5, 7, 9, 15, 21, 25, 45, 49, 147, 225, 315, 735]]
[1609, [3, 5, 7, 9, 15, 25, 27, 35, 63, 75, 175, 225, 945]]
[1617, [3, 5, 7, 9, 15, 21, 35, 55, 75, 77, 99, 175, 231, 315, 495]]
[1625, [3, 5, 7, 9, 15, 21, 25, 33, 99, 105, 225, 385, 693]]
[1633, [3, 5, 7, 9, 15, 21, 25, 27, 135, 175, 245, 441, 525]]
[1641, [3, 5, 7, 9, 15, 21, 27, 35, 75, 135, 175, 189, 945]]
[1649, [3, 5, 7, 9, 15, 25, 27, 35, 63, 75, 135, 375, 875]]
[1657, [3, 5, 7, 9, 15, 21, 25, 45, 63, 105, 189, 225, 945]]
[1665, [3, 5, 7, 9, 15, 25, 27, 35, 45, 105, 189, 525, 675]]
[1673, [3, 5, 7, 9, 15, 21, 27, 35, 75, 81, 315, 405, 675]]
[1681, [3, 5, 7, 9, 15, 21, 27, 63, 75, 105, 135, 175, 231, 315, 495]]
[1689, [3, 5, 7, 9, 15, 25, 33, 45, 55, 81, 99, 225, 297, 385, 405]]
[1697, [3, 5, 7, 9, 15, 21, 27, 45, 75, 105, 125, 135, 1125]]
[1705, [3, 5, 7, 9, 15, 21, 25, 35, 75, 135, 175, 525, 675]]
[1713, [3, 5, 7, 9, 11, 15, 63, 75, 99, 135, 231, 385, 675]]
[1721, [3, 5, 7, 9, 15, 21, 25, 35, 77, 165, 189, 225, 945]]
[1729, [3, 5, 7, 9, 15, 21, 25, 27, 105, 225, 315, 405, 567]]
[1737, [3, 5, 7, 9, 15, 21, 27, 35, 75, 105, 175, 315, 945]]
[1745, [3, 5, 7, 9, 15, 21, 27, 35, 63, 135, 175, 375, 875]]
[1753, [3, 5, 7, 9, 15, 21, 25, 33, 77, 165, 175, 525, 693]]
[1761, [3, 5, 7, 9, 15, 21, 25, 45, 49, 147, 175, 525, 735]]
[1769, [3, 5, 7, 9, 15, 21, 25, 35, 75, 135, 189, 375, 875]]
[1777, [3, 5, 7, 9, 15, 27, 35, 45, 49, 75, 135, 147, 175, 315, 735]]
[1785, [3, 5, 7, 9, 15, 21, 25, 45, 75, 105, 125, 225, 1125]]
[1793, [3, 5, 7, 9, 15, 21, 27, 35, 81, 105, 135, 405, 945]]
[1801, [3, 5, 7, 9, 15, 25, 27, 35, 63, 105, 135, 147, 1225]]
[1809, [3, 5, 7, 9, 15, 21, 35, 55, 63, 75, 135, 165, 231, 315, 675]]
[1817, [3, 5, 7, 9, 15, 25, 27, 35, 81, 105, 189, 225, 245, 405, 441]]
[1825, [3, 5, 7, 9, 15, 21, 27, 35, 45, 245, 405, 441, 567]]
[1833, [3, 5, 7, 9, 15, 21, 25, 35, 63, 75, 1575]]
[1841, [3, 5, 7, 9, 11, 15, 35, 55, 231, 315, 1155]]
[1849, [3, 5, 7, 9, 15, 21, 25, 45, 63, 81, 225, 405, 945]]
[1857, [3, 5, 7, 9, 15, 21, 25, 35, 63, 189, 225, 315, 945]]
[1865, [3, 5, 7, 9, 15, 21, 25, 35, 75, 105, 315, 375, 875]]
[1873, [3, 5, 7, 9, 11, 15, 55, 63, 135, 175, 225, 495, 675]]
[1881, [3, 5, 7, 9, 15, 21, 25, 35, 81, 105, 225, 405, 945]]
[1889, [3, 5, 7, 9, 15, 21, 25, 27, 105, 175, 405, 525, 567]]
[1897, [3, 5, 7, 9, 15, 21, 25, 27, 75, 135, 1575]]
[1905, [3, 5, 7, 9, 11, 15, 35, 135, 147, 189, 315, 495, 539]]
[1913, [3, 5, 7, 9, 15, 21, 27, 45, 81, 105, 189, 245, 315, 405, 441]]
[1921, [3, 5, 7, 9, 15, 21, 25, 27, 105, 189, 315, 525, 675]]
[1929, [3, 5, 7, 9, 15, 21, 27, 35, 75, 135, 147, 225, 1225]]
[1937, [3, 5, 7, 9, 11, 15, 55, 75, 99, 147, 297, 539, 675]]
[1945, [3, 5, 7, 9, 15, 21, 25, 45, 105, 135, 175, 189, 245, 441, 525]]
[1953, [3, 5, 7, 9, 15, 21, 27, 45, 75, 135, 175, 225, 245, 441, 525]]
[1961, [3, 5, 7, 9, 15, 21, 27, 49, 63, 75, 175, 189, 1323]]
[1969, [3, 5, 7, 9, 11, 15, 35, 99, 175, 275, 315, 495, 525]]
[1977, [3, 5, 7, 9, 15, 21, 25, 45, 81, 135, 225, 245, 315, 405, 441]]
[1985, [3, 5, 7, 9, 15, 21, 25, 35, 75, 125, 225, 315, 1125]]
[1993, [3, 5, 7, 9, 15, 25, 27, 35, 45, 135, 147, 315, 1225]]
[2001, [3, 5, 7, 9, 11, 15, 55, 63, 99, 231, 315, 495, 693]]
[2009, [3, 5, 7, 9, 11, 15, 33, 105, 225, 245, 385, 441, 525]]
[2017, [3, 5, 7, 9, 15, 21, 25, 35, 63, 175, 189, 525, 945]]
[2025, [3, 5, 7, 9, 15, 21, 27, 35, 49, 147, 405, 567, 735]]
[2033, [3, 5, 7, 9, 11, 15, 75, 99, 135, 175, 189, 225, 275, 315, 495]]
[2041, [3, 5, 7, 9, 21, 25, 27, 45, 63, 75, 81, 175, 189, 225, 245, 405, 441]]
[2049, [3, 5, 7, 9, 15, 25, 27, 45, 49, 63, 135, 441, 1225]]
[2057, [3, 5, 7, 9, 15, 21, 25, 35, 75, 147, 175, 315, 1225]]
[2065, [3, 5, 7, 9, 11, 15, 35, 99, 147, 315, 385, 495, 539]]
[2073, [3, 5, 7, 9, 15, 21, 25, 27, 105, 225, 245, 441, 945]]
[2081, [3, 5, 7, 9, 15, 21, 25, 27, 135, 175, 189, 525, 945]]
[2089, [3, 5, 7, 9, 15, 21, 27, 35, 63, 147, 189, 245, 1323]]
[2097, [3, 5, 7, 9, 11, 15, 49, 75, 135, 147, 231, 675, 735]]
[2105, [3, 5, 7, 9, 11, 15, 45, 77, 105, 225, 385, 525, 693]]
[2113, [3, 5, 7, 9, 15, 21, 25, 27, 81, 315, 405, 525, 675]]
[2121, [3, 5, 7, 9, 15, 27, 35, 45, 49, 75, 105, 147, 189, 675, 735]]
[2129, [3, 5, 7, 9, 11, 15, 35, 63, 175, 231, 1575]]
[2137, [3, 5, 7, 9, 15, 21, 25, 45, 81, 135, 175, 245, 405, 441, 525]]
[2145, [3, 5, 7, 9, 15, 21, 25, 35, 75, 105, 225, 675, 945]]
[2153, [3, 5, 7, 9, 15, 21, 27, 35, 63, 105, 243, 405, 1215]]
[2161, [3, 5, 7, 9, 11, 15, 35, 105, 175, 231, 315, 375, 875]]
[2169, [3, 5, 7, 9, 15, 21, 25, 45, 49, 135, 189, 441, 1225]]
[2177, [3, 5, 7, 9, 15, 21, 25, 27, 105, 175, 315, 525, 945]]
[2185, [3, 5, 7, 9, 15, 21, 27, 45, 63, 105, 135, 175, 1575]]
[2193, [3, 5, 7, 9, 11, 15, 27, 135, 175, 231, 1575]]
[2201, [3, 5, 7, 9, 21, 25, 27, 35, 45, 63, 105, 225, 245, 441, 945]]
[2209, [3, 5, 7, 9, 15, 21, 25, 45, 75, 105, 135, 189, 1575]]
[2217, [3, 5, 7, 9, 15, 21, 27, 35, 63, 135, 147, 525, 1225]]
[2225, [3, 5, 7, 9, 11, 15, 35, 99, 175, 231, 315, 495, 825]]
[2233, [3, 5, 7, 9, 15, 21, 25, 63, 81, 105, 135, 189, 225, 405, 945]]
[2241, [3, 5, 7, 9, 15, 21, 25, 27, 147, 189, 225, 245, 1323]]
[2249, [3, 5, 7, 9, 15, 21, 35, 45, 63, 75, 135, 189, 405, 567, 675]]
[2257, [3, 5, 7, 9, 15, 21, 27, 49, 63, 135, 147, 231, 315, 495, 735]]
[2265, [3, 5, 7, 9, 15, 21, 25, 45, 49, 105, 315, 441, 1225]]
[2273, [3, 5, 7, 9, 15, 21, 25, 35, 63, 125, 315, 525, 1125]]
[2281, [3, 5, 7, 9, 15, 21, 27, 35, 45, 189, 375, 675, 875]]
[2289, [3, 5, 7, 9, 15, 25, 27, 35, 63, 75, 135, 315, 1575]]
[2297, [3, 5, 7, 9, 15, 21, 25, 35, 105, 189, 225, 245, 405, 441, 567]]
[2305, [3, 5, 7, 9, 15, 21, 25, 27, 105, 225, 243, 405, 1215]]
[2313, [3, 5, 7, 9, 15, 21, 27, 35, 49, 147, 315, 735, 945]]
[2321, [3, 5, 7, 9, 11, 15, 63, 75, 77, 175, 231, 495, 1155]]
[2329, [3, 5, 7, 9, 21, 25, 27, 35, 45, 81, 105, 147, 189, 405, 1225]]
[2337, [3, 5, 7, 9, 15, 21, 25, 27, 125, 135, 315, 525, 1125]]
[2345, [3, 5, 7, 9, 15, 21, 27, 35, 45, 243, 315, 405, 1215]]
[2353, [3, 5, 7, 9, 11, 15, 35, 75, 231, 315, 405, 567, 675]]
[2361, [3, 5, 7, 9, 15, 21, 25, 75, 81, 105, 125, 135, 225, 405, 1125]]
[2369, [3, 5, 7, 9, 15, 21, 25, 27, 135, 147, 225, 525, 1225]]
[2377, [3, 5, 7, 9, 15, 21, 25, 35, 75, 135, 147, 675, 1225]]
[2385, [3, 5, 7, 9, 15, 21, 27, 35, 63, 135, 175, 315, 1575]]
[2393, [3, 5, 7, 9, 21, 25, 27, 45, 49, 63, 81, 105, 225, 405, 1323]]
[2401, [3, 5, 7, 9, 15, 21, 25, 27, 125, 175, 189, 675, 1125]]
[2409, [3, 5, 7, 9, 15, 21, 25, 27, 75, 375, 405, 567, 875]]
[2417, [3, 5, 7, 9, 11, 15, 33, 99, 175, 315, 375, 495, 875]]
[2425, [3, 5, 7, 9, 15, 21, 25, 45, 75, 175, 189, 225, 245, 441, 945]]
[2433, [3, 5, 7, 9, 15, 21, 25, 35, 63, 105, 525, 675, 945]]
[2441, [3, 5, 7, 9, 15, 25, 27, 35, 45, 75, 375, 875, 945]]
[2449, [3, 5, 7, 9, 11, 15, 45, 63, 135, 231, 375, 675, 875]]
[2457, [3, 5, 7, 9, 15, 21, 27, 45, 81, 125, 175, 189, 225, 405, 1125]]
[2465, [3, 5, 7, 9, 15, 21, 27, 45, 63, 75, 125, 945, 1125]]
[2473, [3, 5, 7, 9, 15, 21, 25, 35, 63, 175, 225, 315, 1575]]
[2481, [3, 5, 7, 9, 15, 27, 35, 49, 63, 75, 135, 147, 175, 245, 315, 441, 735]]
[2489, [3, 5, 7, 9, 15, 21, 25, 45, 49, 105, 245, 735, 1225]]
[2497, [3, 5, 7, 9, 15, 21, 25, 27, 105, 135, 525, 675, 945]]
[2505, [3, 5, 7, 9, 15, 21, 27, 45, 63, 75, 135, 525, 1575]]
[2513, [3, 5, 7, 9, 15, 21, 35, 45, 63, 75, 135, 175, 375, 675, 875]]
[2521, [3, 5, 7, 9, 15, 25, 35, 45, 49, 81, 105, 189, 225, 405, 1323]]
[2529, [3, 5, 7, 9, 15, 21, 25, 45, 63, 75, 245, 441, 1575]]
[2537, [3, 5, 7, 9, 15, 21, 25, 27, 135, 175, 225, 315, 1575]]
[2545, [3, 5, 7, 9, 15, 25, 27, 49, 63, 75, 135, 147, 375, 735, 875]]
[2553, [3, 5, 7, 9, 15, 21, 25, 45, 63, 189, 225, 245, 315, 441, 945]]
[2561, [3, 5, 7, 9, 15, 21, 25, 27, 105, 147, 405, 567, 1225]]
[2569, [3, 5, 7, 9, 15, 21, 27, 35, 49, 175, 225, 675, 1323]]
[2577, [3, 5, 7, 9, 15, 21, 25, 45, 81, 105, 225, 245, 405, 441, 945]]
[2585, [3, 5, 7, 9, 15, 21, 25, 35, 49, 225, 441, 525, 1225]]
[2593, [3, 5, 7, 9, 15, 21, 25, 45, 63, 75, 225, 525, 1575]]
[2601, [3, 5, 7, 9, 15, 21, 25, 35, 63, 135, 225, 735, 1323]]
[2609, [3, 5, 7, 9, 11, 15, 27, 175, 297, 315, 375, 495, 875]]
[2617, [3, 5, 7, 9, 15, 21, 25, 45, 105, 135, 147, 189, 245, 441, 1225]]
[2625, [3, 5, 7, 9, 15, 21, 25, 35, 45, 315, 525, 675, 945]]
[2633, [3, 5, 7, 9, 15, 21, 27, 49, 75, 105, 147, 175, 315, 735, 945]]
[2641, [3, 5, 7, 9, 15, 21, 27, 49, 63, 135, 147, 175, 375, 735, 875]]
[2649, [3, 5, 7, 9, 15, 21, 25, 45, 105, 125, 135, 189, 315, 525, 1125]]
[2657, [3, 5, 7, 9, 15, 21, 25, 45, 75, 105, 175, 405, 525, 567, 675]]
[2665, [3, 5, 7, 9, 15, 21, 25, 45, 75, 135, 175, 225, 375, 675, 875]]
[2673, [3, 5, 7, 9, 11, 15, 35, 63, 315, 441, 495, 539, 735]]
[2681, [3, 5, 7, 9, 15, 21, 25, 35, 81, 189, 245, 405, 441, 525, 675]]
[2689, [3, 5, 7, 9, 15, 21, 25, 27, 105, 189, 225, 735, 1323]]
[2697, [3, 5, 7, 9, 15, 21, 25, 27, 75, 315, 375, 875, 945]]
[2705, [3, 5, 7, 9, 11, 15, 27, 175, 231, 375, 405, 567, 875]]
[2713, [3, 5, 7, 9, 15, 21, 25, 45, 63, 175, 189, 245, 441, 525, 945]]
[2721, [3, 5, 7, 9, 15, 21, 25, 35, 105, 135, 189, 405, 525, 567, 675]]
[2729, [3, 5, 7, 9, 15, 21, 25, 49, 63, 75, 147, 735, 1575]]
[2737, [3, 5, 7, 9, 15, 27, 35, 49, 63, 75, 105, 147, 175, 315, 405, 567, 735]]
[2745, [3, 5, 7, 9, 15, 21, 25, 35, 105, 175, 189, 245, 441, 525, 945]]
[2753, [3, 5, 7, 9, 15, 21, 25, 27, 105, 135, 441, 735, 1225]]
[2761, [3, 5, 7, 9, 15, 25, 27, 35, 49, 63, 525, 675, 1323]]
[2769, [3, 5, 7, 9, 11, 15, 45, 75, 135, 175, 231, 735, 1323]]
[2777, [3, 5, 7, 9, 15, 21, 25, 45, 49, 105, 225, 945, 1323]]
[2785, [3, 5, 7, 9, 15, 21, 25, 27, 175, 245, 315, 405, 441, 525, 567]]
[2793, [3, 5, 7, 9, 15, 21, 25, 35, 63, 135, 225, 675, 1575]]
[2801, [3, 5, 7, 9, 15, 21, 27, 35, 75, 175, 189, 315, 375, 675, 875]]
[2809, [3, 5, 7, 9, 15, 21, 25, 45, 81, 135, 147, 245, 405, 441, 1225]]
[2817, [3, 5, 7, 9, 15, 21, 25, 35, 75, 125, 147, 1125, 1225]]
[2825, [3, 5, 7, 9, 15, 21, 25, 35, 105, 135, 225, 315, 375, 675, 875]]
[2833, [3, 5, 7, 9, 11, 15, 27, 147, 297, 315, 539, 567, 891]]
[2841, [3, 5, 7, 9, 15, 21, 25, 45, 75, 105, 225, 245, 441, 675, 945]]
[2849, [3, 5, 7, 9, 15, 21, 25, 27, 105, 147, 315, 945, 1225]]
[2857, [3, 5, 7, 9, 15, 21, 25, 35, 75, 175, 315, 405, 525, 567, 675]]
[2865, [3, 5, 7, 9, 11, 15, 27, 135, 315, 385, 495, 567, 891]]
[2873, [3, 5, 7, 9, 15, 21, 25, 45, 81, 135, 147, 225, 405, 525, 1225]]
[2881, [3, 5, 7, 9, 15, 21, 25, 27, 81, 225, 405, 735, 1323]]
[2889, [3, 5, 7, 9, 15, 21, 27, 35, 45, 175, 405, 567, 1575]]
[2897, [3, 5, 7, 9, 15, 21, 27, 35, 63, 175, 315, 375, 405, 567, 875]]
[2905, [3, 5, 7, 9, 15, 21, 25, 35, 125, 135, 189, 245, 441, 525, 1125]]
[2913, [3, 5, 7, 9, 15, 21, 27, 45, 49, 135, 147, 245, 2205]]
[2921, [3, 5, 7, 9, 15, 21, 27, 35, 45, 189, 315, 675, 1575]]
[2929, [3, 5, 7, 9, 15, 27, 35, 49, 63, 75, 135, 147, 175, 189, 315, 735, 945]]
[2937, [3, 5, 7, 9, 15, 21, 25, 27, 105, 125, 525, 945, 1125]]
[2945, [3, 5, 7, 9, 15, 21, 27, 35, 63, 105, 225, 405, 2025]]
[2953, [3, 5, 7, 9, 15, 21, 25, 45, 63, 135, 175, 375, 525, 675, 875]]
[2961, [3, 5, 7, 9, 15, 21, 35, 45, 63, 75, 135, 175, 315, 735, 1323]]
[2969, [3, 5, 7, 9, 15, 21, 25, 35, 49, 189, 441, 945, 1225]]
[2977, [3, 5, 7, 9, 15, 21, 25, 35, 49, 225, 315, 945, 1323]]
[2985, [3, 5, 7, 9, 15, 21, 27, 35, 63, 105, 175, 945, 1575]]
[2993, [3, 5, 7, 9, 15, 21, 27, 35, 63, 75, 675, 735, 1323]]
[3001, [3, 5, 7, 9, 15, 21, 25, 45, 49, 147, 225, 245, 2205]]
[3009, [3, 5, 7, 9, 15, 21, 25, 35, 75, 105, 189, 945, 1575]]
[3017, [3, 5, 7, 9, 15, 21, 25, 35, 135, 147, 175, 225, 315, 675, 1225]]
[3025, [3, 5, 7, 9, 15, 27, 35, 45, 49, 63, 135, 147, 175, 735, 1575]]
[3033, [3, 5, 7, 9, 15, 21, 25, 35, 105, 147, 225, 245, 441, 525, 1225]]
[3041, [3, 5, 7, 9, 15, 21, 25, 27, 135, 175, 189, 405, 2025]]
[3049, [3, 5, 7, 9, 15, 21, 25, 27, 75, 315, 405, 567, 1575]]
[3057, [3, 5, 7, 9, 15, 25, 35, 45, 63, 75, 135, 175, 225, 315, 375, 675, 875]]
[3065, [3, 5, 7, 9, 15, 21, 25, 49, 81, 105, 135, 245, 405, 735, 1225]]
[3073, [3, 5, 7, 9, 15, 21, 25, 27, 81, 225, 405, 675, 1575]]
[3081, [3, 5, 7, 9, 15, 25, 27, 35, 45, 75, 315, 945, 1575]]
[3089, [3, 5, 7, 9, 11, 15, 27, 135, 231, 495, 567, 693, 891]]
[3097, [3, 5, 7, 9, 15, 21, 25, 45, 105, 175, 189, 245, 315, 405, 441, 525, 567]]
[3105, [3, 5, 7, 9, 15, 21, 25, 27, 135, 245, 405, 441, 525, 567, 675]]
[3113, [3, 5, 7, 9, 15, 21, 25, 35, 63, 105, 375, 875, 1575]]
[3121, [3, 5, 7, 9, 15, 25, 27, 35, 63, 135, 147, 175, 375, 875, 1225]]
[3129, [3, 5, 7, 9, 15, 21, 25, 27, 189, 225, 245, 405, 441, 567, 945]]
[3137, [3, 5, 7, 9, 15, 21, 25, 27, 105, 175, 225, 945, 1575]]
[3145, [3, 5, 7, 9, 15, 21, 25, 27, 75, 225, 675, 735, 1323]]
[3153, [3, 5, 7, 9, 15, 21, 35, 45, 63, 75, 135, 175, 315, 675, 1575]]
[3161, [3, 5, 7, 9, 15, 21, 25, 35, 105, 125, 189, 405, 525, 567, 1125]]
[3169, [3, 5, 7, 9, 15, 21, 25, 35, 125, 135, 189, 225, 375, 875, 1125]]
[3177, [3, 5, 7, 9, 15, 21, 25, 27, 105, 135, 375, 875, 1575]]
[3185, [3, 5, 7, 9, 15, 21, 27, 35, 75, 135, 243, 315, 405, 675, 1215]]
[3193, [3, 5, 7, 9, 15, 21, 25, 45, 81, 105, 189, 225, 405, 735, 1323]]
[3201, [3, 5, 7, 9, 15, 21, 25, 35, 63, 147, 225, 441, 2205]]
[3209, [3, 5, 7, 9, 15, 21, 27, 35, 75, 105, 315, 405, 567, 675, 945]]
[3217, [3, 5, 7, 9, 15, 21, 27, 35, 63, 135, 375, 405, 567, 675, 875]]
[3225, [3, 5, 7, 9, 15, 21, 25, 49, 75, 81, 189, 405, 441, 675, 1225]]
[3233, [3, 5, 7, 9, 15, 21, 25, 35, 63, 125, 225, 1125, 1575]]
[3241, [3, 5, 7, 9, 15, 21, 25, 27, 175, 189, 315, 375, 525, 675, 875]]
[3249, [3, 5, 7, 9, 15, 27, 35, 45, 49, 75, 135, 147, 315, 405, 567, 675, 735]]
[3257, [3, 5, 7, 9, 15, 21, 25, 45, 81, 105, 135, 405, 441, 735, 1225]]
[3265, [3, 5, 7, 9, 15, 21, 25, 27, 135, 147, 225, 441, 2205]]
[3273, [3, 5, 7, 9, 15, 21, 25, 35, 75, 225, 243, 315, 405, 675, 1215]]
[3281, [3, 5, 7, 9, 15, 21, 27, 49, 63, 135, 147, 175, 315, 735, 1575]]
[3289, [3, 5, 7, 9, 15, 21, 25, 45, 75, 125, 175, 189, 525, 945, 1125]]
[3297, [3, 5, 7, 9, 15, 21, 25, 27, 125, 135, 225, 1125, 1575]]
[3305, [3, 5, 7, 9, 15, 21, 25, 35, 45, 315, 375, 875, 1575]]
[3313, [3, 5, 7, 9, 15, 27, 35, 45, 63, 75, 135, 147, 189, 245, 315, 675, 1323]]
[3321, [3, 5, 7, 9, 15, 21, 25, 45, 49, 189, 315, 405, 441, 567, 1225]]
[3329, [3, 5, 7, 9, 15, 21, 25, 35, 63, 245, 315, 441, 525, 675, 945]]
[3337, [3, 5, 7, 9, 15, 25, 27, 35, 49, 75, 189, 1323, 1575]]
[3345, [3, 5, 7, 9, 15, 27, 35, 49, 63, 75, 105, 135, 147, 315, 675, 735, 945]]
[3353, [3, 5, 7, 9, 15, 21, 25, 45, 81, 105, 147, 315, 405, 945, 1225]]
[3361, [3, 5, 7, 9, 15, 21, 27, 45, 49, 105, 135, 735, 2205]]
[3369, [3, 5, 7, 9, 15, 21, 25, 27, 135, 147, 175, 1225, 1575]]
[3377, [3, 5, 7, 9, 15, 21, 27, 35, 75, 135, 175, 375, 675, 875, 945]]
[3385, [3, 5, 7, 9, 15, 21, 25, 45, 49, 225, 245, 405, 441, 567, 1323]]
[3393, [3, 5, 7, 9, 15, 21, 25, 27, 75, 245, 441, 945, 1575]]
[3401, [3, 5, 7, 9, 15, 21, 25, 45, 63, 135, 175, 315, 525, 735, 1323]]
[3409, [3, 5, 7, 9, 15, 25, 27, 45, 63, 75, 135, 175, 375, 875, 1575]]
[3417, [3, 5, 7, 9, 15, 21, 25, 35, 105, 147, 189, 245, 441, 945, 1225]]
[3425, [3, 5, 7, 9, 15, 21, 25, 35, 105, 125, 175, 375, 525, 875, 1125]]
[3433, [3, 5, 7, 9, 15, 21, 25, 27, 63, 525, 675, 735, 1323]]
[3441, [3, 5, 7, 9, 15, 21, 25, 45, 81, 105, 125, 405, 525, 945, 1125]]
[3449, [3, 5, 7, 9, 15, 21, 25, 45, 49, 105, 225, 735, 2205]]
[3457, [3, 5, 7, 9, 15, 21, 25, 27, 75, 225, 525, 945, 1575]]
[3465, [3, 5, 7, 9, 15, 25, 27, 35, 63, 81, 135, 225, 2835]]
[3473, [3, 5, 7, 9, 15, 21, 27, 35, 63, 175, 243, 375, 405, 875, 1215]]
[3481, [3, 5, 7, 9, 15, 21, 25, 35, 105, 147, 189, 225, 525, 945, 1225]]
[3489, [3, 5, 7, 9, 15, 21, 25, 35, 63, 189, 405, 525, 567, 675, 945]]
[3497, [3, 5, 7, 9, 15, 21, 27, 35, 45, 135, 675, 945, 1575]]
[3505, [3, 5, 7, 9, 15, 21, 27, 35, 63, 135, 315, 375, 675, 875, 945]]
[3513, [3, 5, 7, 9, 15, 21, 25, 45, 75, 125, 147, 245, 441, 1125, 1225]]
[3521, [3, 5, 7, 9, 15, 21, 25, 27, 63, 441, 735, 945, 1225]]
[3529, [3, 5, 7, 9, 15, 21, 25, 35, 75, 147, 315, 405, 567, 675, 1225]]
[3537, [3, 5, 7, 9, 15, 21, 27, 35, 75, 135, 175, 405, 567, 735, 1323]]
[3545, [3, 5, 7, 9, 15, 21, 25, 27, 125, 245, 405, 441, 525, 567, 1125]]
[3553, [3, 5, 7, 9, 15, 21, 25, 27, 135, 189, 405, 525, 567, 675, 945]]
[3561, [3, 5, 7, 9, 15, 21, 27, 35, 49, 135, 315, 735, 2205]]
[3569, [3, 5, 7, 9, 15, 21, 27, 35, 75, 135, 189, 315, 675, 735, 1323]]
[3577, [3, 5, 7, 9, 15, 21, 25, 45, 49, 189, 245, 441, 525, 675, 1323]]
[3585, [3, 5, 7, 9, 15, 21, 25, 35, 45, 225, 675, 945, 1575]]
[3593, [3, 5, 7, 9, 15, 21, 27, 35, 81, 105, 135, 315, 2835]]
[3601, [3, 5, 7, 9, 11, 15, 35, 63, 231, 405, 567, 675, 1575]]