[1, 0]
[2, 0]
[3, 0]
[4, 0]
[5, 0]
[6, 0]
[7, 0]
[8, 0]
[9, 0]
[10, 0]
[11, 0]
[12, [3, 9]]
[13, 0]
[14, 0]
[15, 0]
[16, 0]
[17, 0]
[18, 0]
[19, 0]
[20, 0]
[21, 0]
[22, 0]
[23, 0]
[24, 0]
[25, [4, 9, 12]]
[26, 0]
[27, 0]
[28, 0]
[29, 0]
[30, 0]
[31, 0]
[32, 0]
[33, 0]
[34, 0]
[35, 0]
[36, 0]
[37, 0]
[38, 0]
[39, 0]
[40, 0]
[41, 0]
[42, 0]
[43, 0]
[44, 0]
[45, 0]
[46, [4, 6, 36]]
[47, [6, 8, 9, 24]]
[48, 0]
[49, 0]
[50, 0]
[51, [3, 12, 36]]
[52, 0]
[53, 0]
[54, 0]
[55, 0]
[56, 0]
[57, 0]
[58, 0]
[59, 0]
[60, 0]
[61, 0]
[62, 0]
[63, 0]
[64, 0]
[65, 0]
[66, 0]
[67, [4, 9, 18, 36]]
[68, 0]
[69, 0]
[70, 0]
[71, 0]
[72, [4, 8, 24, 36]]
[73, 0]
[74, 0]
[75, 0]
[76, 0]
[77, [4, 9, 16, 48]]
[78, 0]
[79, 0]
[80, 0]
[81, [6, 9, 12, 18, 36]]
[82, 0]
[83, 0]
[84, 0]
[85, 0]
[86, [6, 8, 12, 24, 36]]
[87, 0]
[88, 0]
[89, 0]
[90, 0]
[91, [6, 9, 12, 16, 48]]
[92, 0]
[93, 0]
[94, 0]
[95, 0]
[96, 0]
[97, 0]
[98, 0]
[99, 0]
[100, 0]
[101, 0]
[102, [3, 18, 27, 54]]
[103, [3, 16, 36, 48]]
[104, 0]
[105, 0]
[106, 0]
[107, [8, 9, 12, 18, 24, 36]]
[108, 0]
[109, 0]
[110, 0]
[111, 0]
[112, 0]
[113, 0]
[114, 0]
[115, [4, 12, 18, 27, 54]]
[116, [4, 12, 16, 36, 48]]
[117, [8, 9, 12, 16, 24, 48]]
[118, 0]
[119, 0]
[120, 0]
[121, 0]
[122, 0]
[123, 0]
[124, 0]
[125, 0]
[126, 0]
[127, 0]
[128, 0]
[129, 0]
[130, [4, 9, 27, 36, 54]]
[131, [6, 8, 9, 36, 72]]
[132, 0]
[133, [6, 9, 16, 18, 36, 48]]
[134, 0]
[135, 0]
[136, 0]
[137, [6, 8, 18, 24, 27, 54]]
[138, [6, 8, 16, 24, 36, 48]]
[139, 0]
[140, 0]
[141, 0]
[142, 0]
[143, 0]
[144, [6, 9, 12, 27, 36, 54]]
[145, [4, 9, 24, 36, 72]]
[146, 0]
[147, 0]
[148, 0]
[149, 0]
[150, 0]
[151, [6, 8, 9, 32, 96]]
[152, 0]
[153, 0]
[154, 0]
[155, 0]
[156, 0]
[157, 0]
[158, 0]
[159, [8, 9, 16, 18, 24, 36, 48]]
[160, 0]
[161, 0]
[162, 0]
[163, 0]
[164, 0]
[165, [4, 8, 27, 54, 72]]
[166, 0]
[167, [4, 16, 18, 27, 48, 54]]
[168, [6, 8, 16, 18, 48, 72]]
[169, 0]
[170, [8, 9, 12, 24, 27, 36, 54]]
[171, 0]
[172, [4, 6, 54, 108]]
[173, 0]
[174, 0]
[175, 0]
[176, [4, 8, 32, 36, 96]]
[177, [3, 12, 54, 108]]
[178, 0]
[179, [6, 8, 12, 27, 54, 72]]
[180, [3, 24, 27, 54, 72]]
[181, [6, 12, 16, 18, 27, 48, 54]]
[182, [4, 16, 18, 24, 48, 72]]
[183, 0]
[184, 0]
[185, 0]
[186, [6, 8, 12, 16, 144]]
[187, [3, 16, 24, 144]]
[188, 0]
[189, 0]
[190, [6, 8, 12, 32, 36, 96]]
[191, [3, 24, 32, 36, 96]]
[192, 0]
[193, [4, 12, 24, 27, 54, 72]]
[194, 0]
[195, 0]
[196, [6, 9, 16, 27, 36, 48, 54]]
[197, 0]
[198, [4, 8, 24, 54, 108]]
[199, 0]
[200, [8, 9, 12, 18, 27, 54, 72]]
[201, [8, 9, 12, 16, 36, 48, 72]]
[202, [4, 6, 48, 144]]
[203, 0]
[204, [4, 12, 24, 32, 36, 96]]
[205, 0]
[206, 0]
[207, [8, 12, 16, 18, 24, 27, 48, 54]]
[208, 0]
[209, 0]
[210, [6, 9, 18, 24, 27, 54, 72]]
[211, [6, 9, 16, 24, 36, 48, 72]]
[212, [6, 8, 12, 24, 54, 108]]
[213, 0]
[214, 0]
[215, 0]
[216, 0]
[217, [6, 9, 16, 18, 24, 144]]
[218, 0]
[219, [3, 18, 36, 54, 108]]
[220, 0]
[221, [6, 8, 18, 27, 36, 54, 72]]
[222, [8, 9, 16, 24, 27, 36, 48, 54]]
[223, [4, 9, 18, 48, 144]]
[224, 0]
[225, 0]
[226, 0]
[227, 0]
[228, [6, 8, 16, 18, 36, 144]]
[229, [3, 16, 48, 54, 108]]
[230, 0]
[231, [6, 8, 16, 27, 48, 54, 72]]
[232, [4, 12, 18, 36, 54, 108]]
[233, [8, 9, 12, 18, 24, 54, 108]]
[234, [4, 12, 18, 32, 72, 96]]
[235, [4, 18, 24, 27, 36, 54, 72]]
[236, 0]
[237, [6, 9, 12, 18, 48, 144]]
[238, 0]
[239, 0]
[240, 0]
[241, [6, 8, 18, 27, 32, 54, 96]]
[242, [6, 8, 16, 32, 36, 48, 96]]
[243, 0]
[244, 0]
[245, [4, 16, 24, 27, 48, 54, 72]]
[246, 0]
[247, 0]
[248, 0]
[249, [6, 12, 18, 24, 27, 36, 54, 72]]
[250, 0]
[251, 0]
[252, [8, 9, 16, 18, 27, 48, 54, 72]]
[253, 0]
[254, [6, 8, 18, 24, 36, 54, 108]]
[255, [4, 18, 24, 27, 32, 54, 96]]
[256, [4, 16, 24, 32, 36, 48, 96]]
[257, [6, 8, 9, 54, 72, 108]]
[258, 0]
[259, [6, 12, 16, 24, 27, 48, 54, 72]]
[260, 0]
[261, 0]
[262, [4, 12, 18, 36, 48, 144]]
[263, [8, 9, 16, 18, 32, 36, 48, 96]]
[264, [6, 8, 16, 24, 48, 54, 108]]
[265, 0]
[266, [6, 8, 9, 27, 216]]
[267, 0]
[268, 0]
[269, [6, 12, 18, 24, 27, 32, 54, 96]]
[270, [6, 12, 16, 24, 32, 36, 48, 96]]
[271, [4, 9, 24, 54, 72, 108]]
[272, 0]
[273, 0]
[274, [8, 9, 12, 27, 32, 36, 54, 96]]
[275, 0]
[276, 0]
[277, 0]
[278, 0]
[279, 0]
[280, [9, 12, 16, 18, 24, 27, 48, 54, 72]]
[281, 0]
[282, [4, 8, 36, 54, 72, 108]]
[283, 0]
[284, [6, 9, 24, 27, 32, 36, 54, 96]]
[285, [8, 9, 16, 18, 24, 48, 54, 108]]
[286, [4, 16, 18, 32, 48, 72, 96]]
[287, [6, 8, 9, 48, 72, 144]]
[288, 0]
[289, [8, 9, 12, 24, 32, 36, 72, 96]]
[290, 0]
[291, [8, 12, 16, 18, 27, 36, 48, 54, 72]]
[292, 0]
[293, 0]
[294, [6, 9, 12, 24, 27, 216]]
[295, 0]
[296, [6, 8, 12, 36, 54, 72, 108]]
[297, [4, 12, 27, 32, 54, 72, 96]]
[298, [6, 12, 16, 18, 36, 48, 54, 108]]
[299, [6, 9, 12, 16, 64, 192]]
[300, [6, 12, 16, 18, 32, 48, 72, 96]]
[301, [6, 16, 18, 24, 27, 36, 48, 54, 72]]
[302, [4, 8, 32, 54, 96, 108]]
[303, 0]
[304, [4, 12, 16, 32, 96, 144]]
[305, [4, 16, 24, 27, 36, 54, 144]]
[306, [6, 8, 16, 24, 36, 72, 144]]
[307, 0]
[308, 0]
[309, 0]
[310, [4, 12, 24, 36, 54, 72, 108]]
[311, [8, 12, 16, 18, 27, 32, 48, 54, 96]]
[312, [8, 9, 16, 18, 27, 36, 54, 144]]
[313, 0]
[314, [6, 9, 18, 27, 32, 54, 72, 96]]
[315, [6, 9, 16, 32, 36, 48, 72, 96]]
[316, [6, 8, 12, 32, 54, 96, 108]]
[317, [8, 9, 12, 18, 36, 54, 72, 108]]
[318, 0]
[319, [6, 8, 24, 27, 32, 54, 72, 96]]
[320, 0]
[321, [6, 16, 18, 24, 27, 32, 48, 54, 96]]
[322, 0]
[323, 0]
[324, [8, 12, 16, 18, 24, 36, 48, 54, 108]]
[325, [4, 12, 27, 36, 48, 54, 144]]
[326, [8, 9, 16, 27, 32, 36, 48, 54, 96]]
[327, [6, 9, 18, 24, 36, 54, 72, 108]]
[328, 0]
[329, 0]
[330, [4, 12, 24, 32, 54, 96, 108]]
[331, 0]
[332, [4, 8, 32, 48, 96, 144]]
[333, [6, 9, 12, 27, 36, 81, 162]]
[334, 0]
[335, [4, 16, 18, 27, 54, 72, 144]]
[336, [6, 9, 18, 24, 27, 36, 216]]
[337, [6, 9, 16, 24, 48, 54, 72, 108]]
[338, 0]
[339, [4, 18, 27, 32, 36, 54, 72, 96]]
[340, [8, 9, 18, 24, 27, 32, 54, 72, 96]]
[341, [8, 9, 16, 24, 32, 36, 48, 72, 96]]
[342, [6, 9, 18, 27, 36, 48, 54, 144]]
[343, 0]
[344, 0]
[345, 0]
[346, [4, 16, 18, 32, 36, 96, 144]]
[347, [6, 9, 18, 24, 32, 54, 96, 108]]
[348, [6, 8, 16, 36, 48, 54, 72, 108]]
[349, [4, 16, 27, 32, 48, 54, 72, 96]]
[350, 0]
[351, 0]
[352, [4, 8, 36, 48, 64, 192]]
[353, [6, 12, 18, 27, 32, 36, 54, 72, 96]]
[354, [9, 12, 16, 24, 27, 32, 36, 48, 54, 96]]
[355, [6, 9, 12, 24, 48, 64, 192]]
[356, [4, 16, 18, 27, 48, 81, 162]]
[357, [6, 9, 18, 24, 36, 48, 72, 144]]
[358, [6, 8, 18, 32, 36, 54, 96, 108]]
[359, [8, 9, 12, 24, 27, 36, 81, 162]]
[360, [6, 12, 16, 18, 32, 36, 96, 144]]
[361, [4, 6, 81, 108, 162]]
[362, [4, 16, 24, 36, 48, 54, 72, 108]]
[363, [6, 12, 16, 27, 32, 48, 54, 72, 96]]
[364, [6, 9, 16, 27, 36, 54, 72, 144]]
[365, 0]
[366, [3, 12, 81, 108, 162]]
[367, [8, 9, 12, 18, 32, 48, 96, 144]]
[368, [6, 8, 16, 32, 48, 54, 96, 108]]
[369, [8, 9, 16, 18, 36, 48, 54, 72, 108]]
[370, [6, 12, 16, 18, 27, 48, 81, 162]]
[371, [4, 16, 24, 27, 36, 48, 216]]
[372, [4, 18, 24, 32, 36, 54, 96, 108]]
[373, 0]
[374, 0]
[375, [4, 9, 32, 54, 72, 96, 108]]
[376, [6, 12, 16, 24, 36, 48, 54, 72, 108]]
[377, [6, 8, 18, 27, 48, 54, 72, 144]]
[378, [8, 9, 16, 18, 27, 36, 48, 216]]
[379, [8, 12, 18, 24, 27, 32, 36, 54, 72, 96]]
[380, [4, 12, 24, 36, 48, 64, 192]]
[381, 0]
[382, [4, 16, 24, 32, 48, 54, 96, 108]]
[383, [6, 8, 9, 36, 108, 216]]
[384, [9, 12, 16, 18, 27, 32, 48, 54, 72, 96]]
[385, [6, 9, 16, 27, 36, 48, 81, 162]]
[386, [6, 12, 18, 24, 32, 36, 54, 96, 108]]
[387, [8, 9, 12, 16, 36, 54, 108, 144]]
[388, [6, 8, 18, 32, 36, 48, 96, 144]]
[389, [8, 12, 16, 24, 27, 32, 48, 54, 72, 96]]
[390, [8, 9, 16, 24, 27, 36, 54, 72, 144]]
[391, [4, 18, 24, 27, 48, 54, 72, 144]]
[392, 0]
[393, 0]
[394, 0]
[395, 0]
[396, [6, 12, 16, 24, 32, 48, 54, 96, 108]]
[397, [9, 12, 16, 18, 24, 36, 48, 54, 72, 108]]
[398, [6, 9, 12, 27, 32, 96, 216]]
[399, [6, 9, 16, 24, 32, 72, 96, 144]]
[400, 0]
[401, [3, 32, 36, 54, 72, 96, 108]]
[402, [4, 18, 24, 32, 36, 48, 96, 144]]
[403, [4, 9, 36, 48, 54, 108, 144]]
[404, [6, 9, 16, 27, 36, 54, 64, 192]]
[405, [6, 16, 18, 27, 32, 36, 48, 54, 72, 96]]
[406, [9, 12, 16, 18, 24, 27, 36, 48, 216]]
[407, 0]
[408, [3, 18, 36, 81, 108, 162]]
[409, [4, 16, 27, 32, 36, 54, 96, 144]]
[410, [8, 9, 12, 27, 36, 48, 54, 72, 144]]
[411, [8, 9, 16, 24, 27, 36, 48, 81, 162]]
[412, 0]
[413, 0]
[414, [4, 12, 32, 36, 54, 72, 96, 108]]
[415, [8, 9, 12, 24, 32, 54, 72, 96, 108]]
[416, [6, 12, 18, 24, 32, 36, 48, 96, 144]]
[417, [9, 12, 16, 18, 24, 32, 48, 54, 96, 108]]
[418, [3, 16, 48, 81, 108, 162]]
[419, [6, 9, 12, 32, 48, 72, 96, 144]]
[420, [6, 9, 24, 27, 36, 48, 54, 72, 144]]
[421, [4, 12, 18, 36, 81, 108, 162]]
[422, [8, 9, 12, 18, 24, 81, 108, 162]]
[423, [6, 12, 16, 27, 32, 36, 54, 96, 144]]
[424, [4, 16, 24, 32, 36, 72, 96, 144]]
[425, [4, 9, 36, 48, 64, 72, 192]]
[426, 0]
[427, [6, 9, 16, 18, 54, 72, 108, 144]]
[428, [8, 12, 16, 18, 32, 36, 48, 54, 96, 108]]
[429, [8, 9, 12, 16, 32, 64, 96, 192]]
[430, [8, 9, 12, 27, 32, 48, 54, 96, 144]]
[431, [8, 16, 18, 24, 27, 32, 36, 48, 54, 72, 96]]
[432, [6, 8, 16, 24, 54, 72, 108, 144]]
[433, 0]
[434, [4, 16, 24, 27, 48, 72, 81, 162]]
[435, 0]
[436, [6, 8, 24, 32, 36, 54, 72, 96, 108]]
[437, [3, 16, 54, 64, 108, 192]]
[438, [6, 16, 18, 24, 32, 36, 48, 54, 96, 108]]
[439, [6, 9, 12, 36, 48, 64, 72, 192]]
[440, [6, 9, 24, 27, 32, 48, 54, 96, 144]]
[441, [6, 9, 16, 32, 48, 54, 72, 96, 108]]
[442, [4, 12, 18, 24, 96, 288]]
[443, [8, 9, 12, 24, 36, 48, 54, 108, 144]]
[444, [9, 12, 16, 18, 27, 32, 36, 54, 96, 144]]
[445, [8, 9, 12, 24, 32, 48, 72, 96, 144]]
[446, [6, 8, 9, 72, 81, 108, 162]]
[447, [4, 8, 27, 48, 144, 216]]
[448, [6, 12, 16, 24, 27, 48, 72, 81, 162]]
[449, [8, 12, 16, 24, 27, 32, 36, 54, 96, 144]]
[450, [8, 9, 12, 27, 36, 48, 54, 64, 192]]
[451, [6, 8, 27, 32, 36, 48, 54, 96, 144]]
[452, [4, 16, 18, 36, 54, 72, 108, 144]]
[453, [8, 9, 16, 18, 24, 54, 72, 108, 144]]
[454, 0]
[455, 0]
[456, [8, 9, 16, 24, 27, 36, 48, 72, 216]]
[457, [8, 9, 18, 24, 32, 36, 54, 72, 96, 108]]
[458, [6, 12, 18, 24, 27, 32, 81, 96, 162]]
[459, [9, 12, 16, 18, 24, 32, 36, 72, 96, 144]]
[460, [4, 9, 24, 72, 81, 108, 162]]
[461, [6, 9, 18, 32, 36, 48, 72, 96, 144]]
[462, [6, 9, 18, 24, 27, 54, 108, 216]]
[463, [8, 9, 12, 27, 32, 36, 81, 96, 162]]
[464, [4, 16, 24, 32, 36, 64, 96, 192]]
[465, [4, 24, 27, 32, 36, 48, 54, 96, 144]]
[466, [4, 16, 32, 36, 48, 54, 72, 96, 108]]
[467, [8, 9, 16, 24, 32, 48, 54, 72, 96, 108]]
[468, 0]
[469, [9, 12, 16, 18, 24, 27, 48, 72, 81, 162]]
[470, [4, 12, 18, 36, 64, 144, 192]]
[471, [3, 27, 36, 54, 81, 108, 162]]
[472, [8, 9, 18, 27, 32, 36, 48, 54, 96, 144]]
[473, [8, 9, 12, 18, 48, 54, 72, 108, 144]]
[474, [8, 9, 16, 18, 24, 48, 81, 108, 162]]
[475, [4, 9, 27, 48, 81, 144, 162]]
[476, [8, 9, 16, 24, 27, 32, 48, 96, 216]]
[477, [4, 8, 27, 54, 96, 288]]
[478, [6, 12, 16, 24, 32, 36, 64, 96, 192]]
[479, [6, 12, 24, 27, 32, 36, 48, 54, 96, 144]]
[480, [6, 12, 16, 32, 36, 48, 54, 72, 96, 108]]
[481, 0]
[482, [8, 9, 12, 18, 27, 48, 144, 216]]
[483, [6, 9, 18, 24, 48, 54, 72, 108, 144]]
[484, [4, 12, 27, 36, 54, 81, 108, 162]]
[485, [8, 9, 12, 24, 27, 54, 81, 108, 162]]
[486, [6, 12, 16, 18, 32, 54, 96, 108, 144]]
[487, [8, 9, 18, 24, 32, 36, 48, 72, 96, 144]]
[488, [9, 12, 16, 18, 24, 27, 54, 64, 72, 192]]
[489, [6, 16, 18, 24, 27, 32, 54, 72, 96, 144]]
[490, [6, 16, 18, 24, 27, 36, 48, 72, 81, 162]]
[491, [4, 8, 32, 81, 96, 108, 162]]
[492, [8, 12, 16, 18, 24, 36, 54, 72, 108, 144]]
[493, [8, 9, 16, 18, 24, 54, 64, 108, 192]]
[494, [8, 9, 16, 27, 32, 36, 54, 72, 96, 144]]
[495, [4, 18, 27, 32, 48, 54, 72, 96, 144]]
[496, 0]
[497, [6, 9, 16, 18, 48, 64, 144, 192]]
[498, [6, 8, 16, 24, 48, 72, 108, 216]]
[499, [4, 12, 24, 36, 72, 81, 108, 162]]
[500, [9, 12, 18, 24, 27, 32, 36, 48, 54, 96, 144]]
[501, [9, 12, 16, 18, 32, 36, 48, 54, 72, 96, 108]]
[502, [6, 8, 16, 24, 48, 64, 144, 192]]
[503, [6, 9, 18, 27, 32, 72, 81, 96, 162]]
[504, [8, 9, 16, 18, 27, 48, 54, 108, 216]]
[505, [6, 8, 12, 32, 81, 96, 108, 162]]
[506, [8, 12, 16, 24, 32, 36, 48, 54, 72, 96, 108]]
[507, [4, 18, 27, 32, 36, 48, 54, 288]]
[508, [4, 18, 24, 36, 48, 54, 72, 108, 144]]
[509, [6, 12, 18, 27, 32, 48, 54, 72, 96, 144]]
[510, [6, 16, 18, 24, 27, 32, 48, 81, 96, 162]]
[511, [6, 9, 16, 27, 48, 54, 81, 108, 162]]
[512, [8, 12, 16, 18, 24, 32, 54, 96, 108, 144]]
[513, [8, 12, 16, 18, 24, 36, 48, 81, 108, 162]]
[514, [6, 8, 18, 32, 48, 54, 96, 108, 144]]
[515, [8, 9, 16, 27, 32, 36, 48, 81, 96, 162]]
[516, [6, 9, 18, 24, 36, 72, 81, 108, 162]]
[517, [4, 18, 24, 27, 36, 48, 144, 216]]
[518, [6, 9, 24, 27, 32, 36, 72, 96, 216]]
[519, [4, 12, 24, 32, 81, 96, 108, 162]]
[520, [3, 27, 36, 54, 64, 144, 192]]
[521, [6, 12, 18, 27, 32, 36, 48, 54, 288]]
[522, [9, 12, 16, 24, 27, 32, 36, 54, 72, 96, 144]]
[523, [6, 9, 16, 32, 36, 64, 72, 96, 192]]
[524, [6, 9, 27, 32, 36, 48, 54, 72, 96, 144]]
[525, [6, 8, 16, 27, 36, 72, 144, 216]]
[526, [6, 9, 16, 24, 48, 72, 81, 108, 162]]
[527, [8, 9, 16, 24, 32, 36, 54, 96, 108, 144]]
[528, [4, 18, 24, 32, 48, 54, 96, 108, 144]]
[529, [8, 9, 18, 24, 27, 32, 72, 81, 96, 162]]
[530, [8, 9, 12, 24, 27, 54, 72, 108, 216]]
[531, [6, 9, 18, 27, 36, 48, 81, 144, 162]]
[532, [8, 12, 16, 18, 24, 36, 54, 64, 108, 192]]
[533, [4, 12, 27, 36, 54, 64, 144, 192]]
[534, [8, 9, 16, 27, 32, 36, 54, 64, 96, 192]]
[535, [8, 12, 18, 24, 27, 32, 48, 54, 72, 96, 144]]
[536, [6, 8, 16, 32, 54, 72, 96, 108, 144]]
[537, [8, 9, 16, 24, 27, 48, 54, 81, 108, 162]]
[538, [4, 16, 27, 32, 48, 72, 81, 96, 162]]
[539, [4, 16, 24, 27, 36, 72, 144, 216]]
[540, [4, 8, 32, 64, 96, 144, 192]]
[541, [8, 9, 12, 24, 32, 36, 96, 108, 216]]
[542, [6, 12, 18, 24, 32, 48, 54, 96, 108, 144]]
[543, [9, 12, 16, 24, 27, 32, 36, 48, 81, 96, 162]]
[544, [8, 9, 12, 16, 27, 64, 192, 216]]
[545, [6, 9, 16, 24, 54, 64, 72, 108, 192]]
[546, [6, 9, 18, 27, 36, 54, 72, 108, 216]]
[547, [8, 9, 12, 32, 36, 48, 54, 96, 108, 144]]
[548, [4, 18, 24, 36, 48, 54, 64, 108, 192]]
[549, [6, 12, 18, 27, 32, 48, 54, 64, 96, 192]]
[550, [8, 9, 24, 27, 32, 36, 48, 54, 72, 96, 144]]
[551, [4, 16, 24, 36, 48, 72, 81, 108, 162]]
[552, [6, 12, 16, 27, 32, 48, 72, 81, 96, 162]]
[553, [6, 9, 16, 27, 36, 72, 81, 144, 162]]
[554, [6, 8, 12, 32, 64, 96, 144, 192]]
[555, [8, 12, 18, 24, 27, 36, 48, 54, 64, 72, 192]]
[556, [6, 8, 16, 36, 54, 64, 72, 108, 192]]
[557, [6, 9, 24, 32, 36, 48, 54, 96, 108, 144]]
[558, [8, 9, 16, 18, 36, 48, 72, 81, 108, 162]]
[559, [4, 12, 27, 36, 48, 72, 144, 216]]
[560, [6, 9, 16, 27, 48, 54, 64, 144, 192]]
[561, [4, 18, 24, 32, 36, 81, 96, 108, 162]]
[562, [9, 12, 16, 24, 27, 32, 36, 54, 64, 96, 192]]
[563, 0]
[564, [6, 12, 16, 24, 32, 54, 72, 96, 108, 144]]
[565, [6, 12, 16, 24, 36, 48, 72, 81, 108, 162]]
[566, [6, 8, 18, 27, 48, 72, 81, 144, 162]]
[567, [6, 9, 16, 32, 36, 48, 96, 108, 216]]
[568, [8, 12, 18, 24, 27, 32, 36, 72, 81, 96, 162]]
[569, [8, 9, 12, 27, 36, 54, 72, 81, 108, 162]]
[570, [4, 12, 32, 48, 54, 72, 96, 108, 144]]
[571, [9, 12, 16, 18, 27, 36, 48, 54, 81, 108, 162]]
[572, [8, 9, 18, 24, 27, 36, 54, 72, 108, 216]]
[573, [9, 12, 16, 18, 27, 32, 48, 72, 81, 96, 162]]
[574, [9, 12, 16, 18, 24, 27, 36, 72, 144, 216]]
[575, [6, 12, 18, 24, 32, 36, 81, 96, 108, 162]]
[576, [8, 12, 16, 24, 27, 36, 48, 54, 81, 108, 162]]
[577, [4, 12, 18, 48, 81, 108, 144, 162]]
[578, [8, 12, 16, 24, 27, 32, 48, 72, 81, 96, 162]]
[579, [6, 9, 24, 27, 36, 54, 72, 81, 108, 162]]
[580, [4, 18, 24, 27, 48, 72, 81, 144, 162]]
[581, [4, 16, 27, 36, 48, 54, 72, 108, 216]]
[582, [8, 9, 16, 24, 27, 48, 54, 72, 108, 216]]
[583, [3, 18, 54, 64, 108, 144, 192]]
[584, [6, 12, 16, 24, 36, 54, 64, 72, 108, 192]]
[585, [9, 12, 16, 18, 24, 32, 54, 72, 96, 108, 144]]
[586, [9, 12, 16, 18, 24, 36, 48, 72, 81, 108, 162]]
[587, [6, 9, 18, 32, 48, 54, 72, 96, 108, 144]]
[588, [9, 12, 16, 24, 27, 32, 36, 48, 72, 96, 216]]
[589, [8, 9, 12, 27, 32, 54, 81, 96, 108, 162]]
[590, [3, 32, 36, 72, 81, 96, 108, 162]]
[591, [8, 9, 12, 24, 48, 54, 64, 72, 108, 192]]
[592, [6, 8, 24, 32, 48, 54, 72, 96, 108, 144]]
[593, [6, 9, 16, 27, 36, 64, 81, 162, 192]]
[594, [6, 16, 18, 27, 32, 36, 48, 72, 81, 96, 162]]
[595, [6, 12, 16, 27, 36, 48, 54, 72, 108, 216]]
[596, [8, 12, 16, 18, 32, 36, 54, 72, 96, 108, 144]]
[597, [8, 12, 16, 24, 27, 32, 54, 64, 72, 96, 192]]
[598, [4, 16, 27, 32, 36, 81, 96, 144, 162]]
[599, [6, 9, 24, 27, 32, 54, 81, 96, 108, 162]]
[600, [4, 16, 24, 36, 48, 64, 72, 144, 192]]
[601, [4, 16, 27, 32, 48, 54, 96, 108, 216]]
[602, [6, 8, 16, 32, 48, 72, 96, 108, 216]]
[603, [4, 12, 32, 36, 72, 81, 96, 108, 162]]
[604, [8, 9, 12, 24, 32, 72, 81, 96, 108, 162]]
[605, [9, 12, 16, 18, 24, 36, 54, 64, 72, 108, 192]]
[606, [6, 16, 18, 24, 32, 36, 54, 72, 96, 108, 144]]
[607, [6, 9, 18, 36, 48, 54, 64, 72, 108, 192]]
[608, [6, 8, 12, 36, 54, 96, 108, 288]]
[609, [6, 9, 24, 27, 36, 48, 72, 81, 144, 162]]
[610, [6, 8, 27, 32, 36, 54, 81, 96, 108, 162]]
[611, [4, 9, 36, 54, 64, 108, 144, 192]]
[612, [4, 18, 32, 36, 48, 54, 72, 96, 108, 144]]
[613, [8, 9, 18, 24, 32, 48, 54, 72, 96, 108, 144]]
[614, [6, 12, 16, 24, 36, 48, 64, 72, 144, 192]]
[615, [6, 12, 16, 27, 32, 48, 54, 96, 108, 216]]
[616, [6, 16, 18, 24, 27, 48, 54, 72, 81, 108, 162]]
[617, [8, 12, 16, 18, 32, 36, 48, 81, 96, 108, 162]]
[618, [8, 9, 12, 27, 36, 54, 64, 72, 144, 192]]
[619, [8, 9, 12, 27, 32, 48, 81, 96, 144, 162]]
[620, [8, 16, 18, 24, 27, 32, 36, 48, 72, 81, 96, 162]]
[621, [8, 9, 16, 27, 36, 48, 54, 72, 81, 108, 162]]
[622, [8, 9, 18, 24, 27, 32, 48, 96, 144, 216]]
[623, [8, 9, 16, 18, 32, 48, 72, 96, 108, 216]]
[624, [4, 24, 27, 32, 36, 54, 81, 96, 108, 162]]
[625, [6, 8, 24, 32, 36, 72, 81, 96, 108, 162]]
[626, [6, 12, 18, 32, 36, 48, 54, 72, 96, 108, 144]]
[627, [6, 16, 18, 24, 32, 36, 48, 81, 96, 108, 162]]
[628, [6, 9, 24, 27, 36, 54, 64, 72, 144, 192]]
[629, [6, 9, 24, 27, 32, 48, 81, 96, 144, 162]]
[630, [6, 9, 16, 32, 48, 72, 81, 96, 108, 162]]
[631, [8, 9, 18, 27, 32, 36, 54, 81, 96, 108, 162]]
[632, [8, 9, 12, 24, 36, 48, 81, 108, 144, 162]]
[633, [9, 12, 16, 18, 27, 32, 36, 81, 96, 144, 162]]
[634, [6, 12, 16, 24, 27, 54, 81, 108, 144, 162]]
[635, [9, 12, 16, 18, 24, 36, 48, 64, 72, 144, 192]]
[636, [8, 12, 16, 18, 32, 36, 54, 64, 96, 108, 192]]
[637, [4, 9, 36, 48, 72, 108, 144, 216]]
[638, [6, 12, 24, 27, 32, 36, 54, 81, 96, 108, 162]]
[639, [8, 16, 18, 24, 27, 32, 36, 54, 64, 72, 96, 192]]
[640, [6, 8, 27, 32, 36, 48, 81, 96, 144, 162]]
[641, [8, 9, 16, 27, 32, 48, 54, 81, 96, 108, 162]]
[642, [8, 9, 16, 18, 24, 72, 81, 108, 144, 162]]
[643, [4, 16, 27, 32, 36, 72, 96, 144, 216]]
[644, [6, 9, 24, 27, 32, 54, 72, 96, 108, 216]]
[645, [3, 12, 54, 144, 432]]
[646, [8, 9, 18, 24, 32, 36, 72, 81, 96, 108, 162]]
[647, [8, 9, 16, 24, 32, 36, 54, 72, 108, 288]]
[648, [9, 12, 18, 24, 27, 32, 48, 54, 64, 72, 96, 192]]
[649, [9, 12, 16, 24, 27, 36, 48, 54, 72, 81, 108, 162]]
[650, [6, 9, 18, 27, 32, 54, 72, 144, 288]]
[651, [8, 9, 12, 24, 36, 54, 64, 108, 144, 192]]
[652, [8, 12, 18, 24, 32, 36, 48, 54, 72, 96, 108, 144]]
[653, [8, 9, 18, 24, 32, 48, 54, 64, 96, 108, 192]]
[654, [4, 18, 27, 32, 54, 72, 81, 96, 108, 162]]
[655, [4, 16, 32, 36, 48, 72, 81, 96, 108, 162]]
[656, [8, 9, 16, 24, 32, 48, 72, 81, 96, 108, 162]]
[657, [6, 9, 18, 27, 48, 54, 81, 108, 144, 162]]
[658, [6, 9, 16, 27, 32, 64, 96, 192, 216]]
[659, [9, 12, 18, 24, 27, 32, 36, 54, 81, 96, 108, 162]]
[660, [6, 8, 12, 54, 64, 72, 108, 144, 192]]
[661, [8, 9, 18, 27, 32, 36, 48, 81, 96, 144, 162]]
[662, [6, 8, 24, 27, 48, 54, 81, 108, 144, 162]]
[663, [3, 16, 32, 108, 216, 288]]
[664, [8, 9, 12, 27, 32, 48, 72, 96, 144, 216]]
[665, [6, 16, 18, 24, 27, 48, 54, 64, 72, 144, 192]]
[666, [8, 12, 16, 18, 27, 36, 54, 81, 108, 144, 162]]
[667, [4, 8, 48, 64, 81, 108, 162, 192]]
[668, [6, 12, 18, 27, 32, 54, 72, 81, 96, 108, 162]]
[669, [9, 12, 16, 24, 27, 32, 48, 54, 81, 96, 108, 162]]
[670, [8, 9, 16, 27, 36, 48, 54, 64, 72, 144, 192]]
[671, [6, 9, 12, 32, 48, 96, 108, 144, 216]]
[672, [6, 9, 18, 24, 48, 72, 81, 108, 144, 162]]
[673, [4, 24, 27, 32, 36, 54, 64, 96, 144, 192]]
[674, [4, 16, 32, 36, 54, 64, 72, 96, 108, 192]]
[675, [6, 12, 16, 18, 32, 81, 96, 108, 144, 162]]
[676, [6, 16, 18, 24, 27, 36, 54, 81, 108, 144, 162]]
[677, [6, 9, 16, 36, 48, 54, 64, 108, 144, 192]]
[678, [6, 16, 18, 24, 27, 32, 72, 81, 96, 144, 162]]
[679, [6, 9, 16, 27, 54, 72, 81, 108, 144, 162]]
[680, [8, 12, 16, 27, 32, 36, 48, 54, 81, 96, 108, 162]]
[681, [8, 12, 16, 18, 24, 36, 72, 81, 108, 144, 162]]
[682, [4, 18, 27, 36, 48, 54, 81, 108, 144, 162]]
[683, [6, 9, 27, 32, 36, 54, 72, 81, 96, 108, 162]]
[684, [4, 18, 27, 32, 48, 72, 81, 96, 144, 162]]
[685, [6, 8, 27, 32, 36, 48, 72, 96, 144, 216]]
[686, [8, 9, 16, 27, 32, 48, 54, 72, 96, 108, 216]]
[687, [6, 12, 24, 27, 32, 36, 54, 64, 96, 144, 192]]
[688, [6, 12, 16, 32, 36, 54, 64, 72, 96, 108, 192]]
[689, [9, 12, 18, 24, 27, 32, 36, 48, 81, 96, 144, 162]]
[690, [6, 16, 24, 27, 32, 36, 48, 54, 81, 96, 108, 162]]
[691, [6, 9, 18, 24, 54, 64, 72, 108, 144, 192]]
[692, [8, 12, 18, 24, 32, 36, 48, 54, 64, 96, 108, 192]]
[693, [4, 12, 32, 36, 54, 81, 96, 162, 216]]
[694, [8, 12, 18, 24, 27, 32, 54, 72, 81, 96, 108, 162]]
[695, [8, 12, 16, 24, 32, 36, 48, 72, 81, 96, 108, 162]]
[696, [6, 12, 18, 27, 36, 48, 54, 81, 108, 144, 162]]
[697, [4, 18, 24, 36, 48, 72, 81, 108, 144, 162]]
[698, [6, 12, 18, 27, 32, 48, 72, 81, 96, 144, 162]]
[699, [4, 24, 27, 32, 36, 48, 72, 96, 144, 216]]
[700, [9, 12, 16, 18, 24, 27, 54, 72, 108, 144, 216]]
[701, [8, 12, 16, 18, 24, 32, 81, 96, 108, 144, 162]]
[702, [6, 8, 18, 36, 54, 64, 72, 108, 144, 192]]
[703, [6, 8, 18, 32, 48, 81, 96, 108, 144, 162]]
[704, [4, 16, 27, 36, 54, 72, 81, 108, 144, 162]]
[705, [8, 9, 16, 24, 27, 54, 72, 81, 108, 144, 162]]
[706, [8, 9, 18, 27, 32, 36, 48, 72, 96, 144, 216]]
[707, [6, 8, 24, 27, 48, 54, 72, 108, 144, 216]]
[708, [9, 12, 18, 24, 27, 32, 36, 54, 64, 96, 144, 192]]
[709, [8, 9, 24, 27, 32, 36, 54, 72, 81, 96, 108, 162]]
[710, [6, 9, 18, 32, 36, 54, 81, 96, 162, 216]]
[711, [9, 16, 18, 24, 27, 32, 36, 48, 54, 81, 96, 108, 162]]
[712, [6, 8, 16, 48, 54, 64, 72, 108, 144, 192]]
[713, [6, 9, 27, 32, 36, 48, 72, 81, 96, 144, 162]]
[714, [8, 12, 16, 24, 32, 36, 54, 64, 72, 96, 108, 192]]
[715, [6, 8, 24, 32, 36, 54, 81, 96, 162, 216]]
[716, [8, 9, 16, 24, 32, 36, 81, 96, 108, 144, 162]]
[717, [4, 18, 24, 32, 48, 81, 96, 108, 144, 162]]
[718, [6, 12, 16, 27, 36, 54, 72, 81, 108, 144, 162]]
[719, [6, 9, 16, 27, 54, 64, 81, 108, 162, 192]]
[720, [6, 16, 18, 27, 32, 48, 54, 72, 81, 96, 108, 162]]
[721, [8, 12, 16, 18, 24, 36, 64, 81, 108, 162, 192]]
[722, [8, 12, 18, 24, 27, 36, 48, 54, 81, 108, 144, 162]]
[723, [8, 9, 16, 27, 32, 36, 64, 81, 96, 162, 192]]
[724, [8, 12, 18, 24, 27, 32, 48, 72, 81, 96, 144, 162]]
[725, [8, 9, 12, 27, 48, 54, 72, 81, 108, 144, 162]]
[726, [4, 16, 24, 48, 54, 64, 72, 108, 144, 192]]
[727, [4, 18, 27, 36, 48, 54, 72, 108, 144, 216]]
[728, [8, 9, 18, 24, 27, 48, 54, 72, 108, 144, 216]]
[729, [8, 12, 16, 27, 32, 36, 48, 54, 64, 96, 144, 192]]
[730, [4, 24, 32, 36, 48, 54, 64, 72, 96, 108, 192]]
[731, [6, 12, 18, 24, 32, 48, 81, 96, 108, 144, 162]]
[732, [6, 9, 27, 32, 36, 54, 64, 72, 96, 144, 192]]
[733, [8, 9, 16, 18, 48, 54, 64, 72, 108, 144, 192]]
[734, [6, 9, 16, 24, 64, 72, 81, 108, 162, 192]]
[735, [6, 9, 24, 27, 48, 54, 72, 81, 108, 144, 162]]
[736, [8, 9, 12, 32, 36, 48, 81, 96, 108, 144, 162]]
[737, [8, 9, 18, 32, 36, 48, 54, 64, 72, 96, 108, 192]]
[738, [6, 12, 16, 27, 32, 54, 81, 96, 108, 144, 162]]
[739, [8, 9, 24, 27, 32, 36, 48, 72, 81, 96, 144, 162]]
[740, [6, 12, 16, 24, 48, 54, 64, 72, 108, 144, 192]]
[741, [6, 12, 18, 27, 36, 48, 54, 72, 108, 144, 216]]
[742, [6, 16, 18, 24, 27, 36, 48, 81, 108, 162, 216]]
[743, [8, 12, 18, 24, 27, 32, 54, 64, 72, 96, 144, 192]]
[744, [8, 12, 16, 24, 27, 36, 54, 72, 81, 108, 144, 162]]
[745, [8, 9, 16, 24, 27, 54, 64, 81, 108, 162, 192]]
[746, [8, 16, 18, 24, 27, 32, 48, 54, 72, 81, 96, 108, 162]]
[747, [4, 18, 27, 32, 48, 54, 96, 108, 144, 216]]
[748, [6, 8, 18, 32, 48, 72, 96, 108, 144, 216]]
[749, [6, 9, 16, 27, 48, 64, 81, 144, 162, 192]]
[750, [6, 12, 18, 24, 32, 54, 64, 96, 108, 144, 192]]
[751, [9, 12, 16, 24, 27, 32, 36, 64, 81, 96, 162, 192]]
[752, [8, 9, 12, 18, 48, 54, 81, 144, 162, 216]]
[753, [9, 12, 16, 27, 32, 36, 48, 54, 72, 81, 96, 108, 162]]
[754, [6, 9, 12, 48, 64, 72, 81, 108, 162, 192]]
[755, [8, 9, 12, 32, 36, 54, 64, 96, 108, 144, 192]]
[756, [9, 16, 18, 24, 27, 32, 36, 48, 54, 72, 96, 108, 216]]
[757, [6, 9, 18, 24, 48, 64, 72, 108, 192, 216]]
[758, [8, 9, 24, 27, 32, 36, 54, 64, 72, 96, 144, 192]]
[759, [9, 12, 16, 18, 27, 32, 54, 81, 96, 108, 144, 162]]
[760, [4, 24, 27, 36, 48, 54, 72, 81, 108, 144, 162]]
[761, [9, 12, 16, 18, 24, 48, 54, 64, 72, 108, 144, 192]]
[762, [4, 18, 24, 32, 48, 72, 96, 108, 144, 216]]
[763, [6, 16, 18, 24, 27, 32, 64, 72, 96, 192, 216]]
[764, [8, 12, 16, 24, 27, 32, 54, 81, 96, 108, 144, 162]]
[765, [9, 12, 18, 24, 32, 36, 48, 54, 64, 72, 96, 108, 192]]
[766, [6, 8, 27, 32, 48, 54, 81, 96, 108, 144, 162]]
[767, [8, 9, 18, 27, 36, 48, 54, 72, 81, 108, 144, 162]]
[768, [8, 9, 16, 27, 32, 36, 64, 72, 96, 192, 216]]
[769, [6, 16, 18, 27, 32, 48, 54, 64, 72, 96, 144, 192]]
[770, [4, 16, 27, 36, 48, 72, 81, 108, 162, 216]]
[771, [8, 9, 16, 24, 27, 48, 72, 81, 108, 162, 216]]
[772, [8, 12, 16, 18, 36, 48, 54, 64, 72, 108, 144, 192]]
[773, [6, 12, 16, 24, 36, 64, 72, 81, 108, 162, 192]]
[774, [6, 12, 24, 27, 36, 48, 54, 72, 81, 108, 144, 162]]
[775, [6, 9, 24, 27, 48, 54, 64, 81, 108, 162, 192]]
[776, [6, 9, 18, 32, 48, 72, 81, 96, 108, 144, 162]]
[777, [6, 9, 16, 32, 48, 54, 72, 108, 144, 288]]
[778, [4, 12, 32, 54, 64, 72, 96, 108, 144, 192]]
[779, [8, 9, 24, 27, 32, 36, 48, 64, 81, 96, 162, 192]]
[780, [6, 16, 18, 27, 32, 36, 54, 81, 96, 108, 144, 162]]
[781, [6, 8, 24, 32, 48, 72, 81, 96, 108, 144, 162]]
[782, [6, 16, 18, 24, 36, 48, 54, 64, 72, 108, 144, 192]]
[783, [6, 12, 16, 27, 32, 54, 72, 96, 108, 144, 216]]
[784, [8, 12, 16, 24, 27, 36, 54, 64, 81, 108, 162, 192]]
[785, [8, 12, 16, 18, 32, 36, 72, 81, 96, 108, 144, 162]]
[786, [8, 12, 16, 24, 27, 32, 64, 72, 81, 96, 162, 192]]
[787, [8, 9, 18, 27, 32, 48, 54, 81, 96, 108, 144, 162]]
[788, [6, 8, 27, 32, 48, 64, 72, 81, 96, 162, 192]]
[789, [4, 16, 27, 36, 54, 64, 72, 108, 192, 216]]
[790, [4, 16, 27, 32, 48, 81, 96, 108, 162, 216]]
[791, [6, 9, 24, 32, 36, 48, 72, 96, 108, 144, 216]]
[792, [8, 12, 16, 18, 32, 48, 54, 64, 96, 108, 144, 192]]
[793, [6, 12, 16, 24, 32, 64, 81, 96, 108, 162, 192]]
[794, [6, 12, 24, 27, 32, 48, 54, 81, 96, 108, 144, 162]]
[795, [9, 12, 18, 24, 27, 36, 48, 54, 72, 81, 108, 144, 162]]
[796, [6, 9, 18, 36, 48, 64, 72, 81, 108, 162, 192]]
[797, [6, 8, 12, 36, 81, 96, 108, 162, 288]]
[798, [6, 9, 27, 32, 36, 48, 64, 72, 96, 192, 216]]
[799, [4, 12, 32, 48, 64, 81, 96, 108, 162, 192]]
[800, [6, 8, 24, 32, 54, 64, 72, 96, 108, 144, 192]]
[801, [4, 18, 32, 36, 48, 72, 81, 96, 108, 144, 162]]
[802, [8, 9, 18, 24, 32, 48, 72, 81, 96, 108, 144, 162]]
[803, [6, 12, 16, 27, 36, 54, 64, 72, 108, 192, 216]]
[804, [9, 12, 16, 18, 27, 32, 54, 72, 96, 108, 144, 216]]
[805, [9, 12, 16, 18, 27, 36, 48, 72, 81, 108, 162, 216]]
[806, [8, 16, 18, 24, 27, 32, 36, 54, 81, 96, 108, 144, 162]]
[807, [8, 9, 16, 32, 36, 48, 54, 64, 96, 108, 144, 192]]
[808, [6, 12, 16, 18, 27, 54, 81, 162, 432]]
[809, [8, 9, 16, 27, 32, 54, 72, 81, 96, 108, 144, 162]]
[810, [8, 12, 16, 24, 27, 36, 48, 72, 81, 108, 162, 216]]
[811, [6, 8, 27, 32, 48, 54, 72, 96, 108, 144, 216]]
[812, [6, 8, 24, 32, 36, 54, 64, 108, 192, 288]]
[813, 0]
[814, [6, 12, 24, 27, 36, 48, 54, 64, 81, 108, 162, 192]]
[815, [9, 12, 18, 24, 27, 32, 48, 54, 81, 96, 108, 144, 162]]
[816, [6, 12, 24, 27, 32, 48, 64, 72, 81, 96, 162, 192]]
[817, [6, 9, 24, 27, 36, 64, 72, 81, 144, 162, 192]]
[818, [6, 8, 18, 27, 48, 81, 108, 144, 162, 216]]
[819, [4, 16, 27, 36, 48, 64, 72, 144, 192, 216]]
[820, [4, 18, 32, 36, 54, 64, 72, 96, 108, 144, 192]]
[821, [8, 9, 18, 24, 32, 54, 64, 72, 96, 108, 144, 192]]
[822, [8, 9, 18, 24, 36, 48, 64, 72, 81, 108, 162, 192]]
[823, [8, 9, 12, 27, 32, 72, 81, 96, 108, 162, 216]]
[824, [6, 16, 18, 24, 27, 54, 64, 72, 81, 108, 162, 192]]
[825, [8, 12, 16, 18, 32, 36, 64, 81, 96, 108, 162, 192]]
[826, [8, 12, 18, 27, 32, 36, 48, 54, 81, 96, 108, 144, 162]]
[827, [8, 9, 12, 27, 32, 64, 81, 96, 144, 162, 192]]
[828, [8, 16, 18, 24, 27, 32, 36, 64, 72, 81, 96, 162, 192]]
[829, [8, 9, 16, 27, 36, 54, 64, 72, 81, 108, 162, 192]]
[830, [4, 16, 32, 48, 54, 64, 72, 96, 108, 144, 192]]
[831, [8, 9, 16, 24, 27, 36, 81, 108, 144, 162, 216]]
[832, [8, 9, 18, 27, 32, 48, 54, 72, 96, 108, 144, 216]]
[833, [6, 9, 24, 27, 32, 72, 81, 96, 108, 162, 216]]
[834, [6, 12, 18, 32, 36, 54, 64, 72, 96, 108, 144, 192]]
[835, [9, 12, 16, 24, 32, 36, 48, 54, 64, 96, 108, 144, 192]]
[836, [6, 18, 24, 27, 32, 36, 48, 54, 81, 96, 108, 144, 162]]
[837, [9, 12, 16, 24, 27, 32, 54, 72, 81, 96, 108, 144, 162]]
[838, [6, 9, 16, 32, 64, 72, 81, 96, 108, 162, 192]]
[839, [6, 9, 27, 32, 48, 54, 72, 81, 96, 108, 144, 162]]
[840, [8, 9, 12, 24, 36, 64, 81, 108, 144, 162, 192]]
[841, [8, 12, 18, 24, 32, 36, 48, 72, 81, 96, 108, 144, 162]]
[842, [8, 9, 18, 24, 32, 48, 64, 81, 96, 108, 162, 192]]
[843, [6, 12, 16, 24, 32, 54, 81, 96, 144, 162, 216]]
[844, [6, 12, 16, 32, 48, 54, 64, 72, 96, 108, 144, 192]]
[845, [4, 24, 27, 36, 48, 54, 64, 72, 108, 192, 216]]
[846, [6, 16, 18, 27, 32, 36, 48, 81, 96, 108, 162, 216]]
[847, [8, 9, 12, 16, 54, 64, 96, 108, 192, 288]]
[848, [8, 12, 16, 27, 32, 36, 54, 72, 81, 96, 108, 144, 162]]
[849, [8, 9, 16, 27, 32, 54, 64, 81, 96, 108, 162, 192]]
[850, [3, 24, 64, 72, 81, 108, 144, 162, 192]]
[851, [6, 12, 16, 18, 48, 64, 81, 108, 144, 162, 192]]
[852, [8, 9, 18, 27, 36, 48, 54, 64, 72, 108, 192, 216]]
[853, [6, 12, 16, 27, 32, 48, 64, 96, 144, 192, 216]]
[854, [6, 16, 18, 24, 27, 48, 64, 72, 81, 144, 162, 192]]
[855, [6, 12, 18, 32, 36, 48, 64, 81, 96, 108, 162, 192]]
[856, [8, 9, 16, 18, 36, 54, 64, 81, 162, 192, 216]]
[857, [9, 12, 16, 24, 27, 36, 54, 64, 72, 81, 108, 162, 192]]
[858, [6, 16, 24, 27, 32, 36, 54, 72, 81, 96, 108, 144, 162]]
[859, [6, 9, 27, 36, 48, 54, 64, 72, 81, 108, 162, 192]]
[860, [8, 12, 18, 24, 32, 36, 54, 64, 72, 96, 108, 144, 192]]
[861, [6, 9, 24, 27, 36, 48, 81, 108, 144, 162, 216]]
[862, [4, 24, 27, 32, 36, 64, 81, 96, 144, 162, 192]]
[863, [4, 16, 32, 36, 64, 72, 81, 96, 108, 162, 192]]
[864, [4, 27, 32, 36, 48, 54, 72, 81, 96, 108, 144, 162]]
[865, [8, 9, 24, 27, 32, 48, 54, 72, 81, 96, 108, 144, 162]]
[866, [6, 9, 16, 36, 48, 64, 81, 108, 144, 162, 192]]
[867, [8, 12, 18, 24, 27, 36, 48, 54, 64, 96, 192, 288]]
[868, [6, 12, 16, 24, 27, 72, 81, 108, 144, 162, 216]]
[869, [8, 9, 18, 27, 32, 36, 64, 81, 96, 144, 162, 192]]
[870, [8, 12, 16, 24, 32, 48, 54, 64, 72, 96, 108, 144, 192]]
[871, [8, 12, 18, 27, 32, 36, 48, 54, 72, 96, 108, 144, 216]]
[872, [8, 16, 18, 24, 27, 32, 36, 48, 81, 96, 108, 162, 216]]
[873, [6, 9, 18, 24, 36, 72, 96, 108, 216, 288]]
[874, [4, 12, 27, 48, 72, 81, 108, 144, 162, 216]]
[875, [8, 9, 16, 27, 32, 48, 72, 81, 96, 108, 162, 216]]
[876, [6, 12, 24, 27, 32, 36, 64, 81, 96, 144, 162, 192]]
[877, [9, 12, 16, 24, 27, 32, 54, 64, 81, 96, 108, 162, 192]]
[878, [6, 12, 27, 32, 36, 48, 54, 72, 81, 96, 108, 144, 162]]
[879, [9, 16, 18, 24, 27, 32, 36, 54, 72, 81, 96, 108, 144, 162]]
[880, [6, 9, 18, 24, 64, 72, 81, 108, 144, 162, 192]]
[881, [8, 12, 18, 24, 32, 36, 48, 64, 81, 96, 108, 162, 192]]
[882, [6, 9, 24, 27, 32, 64, 72, 96, 144, 192, 216]]
[883, [6, 8, 18, 32, 36, 81, 108, 144, 162, 288]]
[884, [8, 9, 12, 32, 48, 64, 72, 81, 96, 108, 162, 192]]
[885, [8, 9, 24, 27, 36, 48, 54, 64, 72, 81, 108, 162, 192]]
[886, [6, 16, 18, 32, 36, 48, 54, 64, 72, 96, 108, 144, 192]]
[887, [9, 12, 16, 24, 27, 36, 48, 64, 72, 81, 144, 162, 192]]
[888, [8, 12, 16, 27, 32, 36, 54, 64, 81, 96, 108, 162, 192]]
[889, [9, 12, 16, 18, 24, 27, 72, 81, 108, 144, 162, 216]]
[890, [4, 18, 27, 36, 54, 64, 81, 108, 144, 162, 192]]
[891, [8, 9, 18, 24, 27, 54, 64, 81, 108, 144, 162, 192]]
[892, [4, 18, 27, 32, 64, 72, 81, 96, 144, 162, 192]]
[893, [9, 12, 18, 24, 27, 32, 36, 72, 81, 96, 108, 162, 216]]
[894, [6, 9, 24, 32, 48, 64, 72, 81, 96, 108, 162, 192]]
[895, [6, 16, 18, 27, 32, 36, 48, 64, 96, 144, 192, 216]]
[896, [6, 8, 24, 27, 48, 72, 81, 108, 144, 162, 216]]
[897, [9, 12, 18, 24, 27, 32, 36, 64, 81, 96, 144, 162, 192]]
[898, [6, 16, 24, 27, 32, 36, 54, 64, 81, 96, 108, 162, 192]]
[899, [9, 12, 18, 27, 32, 36, 48, 54, 72, 81, 96, 108, 144, 162]]
[900, [4, 16, 27, 48, 54, 64, 81, 108, 144, 162, 192]]
[901, [6, 8, 16, 48, 64, 72, 81, 108, 144, 162, 192]]
[902, [4, 12, 36, 48, 54, 64, 96, 108, 192, 288]]
[903, [8, 12, 16, 24, 32, 36, 64, 72, 81, 96, 108, 162, 192]]
[904, [8, 12, 24, 27, 32, 36, 48, 54, 72, 81, 96, 108, 144, 162]]
[905, [8, 9, 24, 27, 32, 48, 54, 64, 81, 96, 108, 162, 192]]
[906, [6, 12, 18, 27, 32, 64, 72, 81, 96, 144, 162, 192]]
[907, [9, 12, 16, 24, 27, 32, 48, 64, 81, 96, 144, 162, 192]]
[908, [6, 9, 16, 36, 54, 64, 72, 81, 162, 192, 216]]
[909, [9, 12, 16, 18, 27, 32, 48, 72, 81, 144, 162, 288]]
[910, [6, 16, 18, 24, 27, 36, 72, 81, 108, 144, 162, 216]]
[911, [6, 8, 18, 32, 64, 81, 96, 108, 144, 162, 192]]
[912, [8, 16, 18, 24, 32, 36, 48, 54, 64, 72, 96, 108, 144, 192]]
[913, [4, 16, 32, 36, 54, 72, 81, 96, 144, 162, 216]]
[914, [6, 12, 16, 27, 48, 54, 64, 81, 108, 144, 162, 192]]
[915, [4, 16, 24, 48, 64, 72, 81, 108, 144, 162, 192]]
[916, [4, 18, 27, 36, 48, 72, 81, 108, 144, 162, 216]]
[917, [8, 9, 18, 24, 27, 48, 72, 81, 108, 144, 162, 216]]
[918, [6, 12, 27, 32, 36, 48, 54, 64, 81, 96, 108, 162, 192]]
[919, [9, 16, 18, 24, 27, 32, 36, 54, 64, 81, 96, 108, 162, 192]]
[920, [8, 12, 16, 18, 27, 32, 81, 96, 108, 144, 162, 216]]
[921, [6, 9, 27, 32, 36, 64, 72, 81, 96, 144, 162, 192]]
[922, [8, 9, 16, 18, 48, 64, 72, 81, 108, 144, 162, 192]]
[923, [6, 8, 18, 27, 48, 72, 96, 144, 216, 288]]
[924, [6, 16, 24, 27, 32, 36, 48, 72, 81, 96, 108, 162, 216]]
[925, [4, 18, 24, 32, 64, 81, 96, 108, 144, 162, 192]]
[926, [8, 9, 18, 32, 36, 48, 64, 72, 81, 96, 108, 162, 192]]
[927, [6, 12, 16, 32, 36, 54, 72, 81, 96, 144, 162, 216]]
[928, [6, 16, 18, 27, 32, 54, 64, 72, 81, 96, 108, 162, 192]]
[929, [6, 12, 16, 24, 48, 64, 72, 81, 108, 144, 162, 192]]
[930, [8, 12, 18, 24, 27, 36, 54, 64, 81, 108, 144, 162, 192]]
[931, [8, 12, 18, 24, 32, 36, 48, 54, 81, 96, 144, 162, 216]]
[932, [8, 12, 18, 24, 27, 32, 64, 72, 81, 96, 144, 162, 192]]
[933, [6, 12, 24, 32, 36, 48, 64, 72, 81, 96, 108, 162, 192]]
[934, [8, 9, 12, 32, 48, 54, 72, 81, 96, 144, 162, 216]]
[935, [9, 12, 16, 18, 27, 48, 54, 64, 81, 108, 144, 162, 192]]
[936, [4, 18, 27, 32, 48, 81, 96, 108, 144, 162, 216]]
[937, [8, 9, 16, 24, 36, 48, 64, 72, 108, 144, 192, 216]]
[938, [6, 8, 16, 32, 48, 72, 108, 144, 216, 288]]
[939, [9, 12, 18, 27, 32, 36, 48, 54, 64, 81, 96, 108, 162, 192]]
[940, [8, 12, 16, 24, 27, 48, 54, 64, 81, 108, 144, 162, 192]]
[941, [6, 9, 16, 36, 54, 64, 72, 96, 108, 192, 288]]
[942, [9, 12, 18, 24, 27, 32, 36, 64, 72, 96, 144, 192, 216]]
[943, [6, 9, 24, 27, 54, 64, 72, 81, 108, 144, 162, 192]]
[944, [8, 12, 24, 27, 32, 36, 48, 54, 64, 81, 96, 108, 162, 192]]
[945, [9, 16, 18, 24, 27, 32, 36, 48, 72, 81, 96, 108, 162, 216]]
[946, [8, 12, 18, 27, 32, 36, 48, 54, 72, 81, 108, 162, 288]]
[947, [8, 9, 24, 27, 32, 36, 64, 72, 81, 96, 144, 162, 192]]
[948, [9, 12, 16, 18, 32, 36, 54, 72, 81, 96, 144, 162, 216]]
[949, [9, 16, 18, 24, 27, 32, 36, 48, 64, 81, 96, 144, 162, 192]]
[950, [9, 12, 16, 18, 24, 48, 64, 72, 81, 108, 144, 162, 192]]
[951, [6, 9, 18, 27, 48, 72, 81, 96, 144, 162, 288]]
[952, [9, 12, 16, 24, 27, 32, 48, 64, 72, 96, 144, 192, 216]]
[953, [8, 12, 16, 24, 32, 36, 54, 72, 81, 96, 144, 162, 216]]
[954, [9, 12, 18, 24, 32, 36, 48, 64, 72, 81, 96, 108, 162, 192]]
[955, [6, 8, 32, 36, 48, 54, 72, 81, 96, 144, 162, 216]]
[956, [6, 16, 18, 27, 36, 48, 54, 64, 81, 108, 144, 162, 192]]
[957, [8, 9, 16, 24, 32, 48, 64, 96, 108, 144, 192, 216]]
[958, [6, 16, 18, 27, 32, 48, 64, 72, 81, 96, 144, 162, 192]]
[959, [6, 12, 16, 27, 48, 54, 64, 72, 108, 144, 192, 216]]
[960, [8, 9, 12, 18, 54, 64, 81, 144, 162, 192, 216]]
[961, [9, 12, 16, 27, 32, 36, 54, 64, 72, 81, 96, 108, 162, 192]]
[962, [6, 12, 16, 24, 36, 54, 64, 72, 162, 192, 324]]
[963, [9, 12, 16, 24, 27, 32, 36, 81, 96, 108, 144, 162, 216]]
[964, [9, 16, 18, 24, 27, 32, 36, 54, 64, 72, 96, 108, 192, 216]]
[965, [6, 9, 27, 32, 36, 48, 81, 96, 108, 144, 162, 216]]
[966, [6, 9, 16, 32, 48, 72, 81, 108, 144, 162, 288]]
[967, [4, 12, 32, 64, 72, 81, 96, 108, 144, 162, 192]]
[968, [4, 24, 27, 36, 54, 64, 72, 81, 108, 144, 162, 192]]
[969, [4, 24, 32, 36, 48, 54, 72, 81, 96, 144, 162, 216]]
[970, [6, 12, 16, 32, 36, 48, 64, 96, 108, 144, 192, 216]]
[971, [6, 16, 18, 24, 36, 48, 64, 72, 81, 108, 144, 162, 192]]
[972, [6, 12, 16, 27, 32, 72, 81, 96, 108, 144, 162, 216]]
[973, [6, 16, 24, 27, 32, 36, 48, 64, 72, 96, 144, 192, 216]]
[974, [8, 12, 18, 27, 32, 48, 54, 64, 72, 81, 96, 108, 162, 192]]
[975, [8, 9, 18, 27, 36, 54, 64, 72, 81, 108, 144, 162, 192]]
[976, [8, 9, 18, 32, 36, 48, 54, 72, 81, 96, 144, 162, 216]]
[977, [8, 9, 18, 24, 27, 48, 72, 81, 96, 144, 162, 288]]
[978, [4, 16, 27, 36, 64, 72, 81, 108, 162, 192, 216]]
[979, [8, 9, 16, 24, 27, 64, 72, 81, 108, 162, 192, 216]]
[980, [9, 12, 16, 18, 27, 48, 54, 64, 72, 108, 144, 192, 216]]
[981, [8, 12, 16, 18, 32, 48, 64, 81, 96, 108, 144, 162, 192]]
[982, [8, 16, 18, 24, 27, 36, 48, 54, 64, 81, 108, 144, 162, 192]]
[983, [6, 12, 24, 32, 36, 48, 54, 72, 81, 96, 144, 162, 216]]
[984, [6, 18, 24, 27, 32, 48, 54, 64, 72, 81, 96, 108, 162, 192]]
[985, [8, 9, 16, 27, 48, 54, 64, 72, 81, 108, 144, 162, 192]]
[986, [8, 12, 18, 24, 27, 36, 54, 72, 81, 96, 108, 162, 288]]
[987, [8, 9, 12, 36, 48, 54, 64, 72, 96, 108, 192, 288]]
[988, [4, 24, 27, 32, 54, 64, 81, 96, 108, 144, 162, 192]]
[989, [8, 9, 27, 32, 36, 48, 54, 64, 72, 81, 96, 108, 162, 192]]
[990, [6, 12, 18, 27, 36, 48, 72, 81, 96, 144, 162, 288]]
[991, [9, 12, 16, 27, 32, 36, 48, 64, 72, 81, 96, 144, 162, 192]]
[992, [6, 12, 16, 27, 36, 64, 72, 81, 108, 162, 192, 216]]
[993, [9, 12, 16, 18, 27, 32, 72, 81, 96, 108, 144, 162, 216]]
[994, [9, 16, 18, 24, 27, 32, 36, 48, 64, 72, 96, 144, 192, 216]]
[995, [8, 9, 18, 27, 32, 54, 64, 81, 96, 108, 144, 162, 192]]
[996, [8, 9, 16, 32, 36, 48, 64, 81, 96, 108, 144, 162, 192]]
[997, [6, 9, 24, 36, 48, 54, 64, 72, 96, 108, 192, 288]]
[998, [8, 12, 16, 24, 27, 32, 72, 81, 96, 108, 144, 162, 216]]
[999, [6, 9, 24, 32, 36, 64, 72, 96, 108, 144, 192, 216]]
[1000, [6, 8, 27, 32, 48, 72, 81, 96, 108, 144, 162, 216]]
[1001, [6, 16, 18, 27, 36, 48, 54, 64, 72, 108, 144, 192, 216]]
[1002, [6, 12, 24, 27, 32, 54, 64, 81, 96, 108, 144, 162, 192]]
[1003, [9, 12, 18, 24, 27, 36, 54, 64, 72, 81, 108, 144, 162, 192]]
[1004, [9, 12, 18, 24, 32, 36, 48, 54, 72, 81, 96, 144, 162, 216]]
[1005, [4, 16, 24, 48, 54, 64, 81, 144, 162, 192, 216]]
[1006, [6, 9, 16, 24, 72, 81, 96, 108, 144, 162, 288]]
[1007, [6, 12, 16, 24, 27, 64, 72, 108, 162, 192, 324]]
[1008, [6, 16, 18, 24, 32, 36, 48, 72, 108, 144, 216, 288]]
[1009, [4, 18, 32, 36, 64, 72, 81, 96, 108, 144, 162, 192]]
[1010, [8, 9, 18, 24, 32, 64, 72, 81, 96, 108, 144, 162, 192]]
[1011, [8, 9, 16, 24, 32, 54, 64, 72, 108, 144, 192, 288]]
[1012, [6, 12, 16, 27, 32, 64, 81, 96, 108, 162, 192, 216]]
[1013, [9, 12, 16, 24, 27, 48, 54, 64, 72, 81, 108, 144, 162, 192]]
[1014, [6, 16, 18, 27, 32, 36, 72, 81, 96, 108, 144, 162, 216]]
[1015, [6, 16, 18, 27, 32, 36, 48, 64, 72, 192, 216, 288]]
[1016, [8, 9, 18, 32, 36, 48, 54, 64, 81, 96, 162, 192, 216]]
[1017, [9, 12, 24, 27, 32, 36, 48, 54, 64, 72, 81, 96, 108, 162, 192]]
[1018, [8, 12, 16, 24, 27, 36, 64, 72, 81, 108, 162, 192, 216]]
[1019, [4, 16, 32, 48, 64, 72, 81, 96, 108, 144, 162, 192]]
[1020, [6, 8, 27, 36, 48, 64, 72, 81, 108, 162, 192, 216]]
[1021, [8, 9, 18, 27, 32, 48, 72, 81, 96, 108, 144, 162, 216]]
[1022, [8, 9, 18, 24, 32, 36, 64, 81, 108, 162, 192, 288]]
[1023, [9, 12, 18, 24, 27, 32, 54, 64, 81, 96, 108, 144, 162, 192]]
[1024, [8, 12, 16, 27, 36, 48, 54, 64, 72, 81, 108, 144, 162, 192]]
[1025, [6, 12, 18, 32, 36, 48, 54, 72, 81, 162, 216, 288]]
[1026, [8, 12, 16, 18, 32, 48, 64, 72, 96, 108, 144, 192, 216]]
[1027, [8, 16, 18, 24, 27, 36, 48, 54, 64, 72, 108, 144, 192, 216]]
[1028, [6, 12, 24, 27, 32, 48, 72, 81, 96, 108, 144, 162, 216]]
[1029, [6, 9, 18, 24, 48, 72, 96, 108, 144, 216, 288]]
[1030, [8, 12, 18, 24, 27, 32, 54, 72, 81, 108, 144, 162, 288]]
[1031, [8, 12, 16, 24, 32, 36, 48, 72, 81, 108, 144, 162, 288]]
[1032, [8, 9, 16, 24, 32, 48, 64, 81, 108, 162, 192, 288]]
[1033, [6, 12, 16, 32, 48, 64, 72, 81, 96, 108, 144, 162, 192]]
[1034, [6, 16, 24, 27, 36, 48, 54, 64, 72, 81, 108, 144, 162, 192]]
[1035, [8, 12, 18, 24, 27, 36, 54, 64, 72, 96, 144, 192, 288]]
[1036, [6, 16, 18, 24, 32, 48, 64, 72, 96, 108, 144, 192, 216]]
[1037, [4, 12, 36, 54, 64, 72, 81, 144, 162, 192, 216]]
[1038, [8, 9, 16, 32, 36, 54, 64, 72, 81, 96, 162, 192, 216]]
[1039, [4, 18, 32, 48, 54, 64, 72, 81, 96, 162, 192, 216]]
[1040, [8, 16, 18, 24, 27, 32, 36, 72, 81, 96, 108, 144, 162, 216]]
[1041, [8, 9, 16, 32, 36, 48, 64, 72, 96, 108, 144, 192, 216]]
[1042, [6, 12, 18, 24, 36, 54, 64, 96, 108, 144, 192, 288]]
[1043, [4, 16, 24, 27, 54, 72, 144, 162, 216, 324]]
[1044, [6, 18, 24, 27, 32, 36, 54, 64, 81, 96, 108, 144, 162, 192]]
[1045, [8, 9, 24, 27, 32, 36, 54, 72, 81, 108, 144, 162, 288]]
[1046, [6, 9, 16, 24, 64, 81, 96, 108, 162, 192, 288]]
[1047, [6, 9, 27, 32, 54, 64, 72, 81, 96, 108, 144, 162, 192]]
[1048, [6, 12, 24, 27, 36, 48, 64, 72, 81, 108, 162, 192, 216]]
[1049, [8, 12, 18, 24, 32, 36, 64, 72, 81, 96, 108, 144, 162, 192]]
[1050, [8, 12, 16, 24, 32, 36, 54, 64, 72, 108, 144, 192, 288]]
[1051, [8, 12, 16, 18, 36, 48, 54, 64, 81, 144, 162, 192, 216]]
[1052, [8, 9, 12, 24, 48, 72, 81, 96, 108, 144, 162, 288]]
[1053, [6, 12, 18, 32, 48, 54, 64, 72, 81, 96, 162, 192, 216]]
[1054, [6, 16, 24, 27, 32, 48, 54, 64, 81, 96, 108, 144, 162, 192]]
[1055, [9, 16, 18, 24, 27, 36, 48, 54, 64, 72, 81, 108, 144, 162, 192]]
[1056, [6, 16, 18, 27, 32, 48, 54, 72, 81, 108, 144, 162, 288]]
[1057, [4, 12, 32, 54, 64, 81, 96, 144, 162, 192, 216]]
[1058, [6, 8, 27, 36, 48, 54, 81, 96, 108, 144, 162, 288]]
[1059, [8, 12, 16, 24, 32, 48, 64, 72, 81, 96, 108, 144, 162, 192]]
[1060, [8, 12, 18, 27, 32, 36, 48, 72, 81, 96, 108, 144, 162, 216]]
[1061, [8, 9, 18, 27, 32, 48, 64, 81, 96, 108, 162, 192, 216]]
[1062, [8, 9, 16, 24, 27, 54, 72, 96, 108, 144, 216, 288]]
[1063, [4, 12, 27, 48, 54, 72, 144, 162, 216, 324]]
[1064, [6, 9, 16, 48, 54, 64, 72, 81, 144, 162, 192, 216]]
[1065, [6, 12, 18, 24, 36, 54, 72, 81, 96, 162, 216, 288]]
[1066, [9, 12, 16, 24, 32, 36, 54, 64, 72, 81, 96, 162, 192, 216]]
[1067, [8, 9, 18, 24, 32, 36, 64, 72, 108, 192, 216, 288]]
[1068, [9, 12, 18, 24, 27, 32, 54, 64, 72, 96, 108, 144, 192, 216]]
[1069, [9, 12, 16, 24, 32, 36, 48, 64, 72, 96, 108, 144, 192, 216]]
[1070, [6, 18, 24, 27, 32, 36, 48, 72, 81, 96, 108, 144, 162, 216]]
[1071, [8, 9, 12, 24, 54, 64, 72, 96, 108, 144, 192, 288]]
[1072, [4, 27, 32, 36, 54, 64, 72, 81, 96, 108, 144, 162, 192]]
[1073, [8, 9, 24, 27, 32, 54, 64, 72, 81, 96, 108, 144, 162, 192]]
[1074, [6, 9, 18, 32, 54, 64, 81, 96, 144, 162, 192, 216]]
[1075, [9, 16, 18, 24, 27, 32, 48, 54, 64, 81, 96, 108, 144, 162, 192]]
[1076, [4, 16, 32, 36, 48, 64, 72, 108, 192, 216, 288]]
[1077, [8, 9, 16, 24, 32, 48, 64, 72, 108, 192, 216, 288]]
[1078, [8, 12, 16, 24, 27, 36, 64, 72, 81, 96, 162, 192, 288]]
[1079, [8, 12, 18, 27, 32, 36, 54, 64, 72, 96, 108, 144, 192, 216]]
[1080, [8, 16, 18, 24, 27, 32, 36, 64, 81, 96, 108, 162, 192, 216]]
[1081, [4, 16, 32, 36, 48, 54, 81, 144, 162, 216, 288]]
[1082, [4, 12, 27, 64, 72, 81, 108, 144, 162, 192, 216]]
[1083, [8, 9, 16, 27, 32, 64, 72, 81, 96, 108, 162, 192, 216]]
[1084, [8, 12, 16, 18, 36, 48, 54, 64, 96, 108, 144, 192, 288]]
[1085, [8, 9, 24, 27, 32, 36, 54, 64, 81, 108, 162, 192, 288]]
[1086, [8, 16, 18, 27, 32, 36, 48, 54, 64, 81, 96, 108, 144, 162, 192]]
[1087, [8, 16, 18, 24, 27, 36, 48, 54, 64, 72, 96, 144, 192, 288]]
[1088, [6, 16, 18, 24, 32, 36, 48, 72, 108, 128, 216, 384]]
[1089, [6, 18, 24, 27, 32, 36, 54, 64, 72, 96, 108, 144, 192, 216]]
[1090, [8, 9, 16, 24, 48, 54, 64, 72, 81, 144, 162, 192, 216]]
[1091, [4, 12, 36, 48, 64, 81, 96, 108, 162, 192, 288]]
[1092, [6, 8, 24, 36, 54, 64, 72, 96, 108, 144, 192, 288]]
[1093, [4, 16, 32, 36, 54, 72, 81, 96, 108, 162, 432]]
[1094, [8, 9, 24, 32, 36, 48, 54, 64, 72, 81, 96, 162, 192, 216]]
[1095, [6, 12, 16, 32, 36, 48, 54, 81, 144, 162, 216, 288]]
[1096, [8, 12, 16, 18, 27, 48, 64, 81, 108, 144, 162, 192, 216]]
[1097, [6, 9, 16, 48, 54, 64, 72, 96, 108, 144, 192, 288]]
[1098, [6, 12, 16, 18, 32, 72, 96, 144, 162, 216, 324]]
[1099, [6, 16, 24, 27, 32, 48, 54, 64, 72, 96, 108, 144, 192, 216]]
[1100, [8, 12, 18, 27, 32, 36, 48, 64, 81, 96, 108, 162, 192, 216]]
[1101, [8, 16, 18, 24, 32, 36, 48, 64, 72, 81, 96, 108, 144, 162, 192]]
[1102, [4, 18, 27, 48, 54, 72, 81, 96, 108, 144, 162, 288]]
[1103, [6, 12, 16, 36, 48, 54, 64, 72, 81, 144, 162, 192, 216]]
[1104, [6, 8, 24, 27, 64, 72, 81, 108, 144, 162, 192, 216]]
[1105, [4, 18, 27, 32, 48, 64, 72, 144, 192, 216, 288]]
[1106, [6, 16, 18, 24, 27, 48, 64, 81, 108, 144, 162, 192, 216]]
[1107, [9, 12, 18, 27, 32, 36, 54, 64, 72, 81, 96, 108, 144, 162, 192]]
[1108, [6, 12, 24, 27, 36, 48, 64, 72, 81, 96, 162, 192, 288]]
[1109, [4, 16, 32, 48, 54, 64, 81, 96, 144, 162, 192, 216]]
[1110, [6, 18, 24, 27, 32, 36, 48, 64, 81, 96, 108, 162, 192, 216]]
[1111, [9, 12, 16, 24, 27, 32, 64, 72, 81, 96, 108, 162, 192, 216]]
[1112, [8, 12, 24, 27, 32, 36, 54, 64, 72, 81, 96, 108, 144, 162, 192]]
[1113, [6, 9, 27, 32, 48, 64, 72, 81, 96, 108, 162, 192, 216]]
[1114, [12, 16, 18, 24, 27, 32, 36, 48, 54, 64, 81, 96, 108, 144, 162, 192]]
[1115, [8, 9, 18, 27, 32, 54, 64, 72, 81, 108, 162, 192, 288]]
[1116, [6, 12, 18, 27, 48, 54, 72, 81, 96, 108, 144, 162, 288]]
[1117, [9, 12, 16, 27, 32, 48, 54, 64, 72, 81, 96, 108, 144, 162, 192]]
[1118, [6, 12, 16, 24, 48, 54, 64, 72, 144, 162, 192, 324]]
[1119, [8, 9, 12, 27, 36, 64, 81, 96, 144, 162, 192, 288]]
[1120, [9, 16, 18, 24, 27, 32, 48, 54, 64, 72, 96, 108, 144, 192, 216]]
[1121, [8, 12, 16, 24, 32, 36, 48, 54, 81, 144, 162, 216, 288]]
[1122, [8, 12, 16, 27, 32, 36, 64, 72, 81, 96, 108, 162, 192, 216]]
[1123, [6, 12, 16, 32, 48, 54, 64, 81, 96, 144, 162, 192, 216]]
[1124, [9, 12, 16, 18, 36, 48, 54, 64, 72, 81, 144, 162, 192, 216]]
[1125, [8, 9, 18, 24, 27, 64, 72, 81, 108, 144, 162, 192, 216]]
[1126, [8, 12, 16, 18, 27, 54, 64, 81, 96, 108, 162, 192, 288]]
[1127, [6, 9, 18, 24, 32, 48, 162, 216, 288, 324]]
[1128, [8, 9, 16, 18, 36, 54, 81, 96, 144, 162, 216, 288]]
[1129, [8, 12, 16, 24, 36, 48, 54, 64, 72, 81, 144, 162, 192, 216]]
[1130, [6, 9, 16, 36, 64, 72, 81, 96, 108, 162, 192, 288]]
[1131, [8, 16, 18, 27, 32, 36, 48, 54, 64, 72, 96, 108, 144, 192, 216]]
[1132, [6, 16, 24, 27, 32, 36, 64, 72, 81, 96, 108, 162, 192, 216]]
[1133, [8, 9, 12, 32, 36, 54, 64, 96, 144, 162, 192, 324]]
[1134, [4, 16, 27, 48, 64, 72, 81, 108, 144, 162, 192, 216]]
[1135, [4, 12, 32, 48, 64, 81, 108, 144, 162, 192, 288]]
[1136, [6, 12, 16, 36, 48, 54, 64, 72, 96, 108, 144, 192, 288]]
[1137, [8, 9, 12, 24, 48, 64, 72, 96, 108, 192, 216, 288]]
[1138, [6, 16, 27, 32, 36, 48, 54, 64, 72, 81, 96, 108, 144, 162, 192]]
[1139, [8, 9, 24, 27, 32, 48, 64, 72, 81, 96, 108, 162, 192, 216]]
[1140, [6, 12, 16, 27, 32, 48, 81, 108, 144, 162, 216, 288]]
[1141, [8, 9, 16, 27, 36, 54, 64, 81, 96, 108, 162, 192, 288]]
[1142, [8, 9, 12, 32, 54, 64, 72, 81, 96, 144, 162, 192, 216]]
[1143, [9, 12, 18, 24, 27, 32, 54, 64, 72, 81, 108, 162, 192, 288]]
[1144, [9, 12, 16, 18, 32, 48, 54, 64, 81, 96, 144, 162, 192, 216]]
[1145, [8, 9, 18, 27, 32, 48, 64, 72, 81, 144, 162, 192, 288]]
[1146, [6, 8, 16, 32, 64, 72, 108, 144, 192, 216, 288]]
[1147, [4, 8, 64, 81, 96, 108, 144, 162, 192, 288]]
[1148, [6, 12, 16, 27, 48, 64, 72, 81, 108, 144, 162, 192, 216]]
[1149, [8, 12, 16, 24, 32, 48, 54, 64, 81, 96, 144, 162, 192, 216]]
[1150, [9, 12, 16, 18, 24, 32, 64, 81, 108, 144, 162, 192, 288]]
[1151, [8, 12, 16, 18, 32, 48, 54, 72, 81, 144, 162, 216, 288]]
[1152, [6, 12, 27, 32, 36, 48, 64, 72, 81, 96, 108, 162, 192, 216]]
[1153, [9, 16, 18, 24, 27, 32, 36, 64, 72, 81, 96, 108, 162, 192, 216]]
[1154, [8, 12, 18, 27, 32, 36, 54, 64, 72, 81, 108, 162, 192, 288]]
[1155, [6, 9, 12, 48, 54, 72, 108, 144, 162, 216, 324]]
[1156, [6, 12, 18, 27, 48, 54, 64, 81, 96, 108, 162, 192, 288]]
[1157, [8, 9, 24, 27, 36, 48, 54, 72, 81, 96, 108, 144, 162, 288]]
[1158, [6, 12, 18, 27, 32, 64, 81, 96, 108, 144, 162, 192, 216]]
[1159, [9, 16, 18, 27, 32, 36, 48, 54, 64, 72, 81, 96, 108, 144, 162, 192]]
[1160, [8, 9, 24, 27, 32, 36, 48, 64, 72, 144, 192, 216, 288]]
[1161, [8, 12, 16, 18, 32, 36, 64, 81, 108, 144, 162, 192, 288]]
[1162, [8, 12, 16, 24, 36, 48, 54, 64, 72, 96, 108, 144, 192, 288]]
[1163, [6, 8, 32, 36, 54, 64, 72, 81, 96, 144, 162, 192, 216]]
[1164, [8, 16, 24, 27, 32, 36, 48, 54, 64, 72, 81, 96, 108, 144, 162, 192]]
[1165, [6, 16, 18, 32, 36, 48, 54, 64, 81, 96, 144, 162, 192, 216]]
[1166, [6, 16, 18, 24, 27, 48, 64, 81, 96, 144, 162, 192, 288]]
[1167, [8, 9, 16, 27, 36, 48, 72, 81, 96, 108, 162, 216, 288]]
[1168, [6, 9, 24, 27, 36, 64, 72, 108, 144, 162, 192, 324]]
[1169, [9, 12, 16, 18, 27, 48, 64, 72, 81, 108, 144, 162, 192, 216]]
[1170, [8, 12, 16, 18, 32, 48, 54, 64, 96, 144, 162, 192, 324]]
[1171, [6, 9, 27, 36, 48, 54, 64, 81, 96, 108, 162, 192, 288]]
[1172, [8, 9, 18, 24, 27, 36, 72, 96, 108, 162, 288, 324]]
[1173, [9, 12, 18, 27, 32, 36, 48, 64, 72, 81, 96, 108, 162, 192, 216]]
[1174, [8, 12, 16, 24, 27, 48, 64, 72, 81, 108, 144, 162, 192, 216]]
[1175, [4, 12, 24, 64, 81, 96, 108, 144, 162, 192, 288]]
[1176, [8, 9, 12, 36, 48, 64, 72, 81, 96, 108, 162, 192, 288]]
[1177, [4, 24, 32, 36, 54, 64, 72, 81, 96, 144, 162, 192, 216]]
[1178, [8, 12, 24, 27, 32, 36, 48, 64, 72, 81, 96, 108, 162, 192, 216]]
[1179, [8, 9, 18, 24, 36, 48, 64, 72, 96, 108, 192, 216, 288]]
[1180, [6, 9, 16, 36, 54, 72, 81, 96, 144, 162, 216, 288]]
[1181, [6, 16, 18, 24, 27, 54, 64, 72, 96, 108, 192, 216, 288]]
[1182, [8, 12, 18, 24, 27, 48, 54, 64, 81, 96, 108, 162, 192, 288]]
[1183, [6, 9, 16, 18, 48, 96, 162, 216, 288, 324]]
[1184, [8, 9, 18, 32, 36, 54, 64, 72, 81, 96, 144, 162, 192, 216]]
[1185, [8, 9, 18, 24, 27, 64, 72, 81, 96, 144, 162, 192, 288]]
[1186, [6, 9, 24, 36, 48, 64, 72, 81, 96, 108, 162, 192, 288]]
[1187, [4, 18, 27, 48, 54, 64, 72, 96, 108, 192, 216, 288]]
[1188, [9, 12, 18, 24, 27, 32, 48, 64, 72, 96, 108, 162, 192, 324]]
[1189, [6, 8, 27, 32, 48, 54, 72, 96, 144, 162, 216, 324]]
[1190, [6, 16, 18, 27, 36, 48, 64, 72, 81, 108, 144, 162, 192, 216]]
[1191, [8, 16, 18, 24, 32, 36, 48, 54, 64, 81, 96, 144, 162, 192, 216]]
[1192, [6, 9, 18, 24, 64, 81, 96, 108, 144, 162, 192, 288]]
[1193, [6, 8, 18, 48, 54, 72, 81, 96, 144, 162, 216, 288]]
[1194, [8, 9, 16, 32, 48, 54, 64, 72, 81, 96, 144, 162, 192, 216]]
[1195, [9, 16, 18, 24, 27, 32, 48, 54, 64, 72, 81, 108, 162, 192, 288]]
[1196, [6, 12, 18, 27, 48, 54, 72, 81, 96, 108, 128, 162, 384]]
[1197, [8, 9, 24, 27, 36, 48, 54, 64, 81, 96, 108, 162, 192, 288]]
[1198, [6, 12, 18, 27, 36, 64, 72, 81, 96, 144, 162, 192, 288]]
[1199, [8, 9, 24, 27, 32, 36, 64, 81, 96, 108, 144, 162, 192, 216]]
[1200, [8, 9, 16, 24, 32, 64, 72, 81, 108, 144, 162, 192, 288]]
[1201, [8, 9, 18, 27, 32, 36, 72, 81, 108, 144, 162, 216, 288]]
[1202, [6, 8, 24, 32, 48, 64, 72, 108, 144, 192, 216, 288]]
[1203, [6, 8, 18, 36, 64, 81, 96, 108, 144, 162, 192, 288]]
[1204, [8, 12, 16, 24, 27, 54, 64, 72, 81, 96, 108, 162, 192, 288]]
[1205, [4, 12, 27, 54, 64, 96, 108, 144, 192, 216, 288]]
[1206, [8, 16, 18, 27, 32, 36, 48, 54, 64, 72, 81, 108, 162, 192, 288]]
[1207, [4, 18, 24, 48, 54, 72, 81, 96, 144, 162, 216, 288]]
[1208, [6, 8, 27, 32, 64, 72, 81, 96, 108, 144, 162, 192, 216]]
[1209, [6, 9, 24, 27, 32, 64, 81, 108, 162, 192, 216, 288]]
[1210, [6, 16, 18, 27, 32, 48, 64, 81, 96, 108, 144, 162, 192, 216]]
[1211, [8, 9, 16, 27, 32, 48, 72, 81, 108, 144, 162, 216, 288]]
[1212, [9, 12, 18, 24, 32, 36, 54, 64, 72, 81, 96, 144, 162, 192, 216]]
[1213, [9, 12, 16, 24, 27, 32, 54, 64, 81, 108, 144, 162, 192, 288]]
[1214, [9, 12, 16, 24, 27, 36, 54, 64, 72, 96, 108, 192, 216, 288]]
[1215, [6, 9, 27, 32, 48, 54, 64, 81, 108, 144, 162, 192, 288]]
[1216, [8, 16, 18, 24, 27, 36, 48, 64, 72, 81, 108, 144, 162, 192, 216]]
[1217, [8, 12, 18, 24, 32, 36, 48, 64, 81, 108, 144, 162, 192, 288]]
[1218, [8, 9, 18, 24, 32, 48, 72, 81, 108, 128, 144, 162, 384]]
[1219, [4, 18, 32, 36, 54, 64, 72, 81, 162, 192, 216, 288]]
[1220, [6, 16, 18, 27, 36, 54, 64, 72, 81, 96, 108, 162, 192, 288]]
[1221, [6, 12, 18, 24, 48, 54, 72, 81, 96, 144, 162, 216, 288]]
[1222, [9, 12, 16, 24, 32, 48, 54, 64, 72, 81, 96, 144, 162, 192, 216]]
[1223, [8, 9, 18, 24, 32, 48, 64, 72, 108, 144, 192, 216, 288]]
[1224, [8, 12, 18, 24, 27, 36, 64, 72, 81, 96, 144, 162, 192, 288]]
[1225, [6, 9, 16, 27, 72, 81, 96, 108, 144, 162, 216, 288]]
[1226, [8, 9, 12, 36, 48, 54, 72, 81, 96, 144, 162, 216, 288]]
[1227, [8, 9, 18, 27, 48, 54, 64, 72, 81, 96, 108, 162, 192, 288]]
[1228, [4, 18, 27, 36, 48, 81, 96, 108, 144, 162, 216, 288]]
[1229, [8, 9, 18, 27, 32, 64, 72, 81, 96, 108, 144, 162, 192, 216]]
[1230, [6, 9, 24, 32, 48, 64, 72, 81, 108, 144, 162, 192, 288]]
[1231, [6, 12, 18, 24, 36, 64, 81, 96, 108, 144, 162, 192, 288]]
[1232, [6, 9, 18, 24, 72, 81, 96, 108, 128, 144, 162, 384]]
[1233, [8, 12, 16, 32, 36, 48, 54, 64, 72, 81, 96, 144, 162, 192, 216]]
[1234, [12, 16, 18, 24, 27, 32, 36, 48, 54, 64, 72, 81, 108, 162, 192, 288]]
[1235, [9, 12, 16, 18, 24, 36, 54, 64, 108, 162, 192, 216, 324]]
[1236, [8, 16, 18, 24, 27, 32, 48, 64, 81, 96, 108, 144, 162, 192, 216]]
[1237, [6, 9, 18, 24, 64, 72, 96, 108, 144, 192, 216, 288]]
[1238, [8, 12, 18, 24, 32, 36, 54, 64, 72, 96, 144, 162, 192, 324]]
[1239, [8, 12, 16, 24, 32, 36, 64, 72, 81, 108, 144, 162, 192, 288]]
[1240, [4, 27, 32, 36, 48, 54, 64, 81, 108, 144, 162, 192, 288]]
[1241, [8, 9, 24, 27, 32, 48, 54, 64, 81, 108, 144, 162, 192, 288]]
[1242, [6, 12, 18, 27, 36, 48, 81, 96, 108, 144, 162, 216, 288]]
[1243, [6, 16, 24, 32, 36, 48, 54, 64, 72, 81, 96, 144, 162, 192, 216]]
[1244, [9, 12, 16, 24, 27, 36, 48, 64, 72, 96, 144, 192, 216, 288]]
[1245, [8, 9, 12, 27, 54, 64, 81, 96, 108, 144, 162, 192, 288]]
[1246, [8, 16, 18, 24, 27, 36, 54, 64, 72, 81, 96, 108, 162, 192, 288]]
[1247, [8, 12, 18, 27, 32, 36, 48, 54, 64, 108, 144, 192, 216, 288]]
[1248, [8, 9, 18, 24, 27, 54, 64, 96, 108, 144, 192, 216, 288]]
[1249, [8, 9, 16, 24, 36, 48, 64, 96, 108, 144, 192, 216, 288]]
[1250, [6, 16, 18, 27, 36, 48, 64, 72, 81, 96, 144, 162, 192, 288]]
[1251, [8, 9, 16, 24, 27, 72, 81, 96, 108, 144, 162, 216, 288]]
[1252, [4, 16, 18, 32, 48, 144, 162, 216, 288, 324]]
[1253, [8, 9, 12, 32, 36, 54, 64, 72, 162, 192, 288, 324]]
[1254, [6, 12, 27, 32, 36, 48, 54, 64, 81, 108, 144, 162, 192, 288]]
[1255, [9, 12, 18, 24, 27, 48, 54, 64, 72, 81, 96, 108, 162, 192, 288]]
[1256, [6, 12, 18, 32, 36, 48, 54, 96, 108, 144, 162, 216, 324]]
[1257, [9, 12, 18, 24, 27, 32, 64, 72, 81, 96, 108, 144, 162, 192, 216]]
[1258, [9, 12, 16, 24, 27, 32, 54, 64, 72, 108, 144, 192, 216, 288]]
[1259, [4, 12, 36, 64, 72, 81, 96, 108, 144, 162, 192, 288]]
[1260, [8, 9, 12, 24, 64, 72, 81, 96, 108, 144, 162, 192, 288]]
[1261, [6, 12, 18, 27, 36, 54, 64, 96, 108, 144, 192, 216, 288]]
[1262, [8, 9, 18, 32, 36, 48, 64, 72, 81, 108, 144, 162, 192, 288]]
[1263, [8, 9, 18, 24, 36, 48, 54, 64, 108, 162, 192, 216, 324]]
[1264, [9, 16, 18, 24, 32, 36, 48, 54, 64, 72, 81, 96, 144, 162, 192, 216]]
[1265, [6, 9, 16, 27, 64, 81, 96, 108, 162, 192, 216, 288]]
[1266, [8, 12, 18, 27, 36, 48, 54, 64, 72, 81, 96, 108, 162, 192, 288]]
[1267, [8, 9, 16, 18, 36, 54, 64, 96, 162, 192, 288, 324]]
[1268, [8, 12, 18, 27, 32, 36, 64, 72, 81, 96, 108, 144, 162, 192, 216]]
[1269, [6, 12, 24, 32, 36, 48, 64, 72, 81, 108, 144, 162, 192, 288]]
[1270, [8, 12, 16, 18, 24, 54, 64, 72, 108, 162, 192, 216, 324]]
[1271, [8, 9, 12, 27, 48, 72, 81, 96, 108, 144, 162, 216, 288]]
[1272, [4, 16, 24, 48, 64, 72, 96, 108, 144, 192, 216, 288]]
[1273, [8, 12, 16, 18, 36, 48, 64, 81, 96, 108, 144, 162, 192, 288]]
[1274, [6, 12, 16, 18, 48, 64, 72, 144, 162, 192, 216, 324]]
[1275, [9, 12, 18, 27, 32, 36, 48, 54, 64, 81, 108, 144, 162, 192, 288]]
[1276, [6, 18, 24, 27, 36, 48, 54, 64, 72, 81, 96, 108, 162, 192, 288]]
[1277, [8, 9, 16, 24, 32, 36, 54, 108, 162, 216, 288, 324]]
[1278, [6, 18, 24, 27, 32, 36, 64, 72, 81, 96, 108, 144, 162, 192, 216]]
[1279, [6, 16, 24, 27, 32, 36, 54, 64, 72, 108, 144, 192, 216, 288]]
[1280, [8, 12, 24, 27, 32, 36, 48, 54, 64, 81, 108, 144, 162, 192, 288]]
[1281, [6, 8, 24, 36, 64, 72, 81, 96, 108, 144, 162, 192, 288]]
[1282, [8, 12, 18, 24, 32, 36, 48, 54, 96, 108, 144, 162, 216, 324]]
[1283, [6, 16, 18, 24, 36, 48, 64, 81, 96, 108, 144, 162, 192, 288]]
[1284, [6, 8, 16, 36, 54, 64, 108, 128, 192, 288, 384]]
[1285, [9, 12, 16, 18, 27, 36, 72, 81, 96, 108, 144, 162, 216, 288]]
[1286, [6, 9, 16, 48, 64, 72, 81, 96, 108, 144, 162, 192, 288]]
[1287, [8, 9, 18, 27, 36, 54, 64, 81, 96, 108, 144, 162, 192, 288]]
[1288, [6, 16, 24, 27, 32, 48, 64, 72, 81, 96, 108, 144, 162, 192, 216]]
[1289, [4, 12, 48, 54, 64, 72, 81, 96, 162, 192, 216, 288]]
[1290, [9, 12, 18, 24, 32, 36, 48, 64, 72, 81, 108, 144, 162, 192, 288]]
[1291, [8, 9, 16, 24, 27, 64, 81, 96, 108, 162, 192, 216, 288]]
[1292, [6, 8, 27, 36, 48, 72, 81, 96, 108, 144, 162, 216, 288]]
[1293, [6, 9, 27, 32, 36, 64, 72, 81, 108, 162, 192, 216, 288]]
[1294, [6, 12, 24, 27, 36, 54, 64, 81, 96, 108, 144, 162, 192, 288]]
[1295, [6, 9, 24, 32, 48, 54, 72, 96, 108, 144, 162, 216, 324]]
[1296, [8, 9, 16, 27, 36, 48, 64, 72, 96, 128, 192, 216, 384]]
[1297, [9, 12, 16, 27, 32, 36, 54, 64, 72, 81, 108, 144, 162, 192, 288]]
[1298, [8, 9, 24, 27, 32, 36, 64, 72, 96, 108, 144, 162, 192, 324]]
[1299, [6, 12, 27, 32, 36, 48, 54, 64, 72, 108, 144, 192, 216, 288]]
[1300, [9, 16, 18, 24, 27, 32, 36, 54, 64, 72, 108, 144, 192, 216, 288]]
[1301, [6, 12, 18, 27, 36, 54, 72, 96, 108, 128, 144, 216, 384]]
[1302, [8, 9, 18, 24, 36, 64, 72, 81, 96, 108, 144, 162, 192, 288]]
[1303, [6, 12, 16, 32, 36, 54, 64, 81, 144, 162, 192, 216, 288]]
[1304, [9, 12, 16, 18, 24, 54, 64, 72, 81, 96, 162, 192, 216, 288]]
[1305, [8, 9, 12, 36, 48, 54, 64, 72, 108, 162, 192, 216, 324]]
[1306, [4, 24, 27, 36, 48, 72, 81, 96, 108, 144, 162, 216, 288]]
[1307, [9, 12, 16, 18, 24, 48, 64, 72, 96, 108, 144, 192, 216, 288]]
[1308, [6, 9, 24, 27, 32, 64, 72, 108, 162, 192, 288, 324]]
[1309, [9, 16, 18, 24, 27, 32, 48, 64, 72, 81, 96, 108, 144, 162, 192, 216]]
[1310, [8, 12, 18, 27, 32, 48, 54, 64, 72, 81, 108, 144, 162, 192, 288]]
[1311, [4, 16, 36, 48, 64, 72, 81, 96, 108, 144, 162, 192, 288]]
[1312, [8, 9, 16, 24, 48, 64, 72, 81, 96, 108, 144, 162, 192, 288]]
[1313, [8, 9, 18, 27, 36, 48, 72, 81, 96, 108, 144, 162, 216, 288]]
[1314, [8, 9, 18, 24, 27, 54, 64, 72, 144, 162, 192, 216, 324]]
[1315, [9, 12, 18, 24, 27, 36, 54, 64, 81, 96, 108, 144, 162, 192, 288]]
[1316, [6, 8, 16, 32, 48, 72, 144, 162, 216, 288, 324]]
[1317, [6, 9, 18, 24, 64, 72, 96, 108, 128, 192, 216, 384]]
[1318, [8, 12, 16, 18, 36, 48, 64, 72, 96, 108, 144, 192, 216, 288]]
[1319, [8, 9, 24, 27, 32, 36, 64, 72, 81, 108, 162, 192, 216, 288]]
[1320, [8, 16, 18, 27, 32, 36, 48, 64, 72, 81, 96, 108, 144, 162, 192, 216]]
[1321, [9, 16, 18, 24, 27, 32, 36, 48, 64, 81, 108, 162, 192, 216, 288]]
[1322, [6, 12, 18, 27, 32, 64, 72, 81, 128, 144, 162, 192, 384]]
[1323, [4, 16, 27, 48, 54, 64, 72, 144, 162, 192, 216, 324]]
[1324, [6, 12, 18, 27, 54, 64, 72, 81, 96, 108, 144, 162, 192, 288]]
[1325, [8, 9, 27, 32, 36, 48, 54, 64, 72, 81, 108, 144, 162, 192, 288]]
[1326, [3, 36, 64, 72, 81, 96, 108, 128, 162, 192, 384]]
[1327, [8, 9, 18, 32, 36, 48, 54, 72, 96, 108, 144, 162, 216, 324]]
[1328, [6, 16, 18, 24, 36, 48, 64, 72, 96, 108, 144, 192, 216, 288]]
[1329, [8, 12, 16, 24, 32, 36, 54, 64, 81, 144, 162, 192, 216, 288]]
[1330, [6, 16, 18, 27, 32, 48, 64, 72, 81, 108, 162, 192, 216, 288]]
[1331, [4, 18, 36, 48, 54, 64, 72, 81, 96, 162, 192, 216, 288]]
[1332, [8, 9, 18, 27, 36, 54, 64, 72, 96, 108, 144, 192, 216, 288]]
[1333, [4, 18, 27, 32, 54, 64, 96, 144, 162, 192, 216, 324]]
[1334, [4, 16, 27, 32, 64, 81, 108, 144, 162, 192, 216, 288]]
[1335, [8, 16, 18, 24, 27, 32, 48, 64, 72, 96, 108, 144, 162, 192, 324]]
[1336, [8, 12, 16, 27, 36, 48, 54, 64, 81, 96, 108, 144, 162, 192, 288]]
[1337, [6, 12, 16, 27, 48, 54, 64, 72, 144, 162, 192, 216, 324]]
[1338, [9, 12, 16, 24, 27, 32, 54, 64, 72, 108, 128, 192, 216, 384]]
[1339, [6, 9, 27, 36, 54, 64, 72, 81, 96, 108, 144, 162, 192, 288]]
[1340, [8, 9, 18, 27, 32, 36, 64, 72, 108, 162, 192, 288, 324]]
[1341, [9, 12, 18, 24, 27, 36, 48, 72, 81, 96, 108, 144, 162, 216, 288]]
[1342, [8, 9, 16, 27, 48, 54, 64, 72, 96, 108, 144, 192, 216, 288]]
[1343, [6, 12, 16, 32, 36, 54, 72, 81, 128, 144, 162, 216, 384]]
[1344, [8, 12, 16, 24, 32, 36, 54, 64, 96, 108, 162, 192, 216, 324]]
[1345, [6, 12, 18, 36, 48, 54, 64, 72, 81, 96, 162, 192, 216, 288]]
[1346, [6, 16, 24, 27, 36, 48, 54, 64, 81, 96, 108, 144, 162, 192, 288]]
[1347, [6, 12, 18, 27, 32, 54, 64, 96, 144, 162, 192, 216, 324]]
[1348, [12, 16, 18, 24, 27, 32, 36, 48, 64, 72, 81, 96, 108, 144, 162, 192, 216]]
[1349, [4, 12, 36, 54, 64, 81, 96, 144, 162, 192, 216, 288]]
[1350, [8, 12, 18, 24, 27, 54, 64, 72, 81, 96, 108, 144, 162, 192, 288]]
[1351, [8, 12, 16, 24, 36, 48, 64, 72, 81, 96, 108, 144, 162, 192, 288]]
[1352, [8, 9, 18, 32, 36, 48, 54, 64, 81, 144, 162, 192, 216, 288]]
[1353, [9, 12, 24, 27, 32, 36, 48, 54, 64, 72, 81, 108, 144, 162, 192, 288]]
[1354, [6, 9, 16, 27, 64, 72, 96, 128, 144, 192, 216, 384]]
[1355, [9, 12, 18, 24, 32, 36, 48, 54, 72, 96, 108, 144, 162, 216, 324]]
[1356, [8, 16, 18, 24, 27, 32, 48, 64, 72, 81, 108, 162, 192, 216, 288]]
[1357, [4, 16, 24, 48, 54, 81, 96, 128, 144, 162, 216, 384]]
[1358, [9, 12, 16, 18, 27, 48, 54, 64, 72, 144, 162, 192, 216, 324]]
[1359, [6, 12, 24, 32, 36, 48, 54, 64, 81, 144, 162, 192, 216, 288]]
[1360, [9, 12, 18, 24, 27, 36, 54, 64, 72, 96, 108, 144, 192, 216, 288]]
[1361, [6, 16, 18, 24, 27, 36, 64, 96, 108, 162, 192, 288, 324]]
[1362, [9, 12, 18, 27, 32, 36, 48, 54, 64, 72, 96, 162, 192, 216, 324]]
[1363, [9, 12, 16, 27, 32, 36, 48, 64, 72, 81, 108, 162, 192, 216, 288]]
[1364, [6, 9, 16, 27, 64, 72, 96, 108, 162, 192, 288, 324]]
[1365, [8, 9, 24, 27, 36, 54, 64, 72, 81, 96, 108, 144, 162, 192, 288]]
[1366, [6, 9, 18, 36, 54, 64, 81, 96, 144, 162, 192, 216, 288]]
[1367, [9, 16, 18, 24, 27, 36, 48, 54, 64, 81, 96, 108, 144, 162, 192, 288]]
[1368, [9, 12, 18, 24, 27, 32, 36, 64, 72, 108, 162, 192, 288, 324]]
[1369, [6, 16, 18, 24, 32, 54, 64, 72, 81, 144, 162, 192, 216, 288]]
[1370, [9, 12, 16, 24, 27, 48, 54, 64, 72, 96, 108, 144, 192, 216, 288]]
[1371, [8, 12, 18, 24, 36, 48, 54, 64, 72, 81, 96, 162, 192, 216, 288]]
[1372, [6, 8, 27, 36, 48, 72, 81, 96, 108, 128, 162, 216, 384]]
[1373, [8, 12, 18, 24, 27, 32, 54, 64, 96, 144, 162, 192, 216, 324]]
[1374, [8, 9, 16, 32, 36, 54, 64, 72, 81, 144, 162, 192, 216, 288]]
[1375, [8, 9, 16, 27, 36, 64, 72, 81, 96, 108, 162, 192, 216, 288]]
[1376, [6, 16, 18, 27, 48, 54, 64, 72, 81, 96, 108, 144, 162, 192, 288]]
[1377, [6, 9, 24, 32, 36, 64, 72, 96, 144, 162, 192, 216, 324]]
[1378, [9, 12, 16, 24, 27, 32, 48, 64, 72, 108, 162, 192, 288, 324]]
[1379, [6, 16, 18, 27, 36, 48, 54, 64, 72, 144, 162, 192, 216, 324]]
[1380, [9, 12, 18, 24, 32, 36, 48, 54, 64, 81, 144, 162, 192, 216, 288]]
[1381, [8, 12, 16, 27, 36, 48, 54, 64, 72, 96, 108, 144, 192, 216, 288]]
[1382, [8, 9, 18, 24, 36, 64, 72, 81, 96, 108, 128, 162, 192, 384]]
[1383, [4, 24, 27, 32, 36, 54, 72, 144, 162, 216, 288, 324]]
[1384, [6, 16, 18, 24, 32, 54, 64, 72, 96, 108, 162, 192, 216, 324]]
[1385, [4, 24, 32, 36, 48, 54, 72, 81, 128, 144, 162, 216, 384]]
[1386, [6, 16, 18, 24, 32, 36, 48, 72, 144, 162, 216, 288, 324]]
[1387, [9, 12, 16, 18, 24, 48, 64, 72, 96, 108, 128, 192, 216, 384]]
[1388, [8, 9, 24, 27, 32, 36, 54, 64, 96, 144, 162, 192, 216, 324]]
[1389, [6, 12, 18, 32, 48, 54, 64, 72, 81, 144, 162, 192, 216, 288]]
[1390, [6, 12, 18, 27, 48, 64, 72, 81, 96, 108, 162, 192, 216, 288]]
[1391, [6, 16, 24, 27, 36, 48, 54, 64, 72, 96, 108, 144, 192, 216, 288]]
[1392, [8, 9, 18, 24, 36, 54, 64, 81, 96, 144, 162, 192, 216, 288]]
[1393, [8, 9, 18, 27, 36, 48, 72, 81, 96, 108, 128, 162, 216, 384]]
[1394, [4, 12, 27, 64, 81, 96, 108, 144, 162, 192, 216, 288]]
[1395, [9, 12, 18, 24, 32, 36, 48, 54, 64, 96, 108, 162, 192, 216, 324]]
[1396, [6, 8, 16, 24, 64, 96, 162, 192, 216, 288, 324]]
[1397, [8, 9, 18, 27, 32, 48, 64, 81, 108, 144, 162, 192, 216, 288]]
[1398, [6, 8, 16, 48, 54, 72, 96, 108, 162, 216, 288, 324]]
[1399, [6, 16, 18, 27, 32, 48, 54, 64, 96, 144, 162, 192, 216, 324]]
[1400, [8, 9, 16, 27, 32, 48, 54, 72, 144, 162, 216, 288, 324]]
[1401, [4, 16, 36, 48, 54, 64, 81, 96, 144, 162, 192, 216, 288]]
[1402, [8, 16, 18, 24, 27, 48, 54, 64, 72, 81, 96, 108, 144, 162, 192, 288]]
[1403, [9, 12, 16, 24, 27, 36, 64, 72, 81, 96, 108, 162, 192, 216, 288]]
[1404, [6, 9, 32, 36, 48, 54, 64, 72, 81, 144, 162, 192, 216, 288]]
[1405, [6, 9, 27, 36, 48, 64, 72, 81, 96, 108, 162, 192, 216, 288]]
[1406, [8, 12, 18, 24, 32, 36, 48, 54, 64, 144, 162, 192, 288, 324]]
[1407, [8, 12, 18, 24, 27, 36, 48, 64, 96, 108, 162, 192, 288, 324]]
[1408, [4, 12, 32, 54, 64, 96, 108, 144, 162, 192, 216, 324]]
[1409, [9, 12, 16, 27, 36, 48, 54, 64, 72, 81, 96, 108, 144, 162, 192, 288]]
[1410, [6, 8, 24, 36, 54, 64, 72, 108, 144, 162, 192, 216, 324]]
[1411, [6, 9, 18, 27, 64, 81, 96, 108, 144, 162, 192, 216, 288]]
[1412, [9, 16, 18, 24, 27, 36, 48, 54, 64, 72, 96, 108, 144, 192, 216, 288]]
[1413, [6, 16, 18, 24, 36, 48, 54, 81, 96, 128, 144, 162, 216, 384]]
[1414, [6, 16, 18, 24, 32, 48, 64, 72, 96, 144, 162, 192, 216, 324]]
[1415, [8, 12, 18, 24, 32, 48, 54, 64, 72, 81, 144, 162, 192, 216, 288]]
[1416, [8, 12, 18, 24, 27, 48, 64, 72, 81, 96, 108, 162, 192, 216, 288]]
[1417, [9, 12, 16, 24, 32, 36, 54, 64, 72, 96, 108, 162, 192, 216, 324]]
[1418, [8, 9, 18, 27, 32, 54, 64, 72, 96, 144, 162, 192, 216, 324]]
[1419, [8, 9, 16, 27, 32, 64, 72, 81, 108, 144, 162, 192, 216, 288]]
[1420, [9, 16, 18, 24, 27, 32, 36, 48, 64, 72, 108, 162, 192, 288, 324]]
[1421, [9, 12, 18, 24, 27, 36, 48, 72, 81, 96, 108, 128, 162, 216, 384]]
[1422, [8, 9, 16, 27, 48, 54, 64, 72, 96, 108, 128, 192, 216, 384]]
[1423, [9, 12, 16, 18, 32, 36, 54, 64, 72, 144, 162, 192, 288, 324]]
[1424, [9, 12, 16, 18, 27, 36, 64, 72, 96, 108, 162, 192, 288, 324]]
[1425, [9, 12, 18, 24, 27, 32, 48, 64, 81, 108, 144, 162, 192, 216, 288]]
[1426, [6, 12, 16, 24, 48, 54, 72, 96, 108, 162, 216, 288, 324]]
[1427, [4, 18, 27, 32, 54, 72, 96, 108, 128, 216, 288, 384]]
[1428, [8, 12, 16, 24, 32, 36, 54, 64, 72, 144, 162, 192, 288, 324]]
[1429, [6, 12, 18, 24, 54, 64, 72, 81, 96, 144, 162, 192, 216, 288]]
[1430, [8, 9, 24, 32, 36, 48, 54, 64, 72, 81, 144, 162, 192, 216, 288]]
[1431, [8, 9, 24, 27, 36, 48, 64, 72, 81, 96, 108, 162, 192, 216, 288]]
[1432, [9, 12, 16, 27, 32, 36, 48, 54, 64, 96, 144, 162, 192, 216, 324]]
[1433, [4, 16, 27, 32, 64, 72, 108, 144, 162, 192, 288, 324]]
[1434, [8, 9, 12, 36, 54, 64, 72, 81, 96, 144, 162, 192, 216, 288]]
[1435, [3, 36, 54, 64, 72, 96, 144, 162, 192, 288, 324]]
[1436, [9, 12, 16, 18, 36, 48, 54, 64, 81, 96, 144, 162, 192, 216, 288]]
[1437, [8, 9, 18, 24, 27, 64, 81, 96, 108, 144, 162, 192, 216, 288]]
[1438, [9, 12, 16, 24, 27, 32, 36, 64, 108, 144, 162, 192, 288, 324]]
[1439, [8, 12, 16, 27, 32, 36, 48, 54, 72, 144, 162, 216, 288, 324]]
[1440, [4, 16, 36, 48, 54, 64, 72, 108, 144, 162, 192, 216, 324]]
[1441, [8, 12, 16, 24, 36, 48, 54, 64, 81, 96, 144, 162, 192, 216, 288]]
[1442, [8, 9, 16, 24, 48, 54, 72, 81, 96, 128, 144, 162, 216, 384]]
[1443, [6, 9, 16, 32, 54, 64, 72, 128, 162, 192, 324, 384]]
[1444, [6, 9, 24, 36, 54, 64, 72, 81, 96, 144, 162, 192, 216, 288]]
[1445, [8, 9, 24, 32, 36, 48, 54, 64, 72, 96, 108, 162, 192, 216, 324]]
[1446, [6, 18, 24, 27, 32, 36, 48, 64, 81, 108, 144, 162, 192, 216, 288]]
[1447, [9, 12, 16, 24, 27, 32, 64, 72, 81, 108, 144, 162, 192, 216, 288]]
[1448, [4, 12, 36, 54, 64, 72, 96, 144, 162, 192, 288, 324]]
[1449, [6, 9, 27, 32, 48, 64, 72, 81, 108, 144, 162, 192, 216, 288]]
[1450, [6, 12, 18, 27, 36, 64, 81, 96, 108, 144, 162, 192, 216, 288]]
[1451, [8, 9, 18, 24, 32, 54, 64, 96, 108, 144, 162, 192, 216, 324]]
[1452, [8, 9, 18, 27, 36, 48, 64, 72, 96, 108, 162, 192, 288, 324]]
[1453, [6, 12, 16, 27, 36, 54, 72, 96, 144, 162, 216, 288, 324]]
[1454, [6, 12, 16, 36, 48, 54, 64, 72, 108, 144, 162, 192, 216, 324]]
[1455, [8, 9, 16, 24, 32, 48, 64, 72, 162, 192, 216, 288, 324]]
[1456, [8, 12, 16, 18, 24, 36, 64, 96, 162, 192, 216, 288, 324]]
[1457, [8, 12, 18, 27, 32, 36, 54, 64, 72, 96, 144, 162, 192, 216, 324]]
[1458, [8, 12, 16, 27, 32, 36, 64, 72, 81, 108, 144, 162, 192, 216, 288]]
[1459, [6, 12, 24, 27, 36, 48, 64, 72, 96, 108, 162, 192, 288, 324]]
[1460, [6, 12, 16, 27, 48, 64, 81, 96, 108, 144, 162, 192, 216, 288]]
[1461, [6, 8, 16, 64, 72, 81, 96, 108, 128, 144, 162, 192, 384]]
[1462, [8, 12, 16, 18, 36, 48, 54, 64, 96, 144, 162, 192, 288, 324]]
[1463, [6, 9, 27, 32, 54, 64, 72, 81, 108, 128, 144, 162, 192, 384]]
[1464, [6, 12, 18, 32, 36, 54, 64, 96, 108, 144, 162, 192, 216, 324]]
[1465, [6, 9, 18, 36, 54, 64, 72, 96, 144, 162, 192, 288, 324]]
[1466, [8, 9, 24, 27, 32, 36, 48, 64, 108, 144, 162, 192, 288, 324]]
[1467, [6, 18, 24, 27, 32, 36, 54, 64, 72, 96, 144, 162, 192, 216, 324]]
[1468, [6, 16, 24, 27, 32, 36, 64, 72, 81, 108, 144, 162, 192, 216, 288]]
[1469, [6, 9, 16, 24, 64, 72, 96, 162, 192, 216, 288, 324]]
[1470, [6, 8, 24, 36, 54, 64, 72, 96, 144, 162, 192, 288, 324]]
[1471, [8, 12, 16, 18, 48, 54, 64, 72, 81, 96, 144, 162, 192, 216, 288]]
[1472, [6, 16, 18, 24, 36, 48, 54, 64, 96, 144, 162, 192, 288, 324]]
[1473, [8, 12, 16, 24, 27, 32, 64, 72, 108, 144, 162, 192, 288, 324]]
[1474, [4, 27, 32, 36, 48, 64, 72, 81, 108, 144, 162, 192, 216, 288]]
[1475, [8, 9, 24, 27, 32, 48, 64, 72, 81, 108, 144, 162, 192, 216, 288]]
[1476, [8, 12, 18, 24, 27, 36, 64, 81, 96, 108, 144, 162, 192, 216, 288]]
[1477, [6, 16, 24, 27, 32, 48, 54, 64, 72, 96, 144, 162, 192, 216, 324]]
[1478, [8, 9, 16, 24, 27, 54, 72, 108, 128, 144, 216, 288, 384]]
[1479, [8, 9, 12, 27, 64, 72, 81, 96, 108, 144, 162, 192, 216, 288]]
[1480, [8, 12, 16, 24, 36, 48, 54, 64, 72, 108, 144, 162, 192, 216, 324]]
[1481, [6, 16, 18, 24, 48, 54, 64, 72, 81, 96, 144, 162, 192, 216, 288]]
[1482, [6, 9, 27, 32, 36, 54, 64, 72, 162, 192, 216, 288, 324]]
[1483, [4, 18, 27, 48, 54, 64, 96, 108, 128, 144, 192, 216, 384]]
[1484, [9, 12, 18, 24, 27, 32, 54, 64, 72, 108, 128, 144, 192, 216, 384]]
[1485, [9, 12, 16, 24, 32, 36, 48, 64, 72, 108, 128, 144, 192, 216, 384]]
[1486, [8, 9, 16, 36, 48, 54, 64, 72, 81, 96, 144, 162, 192, 216, 288]]
[1487, [4, 12, 32, 48, 81, 96, 108, 128, 144, 162, 288, 384]]
[1488, [6, 12, 27, 32, 36, 48, 64, 72, 81, 108, 144, 162, 192, 216, 288]]
[1489, [9, 16, 18, 24, 27, 32, 36, 64, 72, 81, 108, 144, 162, 192, 216, 288]]
[1490, [8, 12, 18, 24, 32, 36, 54, 64, 96, 108, 144, 162, 192, 216, 324]]
[1491, [8, 9, 18, 24, 36, 54, 64, 72, 96, 144, 162, 192, 288, 324]]
[1492, [4, 12, 36, 48, 54, 96, 108, 144, 162, 216, 288, 324]]
[1493, [8, 9, 12, 32, 54, 64, 72, 96, 108, 144, 162, 192, 216, 324]]
[1494, [8, 12, 16, 24, 32, 36, 48, 64, 72, 162, 192, 216, 288, 324]]
[1495, [9, 12, 16, 18, 32, 48, 54, 64, 96, 108, 144, 162, 192, 216, 324]]
[1496, [8, 9, 18, 27, 32, 48, 64, 72, 108, 144, 162, 192, 288, 324]]
[1497, [6, 12, 18, 27, 48, 54, 64, 96, 108, 128, 144, 192, 216, 384]]
[1498, [9, 16, 18, 24, 27, 32, 48, 54, 64, 72, 96, 144, 162, 192, 216, 324]]
[1499, [8, 9, 16, 27, 32, 64, 72, 81, 108, 128, 162, 192, 216, 384]]
[1500, [6, 8, 27, 36, 64, 72, 81, 96, 108, 144, 162, 192, 216, 288]]
[1501, [8, 9, 16, 24, 48, 54, 64, 72, 96, 144, 162, 192, 288, 324]]
[1502, [6, 16, 18, 27, 36, 48, 64, 81, 96, 108, 144, 162, 192, 216, 288]]
[1503, [6, 9, 24, 32, 54, 64, 72, 96, 108, 144, 162, 192, 216, 324]]
[1504, [6, 12, 24, 27, 32, 48, 72, 81, 96, 128, 144, 162, 288, 384]]
[1505, [8, 9, 12, 32, 36, 54, 64, 108, 162, 192, 216, 288, 324]]
[1506, [8, 12, 18, 27, 32, 36, 54, 72, 81, 96, 108, 128, 162, 288, 384]]
[1507, [8, 12, 16, 18, 27, 48, 64, 96, 108, 144, 162, 192, 288, 324]]
[1508, [8, 9, 24, 27, 32, 36, 54, 64, 72, 162, 192, 216, 288, 324]]
[1509, [9, 12, 18, 27, 32, 36, 48, 64, 72, 81, 108, 144, 162, 192, 216, 288]]
[1510, [6, 9, 18, 27, 64, 72, 96, 108, 144, 162, 192, 288, 324]]
[1511, [6, 12, 16, 27, 32, 54, 96, 108, 128, 144, 216, 288, 384]]
[1512, [6, 16, 18, 24, 32, 48, 54, 72, 108, 144, 162, 216, 288, 324]]
[1513, [8, 12, 16, 18, 32, 36, 81, 96, 108, 128, 144, 162, 288, 384]]
[1514, [9, 12, 16, 24, 36, 48, 54, 64, 72, 81, 96, 144, 162, 192, 216, 288]]
[1515, [8, 16, 18, 24, 27, 32, 36, 64, 72, 108, 144, 162, 192, 288, 324]]
[1516, [6, 16, 18, 32, 36, 48, 54, 64, 96, 108, 144, 162, 192, 216, 324]]
[1517, [6, 16, 18, 24, 27, 48, 64, 96, 108, 144, 162, 192, 288, 324]]
[1518, [4, 18, 27, 48, 54, 72, 81, 108, 128, 144, 162, 288, 384]]
[1519, [6, 16, 18, 27, 32, 48, 54, 64, 72, 162, 192, 216, 288, 324]]
[1520, [4, 12, 18, 64, 96, 144, 162, 192, 216, 288, 324]]
[1521, [8, 9, 18, 27, 36, 64, 72, 81, 96, 108, 144, 162, 192, 216, 288]]
[1522, [8, 9, 16, 27, 36, 48, 64, 96, 108, 144, 162, 192, 288, 324]]
[1523, [4, 16, 27, 32, 54, 64, 144, 162, 192, 216, 288, 324]]
[1524, [9, 12, 18, 24, 27, 32, 48, 64, 72, 108, 144, 162, 192, 288, 324]]
[1525, [4, 16, 32, 48, 54, 64, 81, 128, 144, 162, 192, 216, 384]]
[1526, [8, 12, 16, 24, 27, 48, 72, 81, 96, 108, 128, 144, 162, 216, 384]]
[1527, [6, 9, 24, 36, 48, 64, 72, 96, 108, 128, 144, 192, 216, 384]]
[1528, [8, 16, 18, 24, 27, 36, 48, 64, 81, 96, 108, 144, 162, 192, 216, 288]]
[1529, [9, 12, 16, 18, 24, 36, 64, 72, 96, 162, 192, 216, 288, 324]]
[1530, [9, 12, 18, 24, 27, 36, 48, 54, 72, 96, 144, 162, 216, 288, 324]]
[1531, [8, 9, 16, 27, 48, 64, 72, 81, 96, 108, 144, 162, 192, 216, 288]]
[1532, [6, 12, 18, 27, 48, 54, 72, 81, 108, 128, 144, 162, 288, 384]]
[1533, [9, 12, 16, 27, 32, 48, 54, 64, 72, 81, 108, 128, 144, 162, 192, 384]]
[1534, [8, 12, 16, 18, 27, 54, 64, 81, 108, 144, 162, 192, 216, 432]]
[1535, [8, 9, 18, 32, 36, 54, 64, 72, 96, 108, 144, 162, 192, 216, 324]]
[1536, [8, 9, 18, 24, 27, 64, 72, 96, 108, 144, 162, 192, 288, 324]]
[1537, [12, 16, 18, 24, 27, 32, 36, 48, 54, 64, 72, 96, 144, 162, 192, 216, 324]]
[1538, [4, 16, 24, 32, 64, 72, 144, 162, 192, 216, 288, 324]]
[1539, [6, 12, 16, 32, 48, 54, 64, 81, 128, 144, 162, 192, 216, 384]]
[1540, [8, 12, 16, 24, 36, 48, 54, 64, 72, 96, 144, 162, 192, 288, 324]]
[1541, [6, 9, 24, 27, 36, 72, 81, 108, 128, 162, 216, 288, 384]]
[1542, [8, 16, 18, 24, 32, 36, 48, 54, 64, 96, 108, 144, 162, 192, 216, 324]]
[1543, [6, 12, 18, 32, 36, 48, 81, 96, 108, 128, 144, 162, 288, 384]]
[1544, [6, 8, 18, 48, 54, 72, 96, 108, 144, 162, 216, 288, 324]]
[1545, [8, 9, 16, 32, 48, 54, 64, 72, 96, 108, 144, 162, 192, 216, 324]]
[1546, [6, 18, 24, 27, 32, 36, 48, 72, 81, 96, 128, 144, 162, 288, 384]]
[1547, [8, 16, 18, 27, 32, 36, 48, 54, 64, 72, 108, 128, 144, 192, 216, 384]]
[1548, [6, 16, 24, 27, 32, 36, 64, 72, 81, 108, 128, 162, 192, 216, 384]]
[1549, [9, 12, 18, 24, 27, 36, 64, 72, 81, 96, 108, 144, 162, 192, 216, 288]]
[1550, [9, 12, 16, 24, 27, 36, 48, 64, 96, 108, 144, 162, 192, 288, 324]]
[1551, [9, 12, 18, 24, 27, 48, 54, 64, 81, 96, 108, 128, 144, 162, 192, 384]]
[1552, [9, 12, 16, 27, 32, 36, 48, 54, 64, 72, 162, 192, 216, 288, 324]]
[1553, [6, 16, 18, 27, 32, 36, 54, 96, 108, 128, 144, 216, 288, 384]]
[1554, [6, 16, 27, 32, 36, 48, 54, 64, 72, 81, 108, 128, 144, 162, 192, 384]]
[1555, [8, 9, 24, 27, 32, 48, 64, 72, 81, 108, 128, 162, 192, 216, 384]]
[1556, [6, 12, 16, 18, 54, 64, 96, 108, 162, 192, 216, 288, 324]]
[1557, [8, 9, 16, 24, 36, 54, 72, 96, 108, 144, 162, 216, 288, 324]]
[1558, [4, 18, 24, 48, 54, 72, 96, 108, 144, 162, 216, 288, 324]]
[1559, [9, 12, 16, 24, 27, 48, 64, 72, 81, 96, 108, 144, 162, 192, 216, 288]]
[1560, [9, 12, 16, 18, 32, 48, 54, 64, 81, 128, 144, 162, 192, 216, 384]]
[1561, [6, 16, 18, 27, 36, 54, 64, 72, 96, 108, 128, 144, 192, 216, 384]]
[1562, [8, 12, 18, 27, 36, 48, 54, 64, 81, 96, 108, 128, 144, 162, 192, 384]]
[1563, [9, 12, 18, 24, 32, 36, 54, 64, 72, 96, 108, 144, 162, 192, 216, 324]]
[1564, [8, 9, 16, 27, 36, 54, 64, 72, 96, 162, 192, 216, 288, 324]]
[1565, [4, 18, 27, 48, 54, 64, 72, 96, 162, 192, 216, 288, 324]]
[1566, [8, 9, 16, 36, 48, 54, 64, 72, 81, 96, 128, 162, 192, 216, 384]]
[1567, [6, 9, 27, 32, 48, 54, 81, 96, 108, 128, 144, 162, 288, 384]]
[1568, [8, 16, 18, 24, 27, 36, 48, 72, 81, 96, 108, 128, 144, 162, 216, 384]]
[1569, [9, 16, 18, 24, 27, 32, 36, 64, 72, 81, 108, 128, 162, 192, 216, 384]]
[1570, [8, 12, 16, 27, 36, 48, 64, 72, 81, 96, 108, 144, 162, 192, 216, 288]]
[1571, [8, 9, 18, 24, 32, 54, 64, 72, 108, 162, 192, 216, 288, 324]]
[1572, [6, 12, 18, 24, 48, 54, 72, 96, 108, 144, 162, 216, 288, 324]]
[1573, [9, 12, 16, 24, 32, 48, 54, 64, 72, 96, 108, 144, 162, 192, 216, 324]]
[1574, [6, 12, 18, 27, 32, 64, 81, 108, 128, 144, 162, 192, 216, 384]]
[1575, [8, 12, 18, 24, 27, 36, 64, 72, 96, 108, 144, 162, 192, 288, 324]]
[1576, [8, 12, 16, 27, 32, 36, 54, 81, 96, 108, 128, 144, 162, 288, 384]]
[1577, [8, 9, 12, 36, 48, 54, 72, 96, 108, 144, 162, 216, 288, 324]]
[1578, [8, 12, 16, 24, 36, 48, 54, 64, 72, 108, 128, 144, 192, 288, 384]]
[1579, [6, 12, 18, 27, 48, 54, 64, 72, 96, 162, 192, 216, 288, 324]]
[1580, [6, 16, 24, 27, 36, 48, 64, 72, 81, 96, 108, 144, 162, 192, 216, 288]]
[1581, [6, 16, 18, 32, 36, 48, 54, 64, 81, 128, 144, 162, 192, 216, 384]]
[1582, [8, 12, 16, 18, 24, 54, 64, 96, 108, 162, 192, 216, 288, 324]]
[1583, [4, 12, 27, 54, 64, 96, 144, 162, 192, 216, 288, 324]]
[1584, [8, 12, 16, 32, 36, 48, 54, 64, 72, 96, 108, 144, 162, 192, 216, 324]]
[1585, [8, 12, 16, 24, 27, 48, 64, 72, 96, 108, 144, 162, 192, 288, 324]]
[1586, [8, 9, 18, 27, 32, 48, 54, 64, 144, 162, 192, 216, 288, 324]]
[1587, [6, 9, 24, 36, 48, 54, 72, 96, 108, 144, 162, 216, 288, 324]]
[1588, [8, 12, 18, 24, 32, 36, 54, 64, 96, 108, 128, 144, 192, 288, 384]]
[1589, [9, 12, 18, 27, 32, 36, 48, 64, 72, 81, 108, 128, 162, 192, 216, 384]]
[1590, [6, 9, 24, 27, 36, 64, 72, 128, 144, 192, 216, 288, 384]]
[1591, [8, 12, 16, 24, 32, 36, 72, 81, 96, 108, 128, 144, 162, 288, 384]]
[1592, [9, 12, 16, 24, 27, 36, 54, 64, 72, 96, 162, 192, 216, 288, 324]]
[1593, [6, 12, 24, 27, 32, 48, 54, 64, 144, 162, 192, 216, 288, 324]]
[1594, [6, 16, 24, 32, 36, 48, 54, 64, 72, 96, 108, 144, 162, 192, 216, 324]]
[1595, [6, 12, 16, 32, 48, 54, 72, 81, 96, 128, 162, 216, 288, 384]]
[1596, [9, 12, 18, 24, 27, 48, 54, 64, 72, 96, 108, 128, 144, 192, 216, 384]]
[1597, [8, 9, 16, 24, 36, 54, 64, 96, 108, 162, 192, 216, 288, 324]]
[1598, [4, 18, 24, 48, 54, 64, 96, 108, 162, 192, 216, 288, 324]]
[1599, [8, 12, 18, 27, 32, 36, 48, 54, 96, 108, 128, 144, 216, 288, 384]]
[1600, [4, 18, 32, 36, 48, 64, 72, 144, 162, 192, 216, 288, 324]]
[1601, [9, 16, 18, 24, 27, 36, 48, 64, 72, 81, 96, 108, 144, 162, 192, 216, 288]]
[1602, [6, 9, 18, 48, 54, 64, 81, 96, 128, 144, 162, 192, 216, 384]]
[1603, [8, 9, 16, 27, 32, 48, 81, 96, 108, 128, 162, 216, 288, 384]]
[1604, [9, 12, 18, 24, 27, 32, 48, 64, 72, 108, 128, 162, 192, 324, 384]]
[1605, [8, 12, 18, 24, 27, 48, 54, 64, 72, 96, 162, 192, 216, 288, 324]]
[1606, [6, 8, 16, 54, 64, 72, 96, 108, 162, 192, 216, 288, 324]]
[1607, [8, 12, 18, 27, 36, 48, 54, 64, 72, 96, 108, 128, 144, 192, 216, 384]]
[1608, [8, 9, 16, 27, 32, 54, 64, 72, 144, 162, 192, 216, 288, 324]]
[1609, [6, 18, 24, 27, 32, 36, 48, 54, 96, 108, 128, 144, 216, 288, 384]]
[1610, [8, 12, 18, 24, 32, 36, 54, 64, 72, 108, 162, 192, 216, 288, 324]]
[1611, [8, 9, 16, 27, 48, 64, 72, 81, 96, 108, 128, 162, 192, 216, 384]]
[1612, [6, 12, 18, 24, 48, 54, 64, 96, 108, 162, 192, 216, 288, 324]]
[1613, [8, 9, 24, 27, 36, 48, 54, 64, 81, 108, 128, 162, 192, 288, 384]]
[1614, [9, 12, 18, 24, 27, 32, 48, 54, 64, 144, 162, 192, 216, 288, 324]]
[1615, [9, 16, 18, 24, 32, 36, 48, 54, 64, 72, 96, 108, 144, 162, 192, 216, 324]]
[1616, [6, 16, 18, 27, 32, 54, 72, 81, 96, 108, 128, 144, 162, 288, 384]]
[1617, [8, 9, 12, 36, 48, 54, 64, 96, 108, 162, 192, 216, 288, 324]]
[1618, [4, 16, 24, 32, 64, 72, 128, 162, 192, 216, 324, 384]]
[1619, [6, 8, 18, 36, 64, 81, 108, 128, 144, 162, 192, 288, 384]]
[1620, [8, 9, 24, 27, 36, 48, 54, 64, 72, 96, 162, 192, 216, 288, 324]]
[1621, [6, 16, 18, 24, 36, 54, 64, 81, 96, 128, 144, 162, 192, 216, 384]]
[1622, [6, 8, 27, 48, 54, 64, 72, 81, 108, 128, 162, 192, 288, 384]]
[1623, [4, 18, 24, 48, 54, 72, 81, 128, 144, 162, 216, 288, 384]]
[1624, [6, 9, 16, 54, 64, 72, 81, 96, 128, 144, 162, 192, 216, 384]]
[1625, [8, 12, 18, 27, 32, 36, 48, 54, 64, 144, 162, 192, 216, 288, 324]]
[1626, [8, 9, 18, 24, 27, 54, 64, 96, 144, 162, 192, 216, 288, 324]]
[1627, [8, 16, 18, 24, 27, 36, 48, 64, 72, 96, 108, 144, 162, 192, 288, 324]]
[1628, [9, 12, 18, 24, 32, 36, 54, 64, 72, 81, 128, 144, 162, 192, 216, 384]]
[1629, [9, 12, 18, 24, 27, 36, 64, 72, 81, 96, 108, 128, 162, 192, 216, 384]]
[1630, [6, 12, 18, 27, 32, 72, 81, 96, 108, 128, 162, 216, 288, 384]]
[1631, [8, 12, 16, 24, 32, 36, 64, 81, 96, 108, 128, 162, 192, 288, 384]]
[1632, [8, 12, 24, 27, 32, 36, 48, 54, 81, 96, 108, 128, 144, 162, 288, 384]]
[1633, [8, 9, 18, 32, 36, 54, 64, 72, 96, 108, 128, 144, 192, 288, 384]]
[1634, [6, 12, 16, 24, 54, 64, 72, 96, 108, 162, 192, 216, 288, 324]]
[1635, [6, 18, 24, 27, 32, 36, 48, 54, 64, 144, 162, 192, 216, 288, 324]]
[1636, [6, 16, 18, 32, 36, 48, 54, 64, 72, 108, 162, 192, 216, 288, 324]]
[1637, [4, 27, 32, 36, 48, 54, 72, 96, 108, 128, 144, 216, 288, 384]]
[1638, [6, 9, 27, 32, 48, 54, 64, 72, 144, 162, 192, 216, 288, 324]]