[1, 0]
[2, 0]
[3, 0]
[4, 0]
[5, 0]
[6, 0]
[7, 0]
[8, 0]
[9, 0]
[10, [1, 9]]
[11, 0]
[12, 0]
[13, 0]
[14, 0]
[15, 0]
[16, 0]
[17, 0]
[18, 0]
[19, 0]
[20, [2, 3, 6, 9]]
[21, 0]
[22, 0]
[23, 0]
[24, 0]
[25, 0]
[26, 0]
[27, 0]
[28, 0]
[29, 0]
[30, 0]
[31, 0]
[32, 0]
[33, [2, 4, 6, 9, 12]]
[34, 0]
[35, 0]
[36, 0]
[37, 0]
[38, 0]
[39, 0]
[40, 0]
[41, 0]
[42, 0]
[43, 0]
[44, 0]
[45, [2, 3, 4, 36]]
[46, [2, 3, 8, 9, 24]]
[47, 0]
[48, 0]
[49, [1, 12, 36]]
[50, 0]
[51, 0]
[52, 0]
[53, 0]
[54, 0]
[55, 0]
[56, 0]
[57, 0]
[58, 0]
[59, [2, 4, 8, 9, 12, 24]]
[60, 0]
[61, 0]
[62, 0]
[63, 0]
[64, 0]
[65, 0]
[66, [3, 4, 6, 8, 9, 12, 24]]
[67, 0]
[68, 0]
[69, 0]
[70, 0]
[71, 0]
[72, 0]
[73, 0]
[74, 0]
[75, [2, 4, 6, 9, 18, 36]]
[76, 0]
[77, 0]
[78, 0]
[79, 0]
[80, [2, 3, 9, 12, 18, 36]]
[81, 0]
[82, 0]
[83, 0]
[84, 0]
[85, [2, 3, 8, 12, 24, 36]]
[86, 0]
[87, 0]
[88, 0]
[89, 0]
[90, [2, 3, 9, 12, 16, 48]]
[91, 0]
[92, 0]
[93, 0]
[94, 0]
[95, 0]
[96, 0]
[97, 0]
[98, 0]
[99, 0]
[100, [1, 18, 27, 54]]
[101, [2, 4, 8, 9, 18, 24, 36]]
[102, 0]
[103, 0]
[104, 0]
[105, 0]
[106, 0]
[107, 0]
[108, [3, 4, 6, 8, 9, 18, 24, 36]]
[109, 0]
[110, [2, 3, 6, 18, 27, 54]]
[111, [2, 4, 8, 9, 16, 24, 48]]
[112, 0]
[113, 0]
[114, 0]
[115, [2, 6, 8, 9, 12, 18, 24, 36]]
[116, 0]
[117, 0]
[118, [3, 4, 6, 8, 9, 16, 24, 48]]
[119, 0]
[120, 0]
[121, 0]
[122, 0]
[123, [2, 4, 6, 12, 18, 27, 54]]
[124, [2, 4, 6, 12, 16, 36, 48]]
[125, [2, 6, 8, 9, 12, 16, 24, 48]]
[126, 0]
[127, 0]
[128, 0]
[129, 0]
[130, [2, 3, 8, 9, 36, 72]]
[131, 0]
[132, [2, 3, 9, 16, 18, 36, 48]]
[133, 0]
[134, 0]
[135, 0]
[136, [2, 3, 8, 18, 24, 27, 54]]
[137, [2, 3, 8, 16, 24, 36, 48]]
[138, [2, 4, 6, 9, 27, 36, 54]]
[139, 0]
[140, 0]
[141, 0]
[142, 0]
[143, [2, 3, 9, 12, 27, 36, 54]]
[144, 0]
[145, [2, 4, 9, 12, 16, 18, 36, 48]]
[146, 0]
[147, 0]
[148, 0]
[149, [2, 4, 8, 12, 18, 24, 27, 54]]
[150, [2, 4, 8, 12, 16, 24, 36, 48]]
[151, 0]
[152, [3, 4, 6, 9, 12, 16, 18, 36, 48]]
[153, [2, 4, 6, 9, 24, 36, 72]]
[154, 0]
[155, 0]
[156, [3, 4, 6, 8, 12, 18, 24, 27, 54]]
[157, [3, 4, 6, 8, 12, 16, 24, 36, 48]]
[158, [2, 3, 9, 12, 24, 36, 72]]
[159, 0]
[160, 0]
[161, 0]
[162, 0]
[163, [2, 4, 8, 9, 12, 32, 96]]
[164, [2, 4, 8, 9, 24, 27, 36, 54]]
[165, 0]
[166, 0]
[167, [2, 6, 8, 9, 16, 18, 24, 36, 48]]
[168, 0]
[169, 0]
[170, [3, 4, 6, 8, 9, 12, 32, 96]]
[171, [3, 4, 6, 8, 9, 24, 27, 36, 54]]
[172, 0]
[173, [2, 4, 6, 8, 27, 54, 72]]
[174, 0]
[175, [2, 4, 6, 16, 18, 27, 48, 54]]
[176, 0]
[177, 0]
[178, [3, 4, 8, 9, 12, 16, 18, 24, 36, 48]]
[179, 0]
[180, [2, 3, 12, 16, 18, 27, 48, 54]]
[181, 0]
[182, 0]
[183, 0]
[184, [2, 4, 6, 8, 32, 36, 96]]
[185, [2, 3, 6, 12, 54, 108]]
[186, 0]
[187, [3, 4, 6, 8, 12, 16, 18, 48, 72]]
[188, [2, 3, 6, 24, 27, 54, 72]]
[189, [2, 3, 8, 12, 32, 36, 96]]
[190, [2, 4, 6, 16, 18, 24, 48, 72]]
[191, 0]
[192, 0]
[193, 0]
[194, [2, 4, 8, 9, 18, 27, 54, 72]]
[195, [2, 3, 9, 16, 27, 36, 48, 54]]
[196, 0]
[197, 0]
[198, 0]
[199, [2, 3, 6, 24, 32, 36, 96]]
[200, 0]
[201, [2, 4, 8, 16, 18, 24, 27, 48, 54]]
[202, [3, 4, 6, 8, 9, 16, 36, 48, 72]]
[203, 0]
[204, 0]
[205, [2, 4, 8, 9, 18, 32, 36, 96]]
[206, [2, 3, 9, 12, 18, 54, 108]]
[207, 0]
[208, [3, 4, 6, 8, 16, 18, 24, 27, 48, 54]]
[209, [2, 6, 8, 9, 12, 16, 36, 48, 72]]
[210, [2, 3, 9, 16, 24, 36, 48, 72]]
[211, [2, 3, 8, 12, 24, 54, 108]]
[212, [3, 4, 6, 8, 9, 18, 32, 36, 96]]
[213, 0]
[214, 0]
[215, [2, 6, 8, 12, 16, 18, 24, 27, 48, 54]]
[216, [2, 3, 9, 16, 18, 24, 144]]
[217, [1, 18, 36, 54, 108]]
[218, 0]
[219, [2, 6, 8, 9, 12, 18, 32, 36, 96]]
[220, [2, 3, 8, 18, 27, 36, 54, 72]]
[221, 0]
[222, [2, 4, 9, 12, 18, 24, 27, 54, 72]]
[223, [2, 4, 9, 12, 16, 24, 36, 48, 72]]
[224, 0]
[225, 0]
[226, 0]
[227, [2, 4, 8, 9, 18, 24, 54, 108]]
[228, 0]
[229, [3, 4, 6, 9, 12, 18, 24, 27, 54, 72]]
[230, [2, 6, 8, 9, 16, 24, 27, 36, 48, 54]]
[231, [2, 4, 6, 9, 18, 48, 144]]
[232, 0]
[233, [2, 4, 8, 12, 18, 27, 36, 54, 72]]
[234, [3, 4, 6, 8, 9, 18, 24, 54, 108]]
[235, 0]
[236, [3, 4, 6, 9, 12, 16, 18, 24, 144]]
[237, [2, 3, 6, 16, 48, 54, 108]]
[238, 0]
[239, 0]
[240, [3, 4, 6, 8, 12, 18, 27, 36, 54, 72]]
[241, [3, 4, 8, 9, 12, 16, 24, 27, 36, 48, 54]]
[242, [2, 4, 6, 12, 18, 32, 72, 96]]
[243, [2, 4, 6, 18, 24, 27, 36, 54, 72]]
[244, 0]
[245, 0]
[246, 0]
[247, [3, 4, 6, 8, 12, 16, 18, 36, 144]]
[248, [2, 3, 12, 18, 24, 27, 36, 54, 72]]
[249, 0]
[250, [3, 4, 6, 8, 12, 16, 27, 48, 54, 72]]
[251, 0]
[252, 0]
[253, [2, 4, 6, 16, 24, 27, 48, 54, 72]]
[254, [2, 4, 8, 12, 16, 32, 36, 48, 96]]
[255, [2, 3, 8, 18, 24, 32, 72, 96]]
[256, [2, 3, 8, 9, 54, 72, 108]]
[257, [2, 4, 6, 9, 32, 36, 72, 96]]
[258, [2, 3, 12, 16, 24, 27, 48, 54, 72]]
[259, 0]
[260, [2, 6, 8, 9, 16, 18, 27, 48, 54, 72]]
[261, [3, 4, 6, 8, 12, 16, 32, 36, 48, 96]]
[262, [2, 3, 9, 12, 32, 36, 72, 96]]
[263, [2, 4, 6, 18, 24, 27, 32, 54, 96]]
[264, [2, 4, 6, 16, 24, 32, 36, 48, 96]]
[265, [2, 3, 8, 9, 27, 216]]
[266, [2, 4, 8, 12, 18, 24, 36, 54, 108]]
[267, 0]
[268, [2, 3, 12, 18, 24, 27, 32, 54, 96]]
[269, [2, 3, 12, 16, 24, 32, 36, 48, 96]]
[270, [2, 4, 6, 12, 18, 36, 48, 144]]
[271, [3, 4, 8, 9, 12, 16, 18, 27, 48, 54, 72]]
[272, 0]
[273, [3, 4, 6, 8, 12, 18, 24, 36, 54, 108]]
[274, [2, 4, 9, 16, 18, 24, 27, 48, 54, 72]]
[275, [3, 4, 6, 8, 9, 27, 32, 36, 54, 96]]
[276, [2, 4, 8, 12, 16, 24, 48, 54, 108]]
[277, 0]
[278, [3, 4, 6, 9, 12, 16, 18, 48, 54, 108]]
[279, [2, 4, 6, 9, 24, 54, 72, 108]]
[280, 0]
[281, [3, 4, 6, 9, 16, 18, 24, 27, 48, 54, 72]]
[282, [3, 4, 8, 9, 12, 16, 18, 32, 36, 48, 96]]
[283, [2, 3, 9, 24, 27, 32, 36, 54, 96]]
[284, [2, 3, 9, 12, 24, 54, 72, 108]]
[285, [2, 4, 8, 16, 18, 27, 36, 48, 54, 72]]
[286, [3, 4, 6, 8, 9, 16, 24, 72, 144]]
[287, 0]
[288, [2, 6, 9, 12, 16, 18, 24, 27, 48, 54, 72]]
[289, [1, 16, 32, 96, 144]]
[290, [3, 4, 6, 8, 9, 24, 32, 36, 72, 96]]
[291, 0]
[292, [3, 4, 6, 8, 16, 18, 27, 36, 48, 54, 72]]
[293, [2, 6, 8, 9, 16, 18, 24, 48, 54, 108]]
[294, [2, 4, 6, 16, 18, 32, 48, 72, 96]]
[295, [2, 3, 8, 12, 36, 54, 72, 108]]
[296, [2, 4, 9, 12, 24, 27, 32, 36, 54, 96]]
[297, [2, 6, 8, 9, 12, 24, 32, 36, 72, 96]]
[298, [2, 3, 9, 12, 16, 64, 192]]
[299, [2, 6, 8, 12, 16, 18, 27, 36, 48, 54, 72]]
[300, [2, 3, 16, 18, 24, 27, 36, 48, 54, 72]]
[301, 0]
[302, 0]
[303, [3, 4, 6, 9, 12, 24, 27, 32, 36, 54, 96]]
[304, [3, 4, 8, 9, 12, 16, 18, 24, 48, 54, 108]]
[305, [2, 4, 8, 16, 18, 27, 32, 48, 54, 96]]
[306, [3, 4, 6, 8, 9, 12, 48, 72, 144]]
[307, 0]
[308, 0]
[309, [2, 4, 6, 9, 24, 48, 72, 144]]
[310, [2, 4, 6, 8, 32, 54, 96, 108]]
[311, [2, 4, 8, 9, 18, 36, 54, 72, 108]]
[312, [3, 4, 6, 8, 16, 18, 27, 32, 48, 54, 96]]
[313, [2, 4, 12, 16, 18, 24, 27, 36, 48, 54, 72]]
[314, [2, 3, 9, 16, 32, 36, 48, 72, 96]]
[315, [2, 3, 8, 12, 32, 54, 96, 108]]
[316, 0]
[317, 0]
[318, [2, 3, 8, 24, 27, 32, 54, 72, 96]]
[319, [2, 6, 8, 12, 16, 18, 27, 32, 48, 54, 96]]
[320, [3, 4, 6, 12, 16, 18, 24, 27, 36, 48, 54, 72]]
[321, [2, 4, 8, 9, 16, 48, 54, 72, 108]]
[322, 0]
[323, 0]
[324, 0]
[325, [3, 4, 6, 8, 16, 18, 24, 36, 48, 54, 108]]
[326, [2, 4, 9, 12, 18, 27, 32, 54, 72, 96]]
[327, [3, 4, 6, 8, 16, 18, 24, 32, 48, 72, 96]]
[328, [3, 4, 6, 8, 9, 16, 48, 54, 72, 108]]
[329, 0]
[330, [2, 4, 8, 9, 16, 27, 48, 216]]
[331, [2, 4, 8, 12, 24, 27, 32, 54, 72, 96]]
[332, [2, 6, 8, 12, 16, 18, 24, 36, 48, 54, 108]]
[333, [2, 4, 12, 16, 18, 24, 27, 32, 48, 54, 96]]
[334, [2, 6, 8, 9, 16, 27, 32, 36, 48, 54, 96]]
[335, [2, 6, 8, 9, 12, 16, 48, 54, 72, 108]]
[336, [2, 3, 9, 16, 24, 48, 54, 72, 108]]
[337, [3, 4, 6, 8, 9, 16, 27, 48, 216]]
[338, [3, 4, 6, 8, 12, 24, 27, 32, 54, 72, 96]]
[339, [2, 4, 9, 12, 18, 24, 36, 54, 72, 108]]
[340, [3, 4, 6, 12, 16, 18, 24, 27, 32, 48, 54, 96]]
[341, [3, 4, 6, 9, 16, 18, 24, 27, 36, 54, 144]]
[342, 0]
[343, [2, 4, 6, 16, 18, 27, 54, 72, 144]]
[344, [2, 6, 8, 9, 12, 16, 27, 48, 216]]
[345, [3, 4, 8, 9, 12, 16, 27, 32, 36, 48, 54, 96]]
[346, [3, 4, 6, 9, 12, 18, 24, 36, 54, 72, 108]]
[347, [2, 4, 6, 18, 27, 32, 36, 54, 72, 96]]
[348, [2, 4, 9, 16, 24, 27, 32, 36, 48, 54, 96]]
[349, [2, 6, 8, 9, 16, 24, 32, 36, 48, 72, 96]]
[350, 0]
[351, 0]
[352, [2, 3, 12, 18, 27, 32, 36, 54, 72, 96]]
[353, [2, 3, 8, 16, 18, 54, 108, 144]]
[354, [2, 4, 9, 12, 18, 27, 36, 48, 54, 144]]
[355, [3, 4, 6, 9, 16, 24, 27, 32, 36, 48, 54, 96]]
[356, [3, 4, 6, 9, 12, 16, 24, 48, 54, 72, 108]]
[357, [2, 4, 6, 16, 27, 32, 48, 54, 72, 96]]
[358, [2, 4, 8, 12, 16, 24, 36, 64, 192]]
[359, [3, 4, 8, 9, 12, 18, 24, 27, 32, 54, 72, 96]]
[360, [3, 4, 8, 9, 12, 16, 24, 32, 36, 48, 72, 96]]
[361, [3, 4, 6, 9, 12, 18, 27, 36, 48, 54, 144]]
[362, [2, 6, 9, 12, 16, 24, 27, 32, 36, 48, 54, 96]]
[363, [2, 3, 9, 16, 27, 36, 54, 72, 144]]
[364, [2, 4, 6, 16, 18, 27, 48, 81, 162]]
[365, [3, 4, 6, 8, 12, 16, 24, 36, 64, 192]]
[366, [3, 4, 6, 9, 12, 18, 24, 32, 54, 96, 108]]
[367, [3, 4, 6, 8, 12, 16, 36, 48, 54, 72, 108]]
[368, [3, 4, 6, 8, 9, 18, 32, 48, 96, 144]]
[369, [2, 4, 9, 12, 18, 24, 36, 48, 72, 144]]
[370, [2, 4, 6, 16, 24, 36, 48, 54, 72, 108]]
[371, 0]
[372, [2, 4, 6, 9, 27, 36, 72, 216]]
[373, [2, 4, 8, 18, 24, 27, 32, 36, 54, 72, 96]]
[374, [2, 3, 6, 12, 81, 108, 162]]
[375, [2, 3, 12, 16, 24, 36, 48, 54, 72, 108]]
[376, [2, 6, 8, 9, 18, 24, 27, 36, 48, 54, 144]]
[377, [2, 6, 8, 9, 16, 18, 36, 48, 54, 72, 108]]
[378, [2, 4, 9, 16, 18, 27, 32, 48, 54, 72, 96]]
[379, [2, 4, 6, 16, 24, 27, 36, 48, 216]]
[380, [3, 4, 6, 8, 18, 24, 27, 32, 36, 54, 72, 96]]
[381, [2, 3, 12, 16, 18, 24, 54, 108, 144]]
[382, [2, 3, 8, 9, 36, 108, 216]]
[383, [2, 4, 8, 16, 24, 27, 32, 48, 54, 72, 96]]
[384, [2, 3, 9, 16, 27, 36, 48, 81, 162]]
[385, [3, 4, 6, 9, 16, 18, 27, 32, 48, 54, 72, 96]]
[386, [3, 4, 8, 9, 12, 16, 18, 24, 36, 64, 192]]
[387, [2, 6, 8, 12, 18, 24, 27, 32, 36, 54, 72, 96]]
[388, [3, 4, 8, 9, 12, 16, 18, 36, 48, 54, 72, 108]]
[389, [2, 4, 8, 12, 18, 27, 48, 54, 72, 144]]
[390, [3, 4, 6, 8, 16, 24, 27, 32, 48, 54, 72, 96]]
[391, [2, 4, 9, 16, 18, 24, 36, 48, 54, 72, 108]]
[392, [2, 6, 9, 12, 16, 18, 27, 32, 48, 54, 72, 96]]
[393, 0]
[394, [2, 6, 8, 12, 16, 18, 24, 32, 36, 96, 144]]
[395, [2, 3, 12, 16, 24, 32, 48, 54, 96, 108]]
[396, [3, 4, 6, 8, 12, 18, 27, 48, 54, 72, 144]]
[397, [2, 6, 8, 12, 16, 24, 27, 32, 48, 54, 72, 96]]
[398, [3, 4, 6, 9, 16, 18, 24, 36, 48, 54, 72, 108]]
[399, [1, 32, 36, 54, 72, 96, 108]]
[400, [2, 4, 8, 12, 18, 32, 36, 48, 96, 144]]
[401, 0]
[402, [3, 4, 6, 8, 9, 12, 36, 108, 216]]
[403, [3, 4, 6, 9, 12, 16, 27, 32, 54, 96, 144]]
[404, [2, 3, 16, 18, 27, 32, 36, 48, 54, 72, 96]]
[405, [2, 6, 9, 12, 16, 18, 24, 36, 48, 54, 72, 108]]
[406, [1, 18, 36, 81, 108, 162]]
[407, [3, 4, 6, 8, 12, 18, 32, 36, 48, 96, 144]]
[408, [3, 4, 8, 9, 12, 16, 18, 32, 48, 54, 96, 108]]
[409, [2, 4, 8, 9, 24, 32, 54, 72, 96, 108]]
[410, [2, 4, 6, 18, 24, 32, 36, 48, 96, 144]]
[411, [3, 4, 8, 9, 16, 18, 24, 27, 32, 48, 54, 72, 96]]
[412, [2, 6, 8, 9, 12, 24, 27, 36, 72, 216]]
[413, [2, 4, 6, 9, 32, 48, 72, 96, 144]]
[414, [2, 6, 9, 12, 16, 18, 24, 27, 36, 48, 216]]
[415, [2, 3, 12, 18, 24, 32, 36, 48, 96, 144]]
[416, [3, 4, 6, 8, 9, 24, 32, 54, 72, 96, 108]]
[417, [2, 4, 12, 16, 18, 27, 32, 36, 48, 54, 72, 96]]
[418, [2, 8, 9, 12, 16, 18, 24, 27, 32, 48, 54, 72, 96]]
[419, [2, 3, 9, 24, 27, 36, 48, 54, 72, 144]]
[420, 0]
[421, 0]
[422, [2, 4, 8, 16, 18, 32, 36, 48, 54, 96, 108]]
[423, [2, 6, 8, 9, 12, 24, 32, 54, 72, 96, 108]]
[424, [3, 4, 6, 12, 16, 18, 27, 32, 36, 48, 54, 72, 96]]
[425, [3, 6, 8, 9, 12, 16, 18, 24, 27, 32, 48, 54, 72, 96]]
[426, [2, 3, 9, 16, 18, 54, 72, 108, 144]]
[427, [2, 4, 6, 12, 16, 27, 144, 216]]
[428, 0]
[429, [3, 4, 6, 8, 16, 18, 32, 36, 48, 54, 96, 108]]
[430, [2, 3, 9, 18, 32, 36, 54, 72, 96, 108]]
[431, [3, 4, 6, 8, 9, 27, 32, 48, 54, 96, 144]]
[432, [2, 4, 9, 12, 24, 27, 36, 48, 54, 72, 144]]
[433, [2, 4, 6, 9, 36, 48, 64, 72, 192]]
[434, 0]
[435, [2, 3, 8, 24, 32, 36, 54, 72, 96, 108]]
[436, [2, 6, 8, 12, 16, 18, 32, 36, 48, 54, 96, 108]]
[437, [2, 3, 16, 18, 24, 32, 36, 48, 54, 96, 108]]
[438, [2, 4, 9, 16, 18, 27, 32, 36, 54, 96, 144]]
[439, [2, 6, 8, 16, 18, 24, 27, 32, 36, 48, 54, 72, 96]]
[440, [2, 3, 9, 16, 32, 48, 54, 72, 96, 108]]
[441, 0]
[442, [2, 4, 6, 16, 24, 27, 48, 72, 81, 162]]
[443, [2, 4, 9, 12, 18, 32, 36, 54, 72, 96, 108]]
[444, [3, 4, 6, 8, 9, 24, 36, 48, 54, 108, 144]]
[445, [3, 4, 6, 9, 16, 18, 27, 32, 36, 54, 96, 144]]
[446, [3, 4, 6, 8, 9, 24, 32, 48, 72, 96, 144]]
[447, [2, 3, 12, 16, 24, 27, 48, 72, 81, 162]]
[448, [2, 4, 8, 12, 24, 32, 36, 54, 72, 96, 108]]
[449, [2, 6, 8, 9, 16, 18, 27, 48, 72, 81, 162]]
[450, [3, 4, 8, 12, 16, 18, 24, 27, 32, 36, 48, 54, 72, 96]]
[451, [2, 6, 8, 9, 12, 24, 36, 48, 54, 108, 144]]
[452, [2, 6, 9, 12, 16, 18, 27, 32, 36, 54, 96, 144]]
[453, [2, 4, 9, 12, 16, 32, 48, 54, 72, 96, 108]]
[454, [3, 4, 6, 8, 9, 16, 36, 48, 108, 216]]
[455, [3, 4, 6, 8, 12, 24, 32, 36, 54, 72, 96, 108]]
[456, 0]
[457, [3, 4, 6, 12, 16, 18, 24, 32, 36, 48, 54, 96, 108]]
[458, [2, 3, 9, 12, 27, 54, 81, 108, 162]]
[459, [3, 4, 6, 9, 12, 24, 27, 32, 48, 54, 96, 144]]
[460, [3, 4, 6, 9, 12, 16, 32, 48, 54, 72, 96, 108]]
[461, [2, 6, 8, 9, 16, 18, 24, 54, 72, 108, 144]]
[462, [3, 4, 6, 8, 12, 18, 24, 36, 81, 108, 162]]
[463, [2, 4, 8, 12, 27, 32, 36, 48, 54, 96, 144]]
[464, [3, 4, 6, 8, 9, 27, 32, 36, 81, 96, 162]]
[465, [2, 6, 8, 9, 18, 24, 32, 36, 54, 72, 96, 108]]
[466, [3, 4, 6, 8, 9, 24, 36, 48, 64, 72, 192]]
[467, [2, 6, 9, 12, 16, 18, 24, 32, 36, 72, 96, 144]]
[468, [2, 4, 6, 9, 24, 72, 81, 108, 162]]
[469, [1, 27, 36, 54, 81, 108, 162]]
[470, [3, 4, 6, 8, 12, 27, 32, 36, 48, 54, 96, 144]]
[471, [3, 4, 8, 9, 16, 18, 24, 27, 32, 36, 54, 96, 144]]
[472, [3, 4, 8, 9, 12, 16, 18, 24, 54, 72, 108, 144]]
[473, [2, 4, 6, 24, 27, 32, 36, 48, 54, 96, 144]]
[474, [2, 4, 6, 16, 32, 36, 48, 54, 72, 96, 108]]
[475, [2, 6, 8, 9, 16, 24, 32, 48, 54, 72, 96, 108]]
[476, [3, 4, 8, 9, 12, 18, 24, 32, 36, 54, 72, 96, 108]]
[477, [2, 6, 9, 12, 16, 18, 24, 27, 48, 72, 81, 162]]
[478, [2, 8, 9, 12, 16, 18, 24, 27, 32, 36, 54, 96, 144]]
[479, [2, 3, 12, 16, 32, 36, 48, 54, 72, 96, 108]]
[480, [2, 6, 8, 9, 18, 27, 32, 36, 48, 54, 96, 144]]
[481, [2, 6, 8, 9, 12, 18, 48, 54, 72, 108, 144]]
[482, [2, 3, 9, 18, 24, 48, 54, 72, 108, 144]]
[483, [2, 4, 6, 9, 27, 48, 81, 144, 162]]
[484, [2, 3, 8, 12, 36, 72, 81, 108, 162]]
[485, [3, 6, 8, 9, 12, 16, 18, 24, 27, 32, 36, 54, 96, 144]]
[486, [3, 4, 8, 9, 12, 16, 24, 32, 48, 54, 72, 96, 108]]
[487, [2, 6, 8, 12, 16, 18, 27, 32, 54, 72, 96, 144]]
[488, [2, 3, 16, 18, 24, 27, 32, 54, 72, 96, 144]]
[489, [2, 3, 16, 18, 24, 27, 36, 48, 72, 81, 162]]
[490, [3, 4, 8, 9, 12, 16, 18, 32, 36, 64, 96, 192]]
[491, [3, 4, 8, 9, 12, 18, 27, 32, 36, 48, 54, 96, 144]]
[492, [3, 4, 6, 9, 12, 24, 27, 32, 36, 81, 96, 162]]
[493, [3, 4, 6, 8, 16, 18, 24, 36, 54, 72, 108, 144]]
[494, [2, 4, 9, 18, 24, 27, 32, 36, 48, 54, 96, 144]]
[495, [2, 4, 9, 16, 18, 32, 36, 48, 54, 72, 96, 108]]
[496, [2, 6, 9, 12, 16, 18, 24, 27, 54, 64, 72, 192]]
[497, [2, 4, 6, 18, 24, 27, 32, 72, 96, 216]]
[498, [2, 4, 6, 9, 27, 54, 72, 108, 216]]
[499, [2, 4, 6, 8, 32, 81, 96, 108, 162]]
[500, [2, 4, 8, 16, 24, 32, 36, 48, 54, 72, 96, 108]]
[501, [3, 4, 6, 9, 18, 24, 27, 32, 36, 48, 54, 96, 144]]
[502, [3, 4, 6, 9, 16, 18, 32, 36, 48, 54, 72, 96, 108]]
[503, [2, 4, 6, 18, 27, 32, 48, 54, 72, 96, 144]]
[504, [2, 3, 8, 12, 32, 81, 96, 108, 162]]
[505, [2, 3, 8, 24, 27, 36, 54, 81, 108, 162]]
[506, [3, 4, 8, 9, 12, 18, 24, 32, 36, 48, 72, 96, 144]]
[507, [3, 4, 6, 8, 16, 24, 32, 36, 48, 54, 72, 96, 108]]
[508, [2, 6, 9, 12, 18, 24, 27, 32, 36, 48, 54, 96, 144]]
[509, [2, 6, 9, 12, 16, 18, 32, 36, 48, 54, 72, 96, 108]]
[510, [2, 3, 9, 16, 27, 48, 54, 81, 108, 162]]
[511, [3, 4, 6, 8, 12, 18, 24, 36, 64, 144, 192]]
[512, [3, 4, 8, 9, 12, 16, 18, 24, 54, 64, 108, 192]]
[513, [3, 4, 8, 9, 12, 16, 27, 32, 36, 54, 72, 96, 144]]
[514, [2, 6, 8, 12, 16, 24, 32, 36, 48, 54, 72, 96, 108]]
[515, [2, 4, 9, 12, 18, 27, 32, 72, 81, 96, 162]]
[516, [2, 4, 9, 16, 24, 27, 32, 36, 54, 72, 96, 144]]
[517, [3, 4, 6, 8, 9, 16, 48, 72, 81, 108, 162]]
[518, [2, 4, 8, 12, 24, 27, 36, 54, 81, 108, 162]]
[519, 0]
[520, [2, 6, 8, 12, 16, 18, 24, 32, 54, 96, 108, 144]]
[521, [2, 3, 12, 18, 24, 36, 48, 54, 72, 108, 144]]
[522, [2, 4, 12, 16, 18, 24, 27, 32, 48, 81, 96, 162]]
[523, [3, 4, 6, 9, 16, 24, 27, 32, 36, 54, 72, 96, 144]]
[524, [2, 6, 8, 9, 12, 16, 48, 72, 81, 108, 162]]
[525, [3, 4, 6, 8, 12, 24, 27, 36, 54, 81, 108, 162]]
[526, [2, 4, 8, 12, 18, 32, 48, 54, 96, 108, 144]]
[527, [3, 4, 6, 8, 12, 24, 27, 32, 72, 81, 96, 162]]
[528, [3, 4, 8, 9, 16, 18, 24, 32, 36, 48, 54, 72, 96, 108]]
[529, [2, 4, 8, 18, 24, 27, 32, 48, 54, 72, 96, 144]]
[530, [2, 6, 9, 12, 16, 24, 27, 32, 36, 54, 72, 96, 144]]
[531, [2, 6, 8, 9, 16, 18, 24, 48, 64, 144, 192]]
[532, [2, 4, 6, 16, 18, 27, 72, 81, 144, 162]]
[533, [3, 4, 6, 8, 12, 18, 32, 48, 54, 96, 108, 144]]
[534, [3, 4, 8, 9, 12, 16, 27, 32, 36, 48, 81, 96, 162]]
[535, [2, 8, 9, 12, 16, 18, 24, 32, 36, 48, 54, 72, 96, 108]]
[536, [3, 4, 6, 8, 18, 24, 27, 32, 48, 54, 72, 96, 144]]
[537, [2, 4, 9, 16, 24, 27, 32, 36, 48, 81, 96, 162]]
[538, [2, 4, 9, 12, 16, 24, 48, 72, 81, 108, 162]]
[539, [2, 4, 8, 16, 18, 27, 32, 48, 72, 96, 216]]
[540, [2, 6, 8, 12, 16, 18, 24, 36, 54, 64, 108, 192]]
[541, [2, 3, 12, 18, 24, 32, 48, 54, 96, 108, 144]]
[542, [3, 6, 8, 9, 12, 16, 18, 24, 32, 36, 48, 54, 72, 96, 108]]
[543, [2, 6, 8, 12, 18, 24, 27, 32, 48, 54, 72, 96, 144]]
[544, [3, 4, 6, 9, 16, 24, 27, 32, 36, 48, 81, 96, 162]]
[545, [2, 6, 8, 9, 16, 24, 27, 48, 54, 81, 108, 162]]
[546, [3, 4, 8, 9, 12, 16, 24, 32, 36, 54, 96, 108, 144]]
[547, [2, 4, 6, 16, 24, 27, 36, 72, 144, 216]]
[548, [3, 4, 6, 8, 9, 32, 36, 48, 54, 96, 108, 144]]
[549, [2, 3, 12, 16, 27, 36, 48, 54, 81, 108, 162]]
[550, [3, 4, 6, 9, 12, 18, 27, 36, 48, 81, 144, 162]]
[551, [2, 6, 9, 12, 16, 24, 27, 32, 36, 48, 81, 96, 162]]
[552, [2, 3, 9, 16, 27, 36, 72, 81, 144, 162]]
[553, [3, 4, 8, 9, 12, 16, 27, 32, 36, 54, 64, 96, 192]]
[554, [2, 3, 8, 24, 27, 36, 54, 64, 144, 192]]
[555, [2, 6, 8, 9, 12, 32, 36, 48, 54, 96, 108, 144]]
[556, [2, 3, 9, 24, 32, 36, 48, 54, 96, 108, 144]]
[557, [2, 6, 8, 9, 16, 24, 32, 36, 64, 72, 96, 192]]
[558, [2, 6, 8, 9, 24, 27, 32, 36, 48, 54, 72, 96, 144]]
[559, [2, 4, 6, 16, 24, 36, 48, 72, 81, 108, 162]]
[560, [2, 3, 12, 18, 24, 27, 36, 54, 96, 288]]
[561, [2, 3, 12, 18, 24, 36, 48, 54, 64, 108, 192]]
[562, [2, 4, 8, 18, 24, 27, 32, 36, 72, 81, 96, 162]]
[563, [2, 3, 12, 16, 24, 32, 54, 72, 96, 108, 144]]
[564, [2, 3, 12, 16, 24, 36, 48, 72, 81, 108, 162]]
[565, [2, 6, 8, 9, 16, 18, 32, 54, 72, 96, 108, 144]]
[566, [2, 6, 8, 9, 16, 18, 36, 48, 72, 81, 108, 162]]
[567, [2, 4, 9, 16, 18, 27, 32, 48, 72, 81, 96, 162]]
[568, [3, 4, 8, 9, 12, 16, 24, 32, 36, 64, 72, 96, 192]]
[569, [3, 4, 8, 9, 12, 24, 27, 32, 36, 48, 54, 72, 96, 144]]
[570, [2, 4, 8, 16, 24, 27, 36, 48, 54, 81, 108, 162]]
[571, 0]
[572, [2, 4, 8, 16, 24, 27, 32, 48, 72, 81, 96, 162]]
[573, [2, 6, 8, 9, 12, 16, 48, 64, 72, 144, 192]]
[574, [3, 4, 6, 9, 16, 18, 27, 32, 48, 72, 81, 96, 162]]
[575, [3, 4, 6, 8, 12, 16, 36, 54, 64, 72, 108, 192]]
[576, [3, 4, 6, 9, 12, 24, 32, 36, 48, 54, 96, 108, 144]]
[577, [3, 4, 6, 8, 16, 24, 27, 36, 48, 54, 81, 108, 162]]
[578, [2, 4, 6, 12, 32, 48, 54, 72, 96, 108, 144]]
[579, [2, 4, 9, 16, 18, 24, 32, 54, 72, 96, 108, 144]]
[580, [2, 4, 9, 16, 18, 24, 36, 48, 72, 81, 108, 162]]
[581, [2, 6, 9, 12, 16, 18, 27, 32, 48, 72, 81, 96, 162]]
[582, [2, 4, 9, 16, 24, 27, 32, 36, 48, 72, 96, 216]]
[583, [2, 4, 8, 9, 27, 32, 54, 81, 96, 108, 162]]
[584, [2, 6, 8, 12, 16, 24, 27, 36, 48, 54, 81, 108, 162]]
[585, [3, 4, 6, 8, 12, 18, 27, 48, 72, 81, 144, 162]]
[586, [3, 4, 6, 9, 16, 18, 24, 32, 54, 72, 96, 108, 144]]
[587, [3, 4, 6, 9, 16, 18, 24, 36, 48, 72, 81, 108, 162]]
[588, [1, 32, 36, 72, 81, 96, 108, 162]]
[589, [3, 4, 6, 9, 16, 24, 27, 32, 36, 48, 72, 96, 216]]
[590, [2, 4, 8, 16, 18, 32, 36, 54, 72, 96, 108, 144]]
[591, [2, 3, 8, 24, 32, 48, 54, 72, 96, 108, 144]]
[592, [3, 4, 6, 9, 12, 16, 27, 32, 81, 96, 144, 162]]
[593, [2, 6, 9, 12, 16, 18, 24, 32, 54, 72, 96, 108, 144]]
[594, [2, 6, 9, 12, 16, 18, 24, 36, 48, 72, 81, 108, 162]]
[595, [3, 4, 6, 8, 12, 16, 32, 54, 64, 96, 108, 192]]
[596, [3, 4, 8, 9, 12, 16, 18, 36, 54, 64, 72, 108, 192]]
[597, [3, 4, 6, 8, 16, 18, 32, 36, 54, 72, 96, 108, 144]]
[598, [3, 4, 8, 9, 16, 18, 24, 27, 36, 48, 54, 81, 108, 162]]
[599, [2, 4, 9, 12, 18, 32, 48, 54, 72, 96, 108, 144]]
[600, [3, 4, 8, 9, 16, 18, 24, 27, 32, 48, 72, 81, 96, 162]]
[601, [3, 4, 8, 9, 12, 16, 24, 27, 48, 54, 72, 108, 216]]
[602, [2, 6, 9, 12, 16, 18, 24, 27, 32, 96, 144, 216]]
[603, [2, 3, 12, 16, 24, 32, 54, 64, 96, 108, 192]]
[604, [2, 6, 8, 12, 16, 18, 32, 36, 54, 72, 96, 108, 144]]
[605, [2, 3, 16, 18, 24, 32, 36, 54, 72, 96, 108, 144]]
[606, [3, 4, 6, 9, 12, 18, 32, 48, 54, 72, 96, 108, 144]]
[607, [2, 8, 9, 12, 16, 18, 24, 27, 32, 48, 72, 81, 96, 162]]
[608, [2, 3, 9, 24, 27, 36, 48, 72, 81, 144, 162]]
[609, [2, 3, 8, 27, 32, 36, 54, 81, 96, 108, 162]]
[610, [2, 4, 9, 16, 18, 27, 36, 48, 54, 72, 108, 216]]
[611, [3, 4, 6, 8, 12, 24, 32, 48, 54, 72, 96, 108, 144]]
[612, [3, 6, 8, 9, 12, 16, 18, 24, 27, 36, 48, 54, 81, 108, 162]]
[613, [3, 4, 6, 12, 16, 18, 27, 32, 36, 48, 72, 81, 96, 162]]
[614, [3, 6, 8, 9, 12, 16, 18, 24, 27, 32, 48, 72, 81, 96, 162]]
[615, [2, 3, 16, 18, 24, 27, 48, 54, 72, 81, 108, 162]]
[616, [3, 4, 8, 9, 12, 16, 18, 32, 54, 64, 96, 108, 192]]
[617, [2, 3, 8, 18, 24, 54, 64, 108, 144, 192]]
[618, [2, 4, 12, 16, 18, 24, 32, 36, 54, 72, 96, 108, 144]]
[619, [2, 3, 9, 18, 32, 36, 72, 81, 96, 108, 162]]
[620, [2, 4, 6, 18, 32, 36, 48, 54, 72, 96, 108, 144]]
[621, [2, 6, 8, 9, 18, 24, 32, 48, 54, 72, 96, 108, 144]]
[622, [2, 4, 8, 12, 27, 32, 36, 54, 81, 96, 108, 162]]
[623, [2, 3, 12, 18, 24, 32, 36, 64, 96, 144, 192]]
[624, [2, 3, 8, 24, 32, 36, 72, 81, 96, 108, 162]]
[625, [3, 4, 6, 12, 16, 18, 24, 32, 36, 54, 72, 96, 108, 144]]
[626, [2, 3, 16, 18, 24, 32, 36, 48, 81, 96, 108, 162]]
[627, [2, 4, 9, 16, 18, 27, 32, 36, 81, 96, 144, 162]]
[628, [2, 6, 8, 16, 18, 24, 27, 32, 36, 48, 72, 81, 96, 162]]
[629, [2, 6, 8, 9, 16, 27, 36, 48, 54, 72, 81, 108, 162]]
[630, [2, 4, 8, 16, 18, 32, 36, 54, 64, 96, 108, 192]]
[631, [3, 4, 6, 8, 12, 24, 36, 48, 54, 64, 72, 108, 192]]
[632, [3, 4, 8, 9, 12, 18, 24, 32, 48, 54, 72, 96, 108, 144]]
[633, [3, 4, 6, 8, 9, 24, 36, 48, 81, 108, 144, 162]]
[634, [3, 4, 6, 9, 16, 18, 27, 32, 36, 81, 96, 144, 162]]
[635, [3, 4, 6, 12, 16, 18, 24, 27, 48, 54, 72, 81, 108, 162]]
[636, [3, 4, 6, 9, 16, 18, 24, 36, 48, 64, 72, 144, 192]]
[637, [2, 3, 12, 24, 27, 32, 36, 54, 81, 96, 108, 162]]
[638, [3, 4, 8, 9, 12, 16, 24, 27, 36, 64, 81, 162, 192]]
[639, [3, 4, 8, 12, 16, 18, 24, 27, 32, 36, 48, 72, 81, 96, 162]]
[640, [3, 4, 8, 9, 12, 16, 27, 36, 48, 54, 72, 81, 108, 162]]
[641, [2, 6, 9, 12, 16, 18, 27, 32, 36, 81, 96, 144, 162]]
[642, [2, 4, 9, 12, 16, 32, 48, 72, 81, 96, 108, 162]]
[643, [2, 4, 9, 16, 24, 27, 36, 48, 54, 72, 81, 108, 162]]
[644, [3, 4, 6, 8, 12, 24, 32, 36, 72, 81, 96, 108, 162]]
[645, [2, 3, 16, 18, 24, 32, 36, 54, 64, 96, 108, 192]]
[646, [2, 4, 8, 18, 24, 32, 36, 48, 54, 72, 96, 108, 144]]
[647, [2, 6, 8, 16, 18, 24, 27, 32, 36, 54, 64, 72, 96, 192]]
[648, [3, 4, 6, 9, 12, 24, 27, 32, 48, 81, 96, 144, 162]]
[649, [2, 6, 8, 9, 16, 27, 32, 48, 54, 81, 96, 108, 162]]
[650, [3, 4, 6, 9, 16, 24, 27, 36, 48, 54, 72, 81, 108, 162]]
[651, [3, 4, 6, 8, 12, 24, 32, 48, 54, 64, 96, 108, 192]]
[652, [2, 4, 8, 12, 27, 32, 36, 48, 81, 96, 144, 162]]
[653, [3, 4, 6, 8, 18, 24, 32, 36, 48, 54, 72, 96, 108, 144]]
[654, [2, 6, 8, 9, 18, 24, 32, 36, 72, 81, 96, 108, 162]]
[655, [2, 3, 12, 16, 24, 27, 64, 72, 81, 162, 192]]
[656, [3, 4, 6, 9, 16, 18, 24, 27, 54, 81, 108, 144, 162]]
[657, [2, 6, 9, 12, 16, 24, 27, 36, 48, 54, 72, 81, 108, 162]]
[658, [3, 4, 8, 12, 16, 18, 24, 27, 32, 36, 54, 64, 72, 96, 192]]
[659, [3, 4, 6, 8, 12, 27, 32, 36, 48, 81, 96, 144, 162]]
[660, [2, 6, 8, 12, 18, 24, 32, 36, 48, 54, 72, 96, 108, 144]]
[661, [2, 3, 8, 24, 27, 48, 54, 81, 108, 144, 162]]
[662, [2, 4, 6, 18, 27, 32, 54, 72, 81, 96, 108, 162]]
[663, [2, 4, 9, 16, 24, 27, 32, 48, 54, 81, 96, 108, 162]]
[664, [2, 6, 8, 9, 16, 24, 32, 48, 72, 81, 96, 108, 162]]
[665, [3, 4, 8, 9, 12, 18, 24, 32, 36, 72, 81, 96, 108, 162]]
[666, [3, 4, 8, 9, 12, 16, 24, 32, 36, 54, 72, 108, 288]]
[667, [2, 6, 9, 12, 18, 24, 27, 32, 36, 54, 81, 96, 108, 162]]
[668, [2, 3, 12, 16, 32, 36, 48, 72, 81, 96, 108, 162]]
[669, [2, 6, 8, 9, 18, 27, 32, 36, 48, 81, 96, 144, 162]]
[670, [3, 4, 6, 9, 16, 24, 27, 32, 48, 54, 81, 96, 108, 162]]
[671, [2, 3, 9, 18, 24, 48, 72, 81, 108, 144, 162]]
[672, [3, 4, 8, 9, 12, 18, 24, 32, 48, 54, 64, 96, 108, 192]]
[673, [2, 3, 8, 24, 32, 36, 64, 72, 96, 144, 192]]
[674, [2, 4, 8, 16, 27, 32, 36, 48, 54, 81, 96, 108, 162]]
[675, [3, 4, 8, 9, 12, 16, 24, 32, 48, 72, 81, 96, 108, 162]]
[676, [2, 6, 8, 12, 16, 18, 27, 32, 72, 81, 96, 144, 162]]
[677, [2, 6, 9, 12, 16, 24, 27, 32, 48, 54, 81, 96, 108, 162]]
[678, [2, 3, 9, 16, 27, 54, 72, 81, 108, 144, 162]]
[679, [3, 4, 6, 9, 16, 18, 27, 32, 36, 72, 96, 144, 216]]
[680, [3, 4, 8, 9, 12, 18, 27, 32, 36, 48, 81, 96, 144, 162]]
[681, [3, 4, 6, 8, 16, 27, 32, 36, 48, 54, 81, 96, 108, 162]]
[682, [2, 3, 9, 27, 32, 36, 54, 72, 81, 96, 108, 162]]
[683, [2, 4, 9, 18, 24, 27, 32, 36, 48, 81, 96, 144, 162]]
[684, [2, 4, 9, 16, 18, 32, 36, 48, 72, 81, 96, 108, 162]]
[685, [2, 6, 9, 12, 16, 18, 24, 27, 64, 72, 81, 162, 192]]
[686, [2, 4, 8, 18, 24, 32, 36, 48, 54, 64, 96, 108, 192]]
[687, [2, 3, 12, 16, 32, 36, 54, 64, 72, 96, 108, 192]]
[688, [2, 6, 8, 12, 16, 27, 32, 36, 48, 54, 81, 96, 108, 162]]
[689, [2, 3, 16, 24, 27, 32, 36, 48, 54, 81, 96, 108, 162]]
[690, [3, 4, 6, 9, 18, 24, 27, 32, 36, 48, 81, 96, 144, 162]]
[691, [3, 4, 6, 9, 16, 18, 32, 36, 48, 72, 81, 96, 108, 162]]
[692, [2, 4, 6, 18, 27, 32, 48, 72, 81, 96, 144, 162]]
[693, [3, 4, 6, 8, 18, 24, 32, 36, 48, 54, 64, 96, 108, 192]]
[694, [3, 4, 8, 9, 12, 16, 24, 32, 54, 64, 72, 96, 108, 192]]
[695, [3, 4, 6, 8, 18, 24, 27, 32, 54, 72, 81, 96, 108, 162]]
[696, [3, 4, 6, 8, 16, 24, 32, 36, 48, 72, 81, 96, 108, 162]]
[697, [2, 6, 9, 12, 18, 24, 27, 32, 36, 48, 81, 96, 144, 162]]
[698, [2, 6, 9, 12, 16, 18, 32, 36, 48, 72, 81, 96, 108, 162]]
[699, [3, 4, 6, 9, 16, 24, 27, 36, 48, 54, 64, 72, 144, 192]]
[700, [2, 6, 8, 12, 18, 24, 32, 36, 48, 54, 64, 96, 108, 192]]
[701, [2, 3, 8, 18, 36, 54, 64, 72, 108, 144, 192]]
[702, [3, 4, 8, 9, 16, 18, 27, 32, 36, 48, 54, 81, 96, 108, 162]]
[703, [2, 6, 8, 12, 16, 24, 32, 36, 48, 72, 81, 96, 108, 162]]
[704, [2, 3, 9, 24, 32, 48, 54, 64, 72, 96, 108, 192]]
[705, [2, 4, 9, 16, 24, 27, 32, 36, 72, 81, 96, 144, 162]]
[706, [2, 6, 9, 12, 16, 24, 27, 36, 48, 54, 64, 72, 144, 192]]
[707, [1, 27, 36, 64, 81, 144, 162, 192]]
[708, [2, 4, 8, 16, 24, 32, 36, 54, 64, 72, 96, 108, 192]]
[709, [2, 8, 9, 12, 16, 18, 27, 32, 36, 48, 54, 81, 96, 108, 162]]
[710, [2, 3, 12, 18, 24, 36, 48, 72, 81, 108, 144, 162]]
[711, [2, 4, 6, 18, 27, 32, 54, 64, 72, 96, 144, 192]]
[712, [3, 4, 6, 9, 16, 24, 27, 32, 36, 72, 81, 96, 144, 162]]
[713, [2, 6, 8, 9, 16, 24, 27, 54, 72, 81, 108, 144, 162]]
[714, [3, 4, 8, 9, 12, 18, 24, 32, 36, 64, 72, 96, 144, 192]]
[715, [2, 4, 8, 12, 18, 32, 48, 81, 96, 108, 144, 162]]
[716, [3, 6, 8, 9, 12, 16, 18, 27, 32, 36, 48, 54, 81, 96, 108, 162]]
[717, [3, 4, 8, 9, 16, 18, 24, 32, 36, 48, 72, 81, 96, 108, 162]]
[718, [2, 4, 8, 18, 24, 27, 32, 48, 72, 81, 96, 144, 162]]
[719, [2, 6, 9, 16, 18, 24, 27, 32, 36, 48, 54, 81, 96, 108, 162]]
[720, [2, 3, 16, 18, 24, 27, 36, 54, 72, 108, 144, 216]]
[721, [3, 4, 6, 8, 12, 18, 36, 54, 64, 72, 108, 144, 192]]
[722, [3, 4, 6, 8, 12, 18, 32, 48, 81, 96, 108, 144, 162]]
[723, [3, 4, 6, 8, 18, 24, 27, 36, 48, 54, 81, 108, 144, 162]]
[724, [2, 8, 9, 12, 16, 18, 24, 32, 36, 48, 72, 81, 96, 108, 162]]
[725, [3, 4, 6, 8, 18, 24, 27, 32, 48, 72, 81, 96, 144, 162]]
[726, [3, 4, 6, 8, 9, 27, 48, 54, 72, 81, 108, 144, 162]]
[727, [2, 4, 8, 12, 24, 32, 36, 54, 81, 96, 162, 216]]
[728, [3, 4, 8, 9, 12, 24, 27, 32, 36, 54, 72, 81, 96, 108, 162]]
[729, [2, 3, 12, 18, 24, 36, 54, 64, 72, 108, 144, 192]]
[730, [3, 4, 9, 12, 16, 18, 24, 27, 32, 36, 48, 54, 81, 96, 108, 162]]
[731, [3, 6, 8, 9, 12, 16, 18, 24, 32, 36, 48, 72, 81, 96, 108, 162]]
[732, [2, 4, 12, 16, 18, 27, 32, 48, 54, 72, 81, 96, 108, 162]]
[733, [2, 4, 9, 16, 18, 27, 36, 54, 72, 81, 108, 144, 162]]
[734, [2, 3, 9, 24, 27, 48, 54, 72, 81, 108, 144, 162]]
[735, [3, 4, 8, 9, 12, 16, 24, 32, 36, 81, 96, 108, 144, 162]]
[736, [3, 4, 8, 9, 16, 18, 24, 32, 36, 54, 64, 72, 96, 108, 192]]
[737, [3, 4, 6, 8, 9, 32, 36, 48, 81, 96, 108, 144, 162]]
[738, [2, 4, 8, 16, 24, 27, 36, 54, 72, 81, 108, 144, 162]]
[739, [3, 4, 6, 12, 16, 18, 27, 32, 48, 54, 72, 81, 96, 108, 162]]
[740, [3, 4, 6, 9, 16, 18, 27, 36, 54, 72, 81, 108, 144, 162]]
[741, [2, 6, 8, 9, 16, 18, 48, 54, 64, 72, 108, 144, 192]]
[742, [3, 4, 8, 9, 12, 16, 27, 32, 36, 64, 81, 96, 162, 192]]
[743, [2, 8, 9, 12, 16, 18, 24, 32, 36, 54, 64, 72, 96, 108, 192]]
[744, [2, 6, 8, 9, 12, 32, 36, 48, 81, 96, 108, 144, 162]]
[745, [3, 4, 6, 8, 16, 24, 27, 36, 54, 72, 81, 108, 144, 162]]
[746, [2, 4, 9, 12, 16, 24, 64, 72, 81, 108, 162, 192]]
[747, [2, 4, 9, 16, 27, 32, 36, 48, 54, 72, 81, 96, 108, 162]]
[748, [2, 4, 6, 9, 48, 64, 72, 81, 108, 162, 192]]
[749, [2, 3, 12, 18, 24, 32, 54, 64, 96, 108, 144, 192]]
[750, [3, 6, 8, 9, 12, 16, 18, 24, 32, 36, 54, 64, 72, 96, 108, 192]]
[751, [3, 4, 8, 9, 16, 18, 27, 32, 36, 48, 54, 64, 96, 144, 192]]
[752, [2, 6, 8, 12, 16, 24, 27, 36, 54, 72, 81, 108, 144, 162]]
[753, [2, 4, 9, 16, 18, 27, 32, 54, 81, 96, 108, 144, 162]]
[754, [2, 6, 8, 16, 18, 24, 27, 32, 48, 54, 72, 81, 96, 108, 162]]
[755, [2, 4, 9, 16, 18, 24, 48, 54, 64, 72, 108, 144, 192]]
[756, [3, 4, 8, 9, 12, 18, 32, 36, 48, 54, 64, 72, 96, 108, 192]]
[757, [2, 3, 12, 16, 27, 36, 54, 64, 81, 108, 162, 192]]
[758, [3, 4, 8, 9, 12, 24, 27, 32, 36, 48, 72, 81, 96, 144, 162]]
[759, [2, 4, 9, 18, 24, 32, 36, 48, 54, 64, 72, 96, 108, 192]]
[760, [3, 4, 6, 9, 16, 18, 27, 32, 54, 81, 96, 108, 144, 162]]
[761, [2, 6, 9, 12, 16, 27, 32, 36, 48, 54, 72, 81, 96, 108, 162]]
[762, [3, 4, 6, 9, 16, 18, 24, 48, 54, 64, 72, 108, 144, 192]]
[763, [2, 6, 8, 9, 12, 32, 36, 54, 64, 96, 108, 144, 192]]
[764, [2, 3, 9, 24, 32, 36, 54, 64, 96, 108, 144, 192]]
[765, [3, 4, 8, 12, 16, 18, 24, 27, 32, 48, 54, 72, 81, 96, 108, 162]]
[766, [3, 4, 8, 9, 16, 18, 24, 27, 36, 54, 72, 81, 108, 144, 162]]
[767, [2, 6, 9, 12, 16, 18, 27, 32, 54, 81, 96, 108, 144, 162]]
[768, [2, 4, 6, 24, 27, 36, 48, 54, 72, 81, 108, 144, 162]]
[769, [2, 6, 9, 12, 16, 18, 24, 48, 54, 64, 72, 108, 144, 192]]
[770, [1, 18, 64, 81, 108, 144, 162, 192]]
[771, [3, 4, 6, 9, 16, 18, 24, 27, 48, 64, 144, 192, 216]]
[772, [2, 6, 8, 12, 16, 24, 27, 32, 54, 81, 96, 108, 144, 162]]
[773, [2, 8, 9, 12, 16, 18, 24, 27, 36, 54, 72, 81, 108, 144, 162]]
[774, [2, 3, 9, 24, 27, 48, 54, 64, 81, 108, 162, 192]]
[775, [2, 6, 8, 9, 18, 27, 36, 48, 54, 72, 81, 108, 144, 162]]
[776, [2, 6, 8, 9, 16, 27, 32, 36, 64, 72, 96, 192, 216]]
[777, [3, 4, 8, 9, 12, 24, 27, 32, 36, 54, 64, 72, 96, 144, 192]]
[778, [2, 4, 8, 12, 27, 32, 48, 54, 81, 96, 108, 144, 162]]
[779, [2, 3, 16, 18, 27, 32, 36, 54, 81, 96, 108, 144, 162]]
[780, [3, 4, 8, 9, 16, 24, 27, 32, 36, 48, 54, 72, 81, 96, 108, 162]]
[781, [2, 4, 12, 16, 18, 27, 32, 48, 54, 64, 72, 96, 144, 192]]
[782, [2, 6, 9, 12, 16, 18, 24, 32, 72, 81, 96, 108, 144, 162]]
[783, [2, 6, 8, 9, 16, 24, 27, 48, 64, 81, 144, 162, 192]]
[784, [3, 4, 6, 9, 12, 24, 32, 36, 54, 64, 96, 108, 144, 192]]
[785, [3, 4, 6, 8, 12, 27, 32, 48, 54, 81, 96, 108, 144, 162]]
[786, [3, 4, 8, 9, 12, 18, 27, 36, 48, 54, 72, 81, 108, 144, 162]]
[787, [2, 8, 9, 12, 16, 24, 27, 32, 36, 48, 54, 72, 81, 96, 108, 162]]
[788, [2, 4, 6, 24, 27, 32, 48, 54, 81, 96, 108, 144, 162]]
[789, [2, 4, 9, 18, 24, 27, 36, 48, 54, 72, 81, 108, 144, 162]]
[790, [2, 3, 9, 24, 32, 36, 48, 72, 96, 108, 144, 216]]
[791, [3, 4, 6, 8, 12, 24, 32, 36, 54, 72, 108, 144, 288]]
[792, [2, 4, 12, 16, 18, 27, 32, 36, 54, 81, 96, 108, 144, 162]]
[793, [2, 8, 9, 12, 16, 18, 24, 27, 32, 54, 81, 96, 108, 144, 162]]
[794, [3, 6, 8, 9, 12, 16, 24, 27, 32, 36, 48, 54, 72, 81, 96, 108, 162]]
[795, [2, 6, 8, 9, 18, 27, 32, 48, 54, 81, 96, 108, 144, 162]]
[796, [3, 4, 6, 9, 18, 24, 27, 36, 48, 54, 72, 81, 108, 144, 162]]
[797, [3, 4, 6, 9, 16, 24, 27, 32, 36, 64, 72, 96, 192, 216]]
[798, [3, 4, 8, 9, 12, 24, 27, 32, 36, 48, 64, 81, 96, 162, 192]]
[799, [3, 4, 6, 12, 16, 18, 27, 32, 36, 54, 81, 96, 108, 144, 162]]
[800, [3, 6, 8, 9, 12, 16, 18, 24, 27, 32, 54, 81, 96, 108, 144, 162]]
[801, [3, 4, 6, 12, 16, 18, 24, 36, 48, 54, 64, 72, 108, 144, 192]]
[802, [2, 6, 9, 12, 16, 18, 24, 36, 64, 72, 81, 108, 162, 192]]
[803, [2, 6, 9, 12, 18, 24, 27, 36, 48, 54, 72, 81, 108, 144, 162]]
[804, [2, 4, 8, 16, 24, 27, 36, 48, 72, 81, 108, 162, 216]]
[805, [3, 4, 6, 8, 12, 27, 36, 48, 54, 64, 81, 108, 162, 192]]
[806, [3, 4, 8, 9, 12, 18, 27, 32, 48, 54, 81, 96, 108, 144, 162]]
[807, [2, 4, 12, 16, 18, 24, 32, 36, 72, 81, 96, 108, 144, 162]]
[808, [3, 4, 8, 9, 16, 18, 24, 27, 32, 64, 72, 81, 96, 162, 192]]
[809, [2, 4, 9, 18, 24, 27, 32, 48, 54, 81, 96, 108, 144, 162]]
[810, [2, 6, 8, 9, 18, 24, 32, 48, 72, 81, 96, 108, 144, 162]]
[811, [3, 4, 6, 8, 16, 24, 27, 36, 48, 72, 81, 108, 162, 216]]
[812, [2, 4, 8, 12, 24, 32, 54, 64, 72, 96, 108, 144, 192]]
[813, [2, 8, 9, 12, 16, 18, 24, 27, 36, 54, 64, 81, 108, 162, 192]]
[814, [2, 6, 8, 16, 18, 24, 27, 32, 36, 54, 81, 96, 108, 144, 162]]
[815, [2, 6, 8, 9, 16, 32, 36, 48, 54, 64, 96, 108, 144, 192]]
[816, [3, 4, 6, 9, 18, 24, 27, 32, 48, 54, 81, 96, 108, 144, 162]]
[817, [2, 6, 8, 9, 16, 27, 32, 54, 72, 81, 96, 108, 144, 162]]
[818, [2, 6, 8, 12, 16, 24, 27, 36, 48, 72, 81, 108, 162, 216]]
[819, [3, 4, 6, 8, 12, 24, 32, 54, 64, 72, 96, 108, 144, 192]]
[820, [2, 4, 8, 18, 27, 32, 36, 48, 54, 81, 96, 108, 144, 162]]
[821, [3, 4, 8, 9, 12, 18, 24, 32, 48, 72, 81, 96, 108, 144, 162]]
[822, [3, 6, 8, 9, 12, 16, 18, 24, 27, 32, 64, 72, 81, 96, 162, 192]]
[823, [2, 6, 9, 12, 18, 24, 27, 32, 48, 54, 81, 96, 108, 144, 162]]
[824, [2, 3, 16, 18, 27, 32, 36, 54, 72, 96, 108, 144, 216]]
[825, [3, 4, 8, 12, 16, 18, 24, 27, 32, 36, 54, 81, 96, 108, 144, 162]]
[826, [3, 4, 8, 9, 12, 16, 32, 36, 48, 54, 64, 96, 108, 144, 192]]
[827, [3, 4, 6, 8, 18, 27, 32, 36, 48, 54, 81, 96, 108, 144, 162]]
[828, [3, 4, 8, 9, 12, 16, 27, 32, 54, 72, 81, 96, 108, 144, 162]]
[829, [3, 4, 8, 9, 16, 24, 27, 32, 36, 48, 54, 64, 72, 96, 144, 192]]
[830, [2, 6, 8, 9, 18, 24, 36, 48, 64, 72, 81, 108, 162, 192]]
[831, [2, 4, 9, 16, 24, 27, 32, 54, 72, 81, 96, 108, 144, 162]]
[832, [3, 4, 8, 9, 16, 18, 24, 27, 36, 48, 72, 81, 108, 162, 216]]
[833, [2, 3, 12, 18, 32, 36, 54, 64, 72, 96, 108, 144, 192]]
[834, [2, 6, 8, 12, 18, 27, 32, 36, 48, 54, 81, 96, 108, 144, 162]]
[835, [2, 3, 18, 24, 27, 32, 36, 48, 54, 81, 96, 108, 144, 162]]
[836, [2, 8, 9, 12, 16, 24, 27, 32, 36, 48, 54, 64, 72, 96, 144, 192]]
[837, [2, 6, 8, 9, 16, 27, 36, 54, 64, 72, 81, 108, 162, 192]]
[838, [3, 4, 6, 9, 16, 24, 27, 32, 54, 72, 81, 96, 108, 144, 162]]
[839, [2, 8, 9, 12, 16, 18, 24, 27, 36, 48, 72, 81, 108, 162, 216]]
[840, [3, 4, 8, 9, 12, 18, 24, 32, 54, 64, 72, 96, 108, 144, 192]]
[841, [3, 4, 8, 9, 12, 18, 24, 36, 48, 64, 72, 81, 108, 162, 192]]
[842, [3, 4, 6, 8, 18, 24, 32, 36, 48, 72, 81, 96, 108, 144, 162]]
[843, [3, 6, 8, 9, 12, 16, 24, 27, 32, 36, 48, 54, 64, 72, 96, 144, 192]]
[844, [3, 4, 6, 12, 16, 18, 27, 32, 36, 54, 72, 96, 108, 144, 216]]
[845, [2, 6, 9, 12, 16, 24, 27, 32, 54, 72, 81, 96, 108, 144, 162]]
[846, [3, 6, 8, 9, 12, 16, 18, 24, 27, 36, 48, 72, 81, 108, 162, 216]]
[847, [3, 4, 8, 12, 16, 18, 24, 27, 32, 36, 64, 72, 81, 96, 162, 192]]
[848, [2, 4, 12, 18, 24, 27, 32, 36, 48, 54, 81, 96, 108, 144, 162]]
[849, [2, 6, 8, 12, 18, 24, 32, 36, 48, 72, 81, 96, 108, 144, 162]]
[850, [2, 6, 8, 9, 18, 24, 32, 48, 64, 81, 96, 108, 162, 192]]
[851, [2, 4, 9, 12, 27, 32, 48, 54, 72, 81, 96, 108, 144, 162]]
[852, [2, 6, 8, 12, 16, 18, 27, 48, 64, 72, 81, 144, 162, 192]]
[853, [2, 3, 16, 18, 24, 27, 48, 64, 72, 81, 144, 162, 192]]
[854, [2, 4, 8, 18, 24, 32, 36, 54, 64, 72, 96, 108, 144, 192]]
[855, [3, 4, 6, 12, 18, 24, 27, 32, 36, 48, 54, 81, 96, 108, 144, 162]]
[856, [2, 6, 8, 12, 16, 27, 32, 36, 54, 72, 81, 96, 108, 144, 162]]
[857, [2, 3, 16, 24, 27, 32, 36, 54, 72, 81, 96, 108, 144, 162]]
[858, [3, 4, 6, 9, 12, 27, 32, 48, 54, 72, 81, 96, 108, 144, 162]]
[859, [2, 4, 9, 16, 18, 32, 48, 54, 64, 72, 96, 108, 144, 192]]
[860, [2, 4, 8, 12, 27, 32, 36, 64, 81, 96, 144, 162, 192]]
[861, [3, 4, 6, 8, 18, 24, 32, 36, 54, 64, 72, 96, 108, 144, 192]]
[862, [2, 4, 6, 16, 24, 27, 72, 81, 108, 144, 162, 216]]
[863, [3, 4, 6, 8, 12, 27, 32, 36, 72, 81, 96, 108, 162, 216]]
[864, [2, 4, 8, 16, 24, 32, 48, 54, 64, 72, 96, 108, 144, 192]]
[865, [2, 6, 9, 12, 16, 24, 27, 36, 54, 64, 72, 81, 108, 162, 192]]
[866, [3, 4, 6, 9, 16, 18, 32, 48, 54, 64, 72, 96, 108, 144, 192]]
[867, [2, 6, 8, 9, 16, 27, 36, 48, 64, 72, 81, 144, 162, 192]]
[868, [2, 6, 8, 12, 18, 24, 32, 36, 54, 64, 72, 96, 108, 144, 192]]
[869, [2, 3, 8, 24, 27, 54, 64, 81, 108, 144, 162, 192]]
[870, [3, 4, 8, 9, 16, 18, 27, 32, 36, 54, 72, 81, 96, 108, 144, 162]]
[871, [3, 4, 6, 8, 16, 24, 32, 48, 54, 64, 72, 96, 108, 144, 192]]
[872, [2, 4, 6, 27, 32, 36, 48, 54, 72, 81, 96, 108, 144, 162]]
[873, [2, 6, 8, 9, 24, 27, 32, 48, 54, 72, 81, 96, 108, 144, 162]]
[874, [2, 4, 9, 18, 24, 27, 36, 48, 54, 64, 72, 108, 192, 216]]
[875, [2, 4, 8, 18, 24, 32, 36, 48, 64, 81, 96, 108, 162, 192]]
[876, [2, 3, 12, 16, 32, 36, 64, 72, 81, 96, 108, 162, 192]]
[877, [2, 8, 9, 12, 16, 18, 27, 32, 36, 54, 72, 81, 96, 108, 144, 162]]
[878, [2, 6, 8, 12, 16, 24, 32, 48, 54, 64, 72, 96, 108, 144, 192]]
[879, [2, 3, 9, 18, 24, 64, 72, 81, 108, 144, 162, 192]]
[880, [2, 3, 18, 24, 27, 32, 36, 48, 54, 72, 96, 108, 144, 216]]
[881, [2, 4, 9, 16, 24, 27, 36, 48, 64, 72, 81, 144, 162, 192]]
[882, [3, 4, 6, 8, 18, 24, 32, 36, 48, 64, 81, 96, 108, 162, 192]]
[883, [3, 4, 8, 9, 12, 16, 24, 32, 64, 72, 81, 96, 108, 162, 192]]
[884, [3, 6, 8, 9, 12, 16, 18, 27, 32, 36, 54, 72, 81, 96, 108, 144, 162]]
[885, [2, 3, 16, 18, 32, 36, 48, 54, 64, 72, 96, 108, 144, 192]]
[886, [3, 4, 6, 8, 9, 24, 36, 64, 72, 108, 144, 192, 216]]
[887, [2, 6, 9, 16, 18, 24, 27, 32, 36, 54, 72, 81, 96, 108, 144, 162]]
[888, [3, 4, 6, 9, 16, 24, 27, 36, 48, 64, 72, 81, 144, 162, 192]]
[889, [2, 6, 8, 12, 18, 24, 32, 36, 48, 64, 81, 96, 108, 162, 192]]
[890, [2, 3, 8, 18, 36, 64, 72, 81, 108, 144, 162, 192]]
[891, [2, 4, 9, 12, 27, 32, 48, 54, 64, 81, 96, 108, 162, 192]]
[892, [3, 4, 8, 9, 16, 18, 24, 32, 48, 54, 64, 72, 96, 108, 144, 192]]
[893, [2, 4, 9, 18, 27, 32, 36, 48, 54, 72, 81, 96, 108, 144, 162]]
[894, [3, 4, 6, 9, 18, 24, 27, 32, 36, 72, 81, 96, 108, 162, 216]]
[895, [2, 6, 9, 12, 16, 24, 27, 36, 48, 64, 72, 81, 144, 162, 192]]
[896, [2, 6, 8, 12, 16, 27, 32, 36, 54, 64, 81, 96, 108, 162, 192]]
[897, [2, 3, 16, 24, 27, 32, 36, 54, 64, 81, 96, 108, 162, 192]]
[898, [3, 4, 9, 12, 16, 18, 24, 27, 32, 36, 54, 72, 81, 96, 108, 144, 162]]
[899, [2, 8, 9, 12, 16, 18, 24, 32, 48, 54, 64, 72, 96, 108, 144, 192]]
[900, [3, 4, 6, 9, 18, 27, 32, 36, 48, 54, 72, 81, 96, 108, 144, 162]]
[901, [2, 4, 9, 16, 24, 27, 32, 48, 64, 81, 96, 144, 162, 192]]
[902, [2, 6, 8, 9, 16, 27, 32, 54, 64, 72, 96, 108, 192, 216]]
[903, [2, 3, 12, 18, 27, 36, 54, 64, 81, 108, 144, 162, 192]]
[904, [3, 4, 8, 9, 12, 24, 27, 36, 48, 54, 64, 72, 81, 108, 162, 192]]
[905, [3, 4, 6, 8, 24, 27, 32, 36, 48, 54, 72, 81, 96, 108, 144, 162]]
[906, [3, 6, 8, 9, 12, 16, 18, 24, 32, 48, 54, 64, 72, 96, 108, 144, 192]]
[907, [2, 6, 9, 12, 18, 27, 32, 36, 48, 54, 72, 81, 96, 108, 144, 162]]
[908, [3, 4, 6, 9, 16, 24, 27, 32, 48, 64, 81, 96, 144, 162, 192]]
[909, [2, 3, 16, 18, 24, 27, 36, 72, 81, 108, 144, 162, 216]]
[910, [3, 4, 8, 9, 16, 18, 27, 32, 36, 54, 64, 81, 96, 108, 162, 192]]
[911, [2, 6, 8, 12, 16, 24, 32, 36, 64, 72, 81, 96, 108, 162, 192]]
[912, [2, 6, 8, 12, 24, 27, 32, 36, 48, 54, 72, 81, 96, 108, 144, 162]]
[913, [2, 6, 8, 9, 24, 27, 32, 48, 54, 64, 81, 96, 108, 162, 192]]
[914, [2, 4, 8, 16, 18, 27, 32, 81, 96, 108, 144, 162, 216]]
[915, [2, 6, 9, 12, 16, 24, 27, 32, 48, 64, 81, 96, 144, 162, 192]]
[916, [2, 4, 9, 16, 24, 27, 32, 54, 64, 72, 96, 108, 192, 216]]
[917, [2, 8, 9, 12, 16, 18, 27, 32, 36, 54, 64, 81, 96, 108, 162, 192]]
[918, [2, 3, 12, 18, 24, 36, 64, 72, 81, 108, 144, 162, 192]]
[919, [3, 4, 6, 8, 16, 27, 32, 36, 48, 64, 81, 96, 144, 162, 192]]
[920, [2, 6, 8, 16, 18, 24, 32, 36, 48, 54, 64, 72, 96, 108, 144, 192]]
[921, [2, 4, 6, 16, 32, 36, 54, 72, 81, 96, 144, 162, 216]]
[922, [2, 6, 8, 12, 16, 27, 32, 36, 48, 72, 81, 96, 108, 162, 216]]
[923, [2, 4, 6, 16, 24, 48, 64, 72, 81, 108, 144, 162, 192]]
[924, [3, 6, 8, 9, 12, 16, 18, 27, 32, 36, 54, 64, 81, 96, 108, 162, 192]]
[925, [3, 4, 8, 9, 16, 18, 24, 32, 36, 64, 72, 81, 96, 108, 162, 192]]
[926, [3, 4, 8, 9, 18, 24, 27, 32, 36, 48, 54, 72, 81, 96, 108, 144, 162]]
[927, [2, 6, 9, 16, 18, 24, 27, 32, 36, 54, 64, 81, 96, 108, 162, 192]]
[928, [2, 3, 12, 16, 24, 48, 64, 72, 81, 108, 144, 162, 192]]
[929, [2, 4, 9, 16, 18, 27, 48, 54, 64, 81, 108, 144, 162, 192]]
[930, [2, 6, 8, 9, 16, 18, 48, 64, 72, 81, 108, 144, 162, 192]]
[931, [3, 4, 8, 12, 16, 18, 24, 32, 36, 48, 54, 64, 72, 96, 108, 144, 192]]
[932, [2, 8, 9, 12, 16, 18, 24, 32, 36, 64, 72, 81, 96, 108, 162, 192]]
[933, [2, 8, 9, 12, 18, 24, 27, 32, 36, 48, 54, 72, 81, 96, 108, 144, 162]]
[934, [2, 6, 8, 9, 18, 32, 36, 48, 64, 72, 81, 96, 108, 162, 192]]
[935, [3, 4, 6, 8, 9, 32, 48, 54, 72, 81, 96, 144, 162, 216]]
[936, [3, 4, 6, 9, 16, 18, 27, 48, 54, 64, 81, 108, 144, 162, 192]]
[937, [2, 6, 9, 12, 16, 18, 24, 27, 64, 81, 108, 162, 192, 216]]
[938, [3, 4, 9, 12, 16, 18, 24, 27, 32, 36, 54, 64, 81, 96, 108, 162, 192]]
[939, [3, 6, 8, 9, 12, 16, 18, 24, 32, 36, 64, 72, 81, 96, 108, 162, 192]]
[940, [3, 6, 8, 9, 12, 18, 24, 27, 32, 36, 48, 54, 72, 81, 96, 108, 144, 162]]
[941, [3, 4, 6, 8, 16, 24, 27, 48, 54, 64, 81, 108, 144, 162, 192]]
[942, [2, 3, 9, 24, 27, 54, 64, 72, 81, 108, 144, 162, 192]]
[943, [2, 6, 9, 12, 16, 18, 27, 48, 54, 64, 81, 108, 144, 162, 192]]
[944, [2, 4, 9, 16, 18, 24, 48, 64, 72, 81, 108, 144, 162, 192]]
[945, [3, 4, 6, 8, 24, 27, 32, 36, 48, 54, 64, 81, 96, 108, 162, 192]]
[946, [2, 4, 9, 16, 24, 27, 32, 48, 64, 72, 96, 144, 192, 216]]
[947, [2, 6, 9, 12, 18, 27, 32, 36, 48, 54, 64, 81, 96, 108, 162, 192]]
[948, [2, 4, 9, 18, 24, 32, 36, 48, 64, 72, 81, 96, 108, 162, 192]]
[949, [3, 4, 6, 9, 16, 18, 32, 36, 54, 72, 81, 96, 144, 162, 216]]
[950, [3, 6, 8, 9, 12, 16, 18, 27, 32, 36, 48, 72, 81, 96, 108, 162, 216]]
[951, [3, 4, 6, 9, 16, 18, 24, 48, 64, 72, 81, 108, 144, 162, 192]]
[952, [2, 6, 8, 12, 24, 27, 32, 36, 48, 54, 64, 81, 96, 108, 162, 192]]
[953, [2, 3, 8, 27, 36, 54, 64, 72, 81, 108, 144, 162, 192]]
[954, [3, 6, 8, 9, 12, 16, 18, 27, 32, 36, 48, 64, 81, 96, 144, 162, 192]]
[955, [3, 4, 6, 9, 18, 24, 32, 36, 48, 64, 72, 81, 96, 108, 162, 192]]
[956, [2, 6, 9, 12, 16, 18, 32, 36, 54, 72, 81, 96, 144, 162, 216]]
[957, [2, 6, 9, 16, 18, 24, 27, 32, 36, 48, 64, 81, 96, 144, 162, 192]]
[958, [2, 6, 9, 12, 16, 18, 24, 48, 64, 72, 81, 108, 144, 162, 192]]
[959, [2, 3, 12, 18, 27, 36, 54, 72, 81, 96, 108, 162, 288]]
[960, [2, 6, 9, 12, 16, 24, 27, 32, 48, 64, 72, 96, 144, 192, 216]]
[961, [2, 6, 8, 12, 16, 24, 32, 36, 54, 72, 81, 96, 144, 162, 216]]
[962, [2, 6, 9, 12, 18, 24, 32, 36, 48, 64, 72, 81, 96, 108, 162, 192]]
[963, [3, 4, 6, 9, 12, 24, 32, 48, 54, 72, 81, 96, 144, 162, 216]]
[964, [3, 4, 9, 12, 16, 18, 24, 27, 32, 36, 48, 72, 81, 96, 108, 162, 216]]
[965, [2, 6, 8, 9, 16, 24, 32, 48, 64, 96, 108, 144, 192, 216]]
[966, [3, 4, 8, 9, 18, 24, 27, 32, 36, 48, 54, 64, 81, 96, 108, 162, 192]]
[967, [2, 4, 8, 12, 32, 36, 48, 54, 72, 81, 96, 144, 162, 216]]
[968, [2, 4, 8, 18, 27, 32, 48, 54, 64, 72, 81, 96, 108, 162, 192]]
[969, [2, 6, 9, 12, 16, 27, 32, 36, 54, 64, 72, 81, 96, 108, 162, 192]]
[970, [2, 4, 12, 16, 18, 27, 32, 48, 64, 72, 81, 96, 144, 162, 192]]
[971, [2, 6, 9, 12, 16, 24, 27, 32, 36, 81, 96, 108, 144, 162, 216]]
[972, [2, 6, 9, 16, 18, 24, 27, 32, 36, 54, 64, 72, 96, 108, 192, 216]]
[973, [2, 8, 9, 12, 18, 24, 27, 32, 36, 48, 54, 64, 81, 96, 108, 162, 192]]
[974, [3, 4, 6, 8, 12, 32, 36, 48, 54, 72, 81, 96, 144, 162, 216]]
[975, [3, 4, 6, 8, 18, 27, 32, 48, 54, 64, 72, 81, 96, 108, 162, 192]]
[976, [3, 6, 8, 9, 12, 16, 18, 24, 27, 48, 54, 64, 81, 108, 144, 162, 192]]
[977, [3, 4, 6, 12, 16, 18, 27, 32, 48, 64, 72, 81, 96, 144, 162, 192]]
[978, [2, 4, 9, 18, 27, 32, 36, 48, 54, 64, 72, 96, 108, 192, 216]]
[979, [2, 4, 8, 16, 24, 27, 48, 54, 64, 72, 108, 144, 192, 216]]
[980, [3, 6, 8, 9, 12, 18, 24, 27, 32, 36, 48, 54, 64, 81, 96, 108, 162, 192]]
[981, [2, 3, 12, 24, 27, 36, 54, 64, 72, 81, 108, 144, 162, 192]]
[982, [2, 6, 8, 12, 18, 27, 32, 48, 54, 64, 72, 81, 96, 108, 162, 192]]
[983, [2, 3, 18, 24, 27, 32, 48, 54, 64, 72, 81, 96, 108, 162, 192]]
[984, [2, 6, 8, 9, 18, 32, 36, 48, 54, 72, 81, 96, 144, 162, 216]]
[985, [2, 4, 9, 16, 27, 32, 36, 48, 64, 72, 81, 96, 144, 162, 192]]
[986, [2, 4, 8, 12, 27, 32, 54, 64, 81, 96, 108, 144, 162, 192]]
[987, [2, 4, 9, 16, 18, 27, 32, 72, 81, 96, 108, 144, 162, 216]]
[988, [3, 4, 8, 9, 16, 24, 27, 32, 36, 54, 64, 72, 81, 96, 108, 162, 192]]
[989, [2, 6, 8, 12, 16, 18, 32, 48, 64, 81, 96, 108, 144, 162, 192]]
[990, [2, 6, 8, 16, 18, 24, 27, 36, 48, 54, 64, 81, 108, 144, 162, 192]]
[991, [2, 3, 12, 16, 27, 36, 64, 72, 81, 108, 162, 192, 216]]
[992, [2, 6, 8, 16, 18, 24, 27, 32, 48, 64, 72, 81, 96, 144, 162, 192]]
[993, [2, 6, 8, 9, 16, 27, 48, 54, 64, 72, 81, 108, 144, 162, 192]]
[994, [3, 4, 8, 9, 12, 18, 27, 36, 54, 64, 72, 81, 108, 144, 162, 192]]
[995, [2, 8, 9, 12, 16, 24, 27, 32, 36, 54, 64, 72, 81, 96, 108, 162, 192]]
[996, [2, 4, 12, 18, 24, 27, 32, 48, 54, 64, 72, 81, 96, 108, 162, 192]]
[997, [2, 6, 8, 9, 27, 32, 36, 48, 54, 64, 72, 81, 96, 108, 162, 192]]
[998, [2, 4, 9, 18, 24, 32, 36, 48, 54, 72, 81, 96, 144, 162, 216]]
[999, [2, 6, 9, 12, 16, 27, 32, 36, 48, 64, 72, 81, 96, 144, 162, 192]]
[1000, [2, 3, 16, 18, 27, 36, 48, 54, 64, 72, 108, 144, 192, 216]]
[1001, [3, 4, 8, 12, 16, 18, 24, 27, 36, 48, 54, 64, 81, 108, 144, 162, 192]]
[1002, [3, 6, 8, 9, 12, 16, 24, 27, 32, 36, 54, 64, 72, 81, 96, 108, 162, 192]]
[1003, [3, 4, 6, 12, 18, 24, 27, 32, 48, 54, 64, 72, 81, 96, 108, 162, 192]]
[1004, [3, 4, 6, 9, 18, 24, 27, 36, 54, 64, 72, 81, 108, 144, 162, 192]]
[1005, [3, 4, 6, 9, 18, 24, 32, 36, 48, 54, 72, 81, 96, 144, 162, 216]]
[1006, [2, 6, 8, 12, 16, 24, 27, 32, 72, 81, 96, 108, 144, 162, 216]]
[1007, [2, 4, 9, 16, 24, 27, 48, 54, 64, 72, 81, 108, 144, 162, 192]]
[1008, [3, 4, 8, 9, 12, 27, 32, 36, 48, 54, 64, 72, 81, 96, 108, 162, 192]]
[1009, [2, 4, 9, 12, 24, 36, 48, 54, 64, 72, 96, 108, 192, 288]]
[1010, [3, 4, 6, 12, 16, 18, 24, 32, 48, 64, 81, 96, 108, 144, 162, 192]]
[1011, [2, 4, 9, 24, 27, 32, 36, 48, 54, 64, 72, 81, 96, 108, 162, 192]]
[1012, [2, 6, 9, 12, 18, 24, 32, 36, 48, 54, 72, 81, 96, 144, 162, 216]]
[1013, [2, 3, 16, 18, 27, 32, 36, 72, 81, 96, 108, 144, 162, 216]]
[1014, [3, 4, 6, 9, 16, 24, 27, 48, 54, 64, 72, 81, 108, 144, 162, 192]]
[1015, [3, 4, 8, 9, 12, 16, 32, 36, 48, 64, 81, 96, 108, 144, 162, 192]]
[1016, [2, 3, 8, 16, 36, 72, 81, 96, 108, 144, 162, 288]]
[1017, [2, 4, 9, 18, 24, 27, 32, 54, 64, 81, 96, 108, 144, 162, 192]]
[1018, [3, 4, 6, 9, 24, 27, 32, 36, 48, 54, 64, 72, 81, 96, 108, 162, 192]]
[1019, [3, 4, 6, 8, 12, 27, 32, 48, 72, 81, 96, 108, 144, 162, 216]]
[1020, [3, 4, 8, 9, 16, 18, 24, 27, 32, 72, 81, 96, 108, 144, 162, 216]]
[1021, [2, 6, 9, 12, 16, 24, 27, 48, 54, 64, 72, 81, 108, 144, 162, 192]]
[1022, [2, 3, 12, 18, 32, 36, 64, 72, 81, 96, 108, 144, 162, 192]]
[1023, [2, 3, 12, 16, 32, 36, 54, 64, 72, 108, 144, 192, 288]]
[1024, [3, 4, 6, 9, 18, 24, 27, 32, 54, 64, 81, 96, 108, 144, 162, 192]]
[1025, [2, 6, 9, 12, 24, 27, 32, 36, 48, 54, 64, 72, 81, 96, 108, 162, 192]]
[1026, [2, 4, 12, 16, 18, 27, 32, 36, 72, 81, 96, 108, 144, 162, 216]]
[1027, [2, 4, 6, 16, 32, 48, 64, 72, 81, 96, 108, 144, 162, 192]]
[1028, [2, 4, 8, 18, 27, 32, 36, 54, 64, 81, 96, 108, 144, 162, 192]]
[1029, [3, 4, 8, 9, 12, 18, 24, 32, 64, 72, 81, 96, 108, 144, 162, 192]]
[1030, [3, 4, 8, 9, 12, 16, 24, 32, 54, 64, 72, 108, 144, 192, 288]]
[1031, [2, 6, 9, 12, 18, 24, 27, 32, 54, 64, 81, 96, 108, 144, 162, 192]]
[1032, [3, 6, 8, 9, 12, 16, 24, 27, 32, 36, 48, 64, 72, 81, 96, 144, 162, 192]]
[1033, [2, 3, 16, 24, 27, 36, 48, 54, 64, 72, 81, 108, 144, 162, 192]]
[1034, [3, 6, 8, 9, 12, 16, 18, 24, 27, 32, 72, 81, 96, 108, 144, 162, 216]]
[1035, [3, 4, 6, 8, 18, 27, 32, 36, 54, 64, 81, 96, 108, 144, 162, 192]]
[1036, [3, 4, 8, 9, 12, 16, 24, 27, 54, 81, 96, 108, 144, 162, 288]]
[1037, [3, 4, 6, 8, 9, 16, 64, 81, 96, 108, 162, 192, 288]]
[1038, [2, 4, 8, 16, 27, 32, 48, 54, 64, 81, 96, 108, 144, 162, 192]]
[1039, [3, 4, 6, 8, 12, 27, 36, 48, 64, 72, 81, 108, 162, 192, 216]]
[1040, [3, 4, 8, 9, 12, 18, 27, 32, 48, 72, 81, 96, 108, 144, 162, 216]]
[1041, [2, 4, 6, 24, 27, 32, 54, 64, 72, 96, 108, 144, 192, 216]]
[1042, [2, 6, 8, 12, 18, 27, 32, 36, 54, 64, 81, 96, 108, 144, 162, 192]]
[1043, [2, 3, 18, 24, 27, 32, 36, 54, 64, 81, 96, 108, 144, 162, 192]]
[1044, [2, 3, 12, 16, 24, 36, 72, 81, 96, 108, 144, 162, 288]]
[1045, [3, 4, 6, 8, 16, 27, 32, 48, 54, 64, 81, 96, 108, 144, 162, 192]]
[1046, [3, 4, 8, 9, 16, 18, 27, 36, 48, 54, 64, 72, 81, 108, 144, 162, 192]]
[1047, [2, 4, 6, 18, 32, 48, 54, 64, 72, 81, 96, 162, 192, 216]]
[1048, [2, 4, 9, 16, 18, 32, 48, 64, 72, 81, 96, 108, 144, 162, 192]]
[1049, [2, 6, 8, 9, 16, 32, 36, 48, 64, 72, 96, 108, 144, 192, 216]]
[1050, [3, 4, 6, 8, 18, 24, 32, 36, 64, 72, 81, 96, 108, 144, 162, 192]]
[1051, [3, 4, 6, 8, 16, 24, 32, 36, 54, 64, 72, 108, 144, 192, 288]]
[1052, [2, 6, 8, 12, 16, 27, 32, 48, 54, 64, 81, 96, 108, 144, 162, 192]]
[1053, [2, 8, 9, 12, 16, 18, 27, 36, 48, 54, 64, 72, 81, 108, 144, 162, 192]]
[1054, [2, 4, 8, 18, 27, 32, 36, 48, 72, 81, 96, 108, 144, 162, 216]]
[1055, [3, 4, 6, 9, 16, 18, 32, 48, 64, 72, 81, 96, 108, 144, 162, 192]]
[1056, [2, 4, 12, 18, 24, 27, 32, 36, 54, 64, 81, 96, 108, 144, 162, 192]]
[1057, [2, 6, 8, 12, 18, 24, 32, 36, 64, 72, 81, 96, 108, 144, 162, 192]]
[1058, [2, 3, 8, 24, 36, 54, 64, 72, 81, 144, 162, 192, 216]]
[1059, [2, 4, 9, 12, 27, 32, 54, 64, 72, 81, 96, 108, 144, 162, 192]]
[1060, [3, 6, 8, 9, 12, 16, 18, 27, 36, 48, 54, 64, 72, 81, 108, 144, 162, 192]]
[1061, [3, 4, 6, 8, 18, 27, 32, 36, 48, 72, 81, 96, 108, 144, 162, 216]]
[1062, [2, 6, 9, 12, 16, 18, 32, 48, 64, 72, 81, 96, 108, 144, 162, 192]]
[1063, [2, 6, 9, 16, 18, 24, 27, 36, 48, 54, 64, 72, 81, 108, 144, 162, 192]]
[1064, [3, 4, 8, 9, 12, 24, 27, 32, 36, 54, 72, 81, 108, 144, 162, 288]]
[1065, [2, 4, 6, 12, 32, 54, 64, 81, 96, 144, 162, 192, 216]]
[1066, [3, 4, 8, 9, 16, 18, 27, 32, 48, 54, 64, 81, 96, 108, 144, 162, 192]]
[1067, [2, 6, 8, 12, 16, 24, 32, 48, 64, 72, 81, 96, 108, 144, 162, 192]]
[1068, [2, 6, 8, 12, 18, 27, 32, 36, 48, 72, 81, 96, 108, 144, 162, 216]]
[1069, [2, 3, 18, 24, 27, 32, 36, 48, 72, 81, 96, 108, 144, 162, 216]]
[1070, [3, 4, 6, 9, 16, 24, 32, 36, 48, 64, 72, 96, 108, 144, 192, 216]]
[1071, [2, 4, 8, 12, 24, 36, 54, 64, 72, 81, 144, 162, 192, 216]]
[1072, [2, 3, 8, 24, 36, 48, 72, 81, 96, 108, 144, 162, 288]]
[1073, [2, 8, 9, 12, 16, 18, 27, 32, 48, 54, 64, 81, 96, 108, 144, 162, 192]]
[1074, [3, 4, 9, 12, 16, 18, 24, 27, 36, 48, 54, 64, 72, 81, 108, 144, 162, 192]]
[1075, [3, 4, 6, 12, 16, 18, 27, 32, 48, 54, 72, 81, 108, 144, 162, 288]]
[1076, [2, 6, 9, 12, 18, 24, 27, 32, 54, 64, 72, 96, 108, 144, 192, 216]]
[1077, [2, 6, 9, 12, 16, 24, 32, 36, 48, 64, 72, 96, 108, 144, 192, 216]]
[1078, [3, 4, 6, 8, 12, 24, 36, 54, 64, 72, 81, 144, 162, 192, 216]]
[1079, [2, 8, 9, 12, 16, 18, 24, 32, 36, 54, 64, 72, 108, 144, 192, 288]]
[1080, [3, 6, 8, 9, 12, 16, 18, 27, 32, 48, 54, 64, 81, 96, 108, 144, 162, 192]]
[1081, [3, 4, 8, 9, 16, 18, 24, 32, 48, 64, 72, 81, 96, 108, 144, 162, 192]]
[1082, [2, 4, 12, 18, 24, 27, 32, 36, 48, 72, 81, 96, 108, 144, 162, 216]]
[1083, [2, 6, 9, 16, 18, 24, 27, 32, 48, 54, 64, 81, 96, 108, 144, 162, 192]]
[1084, [2, 3, 12, 16, 24, 36, 64, 81, 96, 108, 162, 192, 288]]
[1085, [2, 3, 12, 27, 32, 36, 54, 64, 72, 81, 96, 108, 144, 162, 192]]
[1086, [2, 4, 9, 12, 18, 32, 54, 64, 81, 96, 144, 162, 192, 216]]
[1087, [2, 4, 12, 16, 18, 32, 36, 48, 64, 72, 81, 96, 108, 144, 162, 192]]
[1088, [2, 8, 9, 12, 16, 18, 24, 32, 48, 64, 72, 81, 96, 108, 144, 162, 192]]
[1089, [3, 4, 6, 12, 18, 24, 27, 32, 36, 48, 72, 81, 96, 108, 144, 162, 216]]
[1090, [3, 4, 6, 8, 16, 27, 32, 48, 54, 64, 72, 96, 108, 144, 192, 216]]
[1091, [2, 6, 8, 9, 16, 27, 32, 64, 72, 81, 96, 108, 162, 192, 216]]
[1092, [3, 4, 8, 9, 12, 24, 27, 32, 54, 64, 72, 81, 96, 108, 144, 162, 192]]
[1093, [3, 4, 6, 9, 12, 18, 32, 54, 64, 81, 96, 144, 162, 192, 216]]
[1094, [3, 4, 9, 12, 16, 18, 24, 27, 32, 48, 54, 64, 81, 96, 108, 144, 162, 192]]
[1095, [3, 6, 8, 9, 12, 16, 18, 24, 32, 48, 64, 72, 81, 96, 108, 144, 162, 192]]
[1096, [2, 3, 9, 16, 48, 54, 64, 72, 96, 108, 144, 192, 288]]
[1097, [2, 6, 8, 12, 16, 27, 32, 48, 54, 64, 72, 96, 108, 144, 192, 216]]
[1098, [2, 3, 16, 24, 27, 32, 48, 54, 64, 72, 96, 108, 144, 192, 216]]
[1099, [3, 4, 8, 12, 16, 18, 24, 27, 32, 36, 64, 81, 96, 108, 162, 192, 216]]
[1100, [3, 4, 8, 9, 16, 18, 24, 27, 36, 64, 72, 81, 96, 162, 192, 288]]
[1101, [2, 4, 9, 18, 27, 32, 36, 54, 64, 72, 81, 96, 108, 144, 162, 192]]
[1102, [2, 6, 8, 9, 24, 32, 36, 48, 54, 64, 72, 81, 96, 162, 192, 216]]
[1103, [2, 3, 8, 24, 27, 64, 72, 81, 108, 144, 162, 192, 216]]
[1104, [2, 6, 8, 12, 16, 18, 27, 48, 64, 81, 108, 144, 162, 192, 216]]
[1105, [3, 4, 8, 12, 16, 18, 27, 32, 36, 48, 54, 64, 81, 96, 108, 144, 162, 192]]
[1106, [2, 4, 8, 24, 27, 32, 36, 54, 64, 72, 81, 96, 108, 144, 162, 192]]
[1107, [2, 4, 6, 18, 32, 36, 54, 64, 81, 96, 144, 162, 192, 216]]
[1108, [2, 4, 16, 18, 24, 27, 32, 36, 48, 54, 64, 81, 96, 108, 144, 162, 192]]
[1109, [2, 6, 8, 16, 18, 24, 32, 36, 48, 64, 72, 81, 96, 108, 144, 162, 192]]
[1110, [2, 4, 6, 18, 27, 48, 54, 72, 81, 96, 108, 144, 162, 288]]
[1111, [2, 4, 9, 16, 27, 32, 48, 54, 64, 72, 81, 96, 108, 144, 162, 192]]
[1112, [3, 4, 6, 9, 16, 24, 27, 32, 64, 72, 81, 96, 108, 162, 192, 216]]
[1113, [3, 4, 6, 8, 24, 27, 32, 36, 54, 64, 72, 81, 96, 108, 144, 162, 192]]
[1114, [3, 6, 8, 9, 12, 16, 18, 24, 27, 36, 64, 72, 81, 96, 162, 192, 288]]
[1115, [3, 4, 6, 16, 18, 24, 27, 32, 36, 48, 54, 64, 81, 96, 108, 144, 162, 192]]
[1116, [2, 4, 8, 16, 27, 32, 36, 64, 72, 81, 96, 108, 162, 192, 216]]
[1117, [2, 4, 6, 16, 32, 48, 54, 64, 81, 96, 144, 162, 192, 216]]
[1118, [3, 4, 6, 9, 16, 27, 32, 48, 54, 64, 72, 81, 96, 108, 144, 162, 192]]
[1119, [2, 6, 9, 12, 16, 24, 27, 32, 64, 72, 81, 96, 108, 162, 192, 216]]
[1120, [3, 4, 8, 12, 16, 18, 24, 32, 36, 48, 64, 72, 81, 96, 108, 144, 162, 192]]
[1121, [2, 6, 8, 9, 18, 24, 36, 54, 64, 72, 96, 108, 144, 192, 288]]
[1122, [2, 6, 12, 16, 18, 24, 27, 32, 36, 48, 54, 64, 81, 96, 108, 144, 162, 192]]
[1123, [3, 4, 6, 8, 16, 27, 32, 36, 64, 72, 81, 96, 108, 162, 192, 216]]
[1124, [2, 6, 8, 9, 16, 32, 36, 48, 64, 72, 81, 108, 162, 192, 288]]
[1125, [2, 6, 9, 12, 16, 27, 32, 48, 54, 64, 72, 81, 96, 108, 144, 162, 192]]
[1126, [3, 4, 6, 8, 12, 16, 36, 54, 81, 96, 144, 162, 216, 288]]
[1127, [3, 4, 6, 9, 12, 18, 36, 48, 64, 81, 96, 108, 162, 192, 288]]
[1128, [2, 6, 9, 16, 18, 24, 27, 32, 48, 54, 64, 72, 96, 108, 144, 192, 216]]
[1129, [3, 4, 6, 12, 18, 24, 27, 32, 36, 48, 64, 81, 96, 108, 162, 192, 216]]
[1130, [2, 6, 8, 12, 16, 27, 32, 36, 64, 72, 81, 96, 108, 162, 192, 216]]
[1131, [2, 3, 16, 24, 27, 32, 36, 64, 72, 81, 96, 108, 162, 192, 216]]
[1132, [3, 4, 6, 9, 12, 27, 32, 48, 64, 72, 81, 96, 108, 162, 192, 216]]
[1133, [2, 4, 8, 18, 24, 32, 36, 54, 64, 81, 96, 144, 162, 192, 216]]
[1134, [3, 4, 8, 9, 18, 24, 27, 32, 36, 54, 64, 72, 81, 96, 108, 144, 162, 192]]
[1135, [2, 3, 12, 16, 36, 48, 54, 64, 72, 96, 108, 144, 192, 288]]
[1136, [2, 4, 8, 9, 32, 54, 64, 72, 81, 96, 144, 162, 192, 216]]
[1137, [2, 3, 16, 27, 32, 36, 48, 54, 64, 72, 81, 96, 108, 144, 162, 192]]
[1138, [2, 4, 9, 16, 18, 32, 48, 54, 64, 81, 96, 144, 162, 192, 216]]
[1139, [3, 4, 9, 12, 16, 18, 24, 27, 32, 48, 54, 64, 72, 96, 108, 144, 192, 216]]
[1140, [3, 4, 6, 8, 18, 24, 32, 36, 54, 64, 81, 96, 144, 162, 192, 216]]
[1141, [2, 8, 9, 12, 18, 24, 27, 32, 36, 54, 64, 72, 81, 96, 108, 144, 162, 192]]
[1142, [2, 4, 6, 16, 27, 48, 64, 72, 81, 108, 144, 162, 192, 216]]
[1143, [2, 4, 8, 16, 24, 32, 48, 54, 64, 81, 96, 144, 162, 192, 216]]
[1144, [3, 4, 8, 9, 16, 24, 27, 32, 48, 54, 64, 72, 81, 96, 108, 144, 162, 192]]
[1145, [3, 4, 6, 9, 16, 18, 32, 48, 54, 64, 81, 96, 144, 162, 192, 216]]
[1146, [2, 4, 6, 27, 32, 36, 48, 64, 72, 81, 96, 108, 162, 192, 216]]
[1147, [2, 6, 8, 9, 24, 27, 32, 48, 64, 72, 81, 96, 108, 162, 192, 216]]
[1148, [3, 6, 8, 9, 12, 18, 24, 27, 32, 36, 54, 64, 72, 81, 96, 108, 144, 162, 192]]
[1149, [2, 6, 8, 9, 16, 27, 36, 54, 64, 81, 96, 108, 162, 192, 288]]
[1150, [2, 4, 12, 16, 27, 32, 36, 48, 54, 64, 72, 81, 96, 108, 144, 162, 192]]
[1151, [2, 8, 9, 12, 16, 24, 27, 32, 48, 54, 64, 72, 81, 96, 108, 144, 162, 192]]
[1152, [2, 6, 9, 12, 16, 18, 32, 48, 54, 64, 81, 96, 144, 162, 192, 216]]
[1153, [2, 4, 16, 18, 24, 27, 32, 36, 48, 54, 64, 72, 96, 108, 144, 192, 216]]
[1154, [2, 4, 9, 16, 18, 27, 36, 48, 64, 108, 144, 162, 192, 324]]
[1155, [3, 4, 6, 8, 18, 27, 32, 36, 54, 64, 72, 81, 108, 162, 192, 288]]
[1156, [2, 4, 8, 16, 24, 36, 48, 54, 64, 72, 96, 108, 144, 192, 288]]
[1157, [3, 4, 6, 12, 16, 27, 32, 36, 48, 54, 64, 72, 81, 96, 108, 144, 162, 192]]
[1158, [3, 6, 8, 9, 12, 16, 24, 27, 32, 48, 54, 64, 72, 81, 96, 108, 144, 162, 192]]
[1159, [2, 6, 8, 12, 16, 18, 32, 48, 54, 72, 81, 144, 162, 216, 288]]
[1160, [3, 4, 6, 16, 18, 24, 27, 32, 36, 48, 54, 64, 72, 96, 108, 144, 192, 216]]
[1161, [2, 6, 9, 16, 18, 24, 27, 32, 36, 64, 72, 81, 96, 108, 162, 192, 216]]
[1162, [2, 3, 8, 32, 36, 54, 64, 72, 81, 96, 144, 162, 192, 216]]
[1163, [2, 4, 9, 16, 18, 27, 48, 64, 72, 81, 108, 144, 162, 192, 216]]
[1164, [2, 3, 16, 18, 32, 36, 48, 54, 64, 81, 96, 144, 162, 192, 216]]
[1165, [3, 6, 8, 9, 12, 16, 18, 24, 36, 48, 54, 64, 72, 81, 144, 162, 192, 216]]
[1166, [2, 3, 9, 24, 32, 36, 48, 64, 108, 144, 192, 216, 288]]
[1167, [2, 6, 9, 16, 18, 27, 32, 36, 48, 54, 64, 72, 81, 96, 108, 144, 162, 192]]
[1168, [2, 4, 8, 16, 24, 27, 48, 64, 72, 81, 108, 144, 162, 192, 216]]
[1169, [2, 6, 8, 12, 16, 18, 32, 36, 64, 81, 108, 144, 162, 192, 288]]
[1170, [3, 4, 6, 9, 16, 18, 27, 48, 64, 72, 81, 108, 144, 162, 192, 216]]
[1171, [3, 4, 8, 9, 16, 18, 24, 32, 48, 54, 64, 81, 96, 144, 162, 192, 216]]
[1172, [2, 6, 8, 16, 24, 27, 32, 36, 48, 54, 64, 72, 81, 96, 108, 144, 162, 192]]
[1173, [2, 3, 16, 24, 27, 32, 48, 54, 64, 72, 81, 108, 162, 192, 288]]
[1174, [3, 4, 6, 9, 18, 27, 32, 36, 48, 64, 72, 81, 96, 108, 162, 192, 216]]
[1175, [2, 4, 8, 12, 32, 36, 54, 64, 72, 81, 96, 144, 162, 192, 216]]
[1176, [3, 4, 8, 9, 12, 24, 27, 36, 48, 54, 72, 81, 96, 108, 144, 162, 288]]
[1177, [2, 4, 12, 16, 18, 32, 36, 48, 54, 64, 81, 96, 144, 162, 192, 216]]
[1178, [3, 4, 9, 12, 16, 18, 27, 32, 36, 48, 54, 64, 72, 81, 96, 108, 144, 162, 192]]
[1179, [3, 4, 6, 8, 24, 27, 32, 36, 48, 64, 72, 81, 96, 108, 162, 192, 216]]
[1180, [3, 4, 6, 12, 16, 18, 24, 32, 48, 54, 72, 81, 144, 162, 216, 288]]
[1181, [2, 6, 9, 12, 18, 27, 32, 36, 48, 64, 72, 81, 96, 108, 162, 192, 216]]
[1182, [3, 4, 6, 8, 12, 32, 36, 54, 64, 72, 81, 96, 144, 162, 192, 216]]
[1183, [3, 4, 8, 12, 16, 24, 27, 32, 36, 48, 54, 64, 72, 81, 96, 108, 144, 162, 192]]
[1184, [3, 4, 6, 12, 16, 18, 32, 36, 48, 54, 64, 81, 96, 144, 162, 192, 216]]
[1185, [3, 6, 8, 9, 12, 16, 18, 24, 32, 48, 54, 64, 81, 96, 144, 162, 192, 216]]
[1186, [2, 6, 8, 12, 24, 27, 32, 36, 48, 64, 72, 81, 96, 108, 162, 192, 216]]
[1187, [2, 6, 8, 9, 18, 24, 36, 48, 64, 72, 96, 108, 192, 216, 288]]
[1188, [2, 4, 9, 16, 24, 32, 36, 48, 54, 72, 81, 144, 162, 216, 288]]
[1189, [2, 3, 16, 18, 27, 36, 48, 64, 72, 81, 108, 144, 162, 192, 216]]
[1190, [2, 3, 12, 24, 32, 36, 54, 64, 72, 81, 96, 144, 162, 192, 216]]
[1191, [2, 8, 9, 12, 16, 18, 24, 36, 48, 54, 64, 72, 96, 108, 144, 192, 288]]
[1192, [2, 6, 8, 9, 18, 32, 36, 54, 64, 72, 81, 96, 144, 162, 192, 216]]
[1193, [2, 8, 9, 16, 18, 24, 27, 32, 36, 48, 54, 64, 72, 81, 96, 108, 144, 162, 192]]
[1194, [2, 4, 12, 16, 18, 27, 32, 36, 48, 81, 108, 144, 162, 216, 288]]
[1195, [3, 4, 6, 9, 16, 24, 32, 36, 48, 54, 72, 81, 144, 162, 216, 288]]
[1196, [3, 4, 8, 9, 16, 18, 24, 27, 48, 64, 72, 81, 108, 144, 162, 192, 216]]
[1197, [2, 3, 12, 18, 27, 36, 64, 72, 81, 96, 144, 162, 192, 288]]
[1198, [3, 6, 8, 9, 12, 16, 18, 24, 36, 48, 54, 64, 72, 96, 108, 144, 192, 288]]
[1199, [2, 6, 8, 16, 18, 24, 32, 36, 48, 54, 64, 81, 96, 144, 162, 192, 216]]
[1200, [3, 6, 8, 9, 16, 18, 24, 27, 32, 36, 48, 54, 64, 72, 81, 96, 108, 144, 162, 192]]
[1201, [3, 4, 6, 12, 16, 18, 27, 32, 36, 48, 81, 108, 144, 162, 216, 288]]
[1202, [2, 6, 8, 9, 16, 32, 48, 54, 64, 72, 81, 96, 144, 162, 192, 216]]
[1203, [3, 4, 8, 9, 12, 18, 32, 36, 54, 64, 72, 81, 96, 144, 162, 192, 216]]
[1204, [3, 4, 8, 9, 12, 18, 24, 27, 64, 72, 81, 96, 144, 162, 192, 288]]
[1205, [2, 6, 8, 9, 24, 27, 36, 48, 54, 64, 81, 96, 108, 162, 192, 288]]
[1206, [2, 4, 9, 18, 24, 32, 36, 54, 64, 72, 81, 96, 144, 162, 192, 216]]
[1207, [2, 8, 9, 12, 18, 24, 27, 32, 36, 48, 64, 72, 81, 96, 108, 162, 192, 216]]
[1208, [2, 6, 8, 9, 16, 24, 32, 64, 72, 81, 108, 144, 162, 192, 288]]
[1209, [3, 4, 6, 12, 16, 18, 27, 36, 48, 64, 72, 81, 108, 144, 162, 192, 216]]
[1210, [3, 4, 8, 12, 16, 18, 24, 32, 36, 48, 54, 64, 81, 96, 144, 162, 192, 216]]
[1211, [2, 4, 8, 18, 24, 32, 36, 48, 64, 81, 108, 144, 162, 192, 288]]
[1212, [2, 6, 8, 12, 16, 24, 27, 54, 64, 72, 81, 96, 108, 162, 192, 288]]
[1213, [4, 6, 8, 9, 12, 16, 18, 24, 27, 32, 36, 48, 54, 64, 72, 81, 96, 108, 144, 162, 192]]
[1214, [3, 6, 8, 9, 12, 18, 24, 27, 32, 36, 48, 64, 72, 81, 96, 108, 162, 192, 216]]
[1215, [2, 4, 8, 12, 18, 36, 64, 81, 96, 108, 144, 162, 192, 288]]
[1216, [2, 4, 9, 16, 24, 32, 48, 54, 64, 72, 81, 96, 144, 162, 192, 216]]
[1217, [2, 4, 12, 16, 18, 24, 27, 48, 64, 72, 108, 144, 162, 192, 324]]
[1218, [3, 4, 8, 9, 12, 24, 27, 32, 36, 64, 81, 96, 108, 144, 162, 192, 216]]
[1219, [2, 3, 16, 18, 27, 36, 54, 64, 72, 81, 96, 108, 162, 192, 288]]
[1220, [2, 6, 9, 12, 18, 24, 32, 36, 54, 64, 72, 81, 96, 144, 162, 192, 216]]
[1221, [2, 6, 9, 12, 16, 24, 27, 32, 54, 64, 81, 108, 144, 162, 192, 288]]
[1222, [2, 4, 12, 16, 18, 27, 32, 48, 64, 81, 96, 108, 144, 162, 192, 216]]
[1223, [3, 4, 6, 9, 16, 24, 32, 48, 54, 64, 72, 81, 96, 144, 162, 192, 216]]
[1224, [2, 6, 8, 16, 18, 24, 27, 36, 48, 64, 72, 81, 108, 144, 162, 192, 216]]
[1225, [3, 4, 8, 12, 16, 18, 27, 32, 36, 48, 54, 64, 72, 81, 108, 162, 192, 288]]
[1226, [3, 4, 8, 9, 16, 18, 24, 27, 54, 64, 72, 81, 96, 108, 162, 192, 288]]
[1227, [2, 4, 8, 16, 32, 36, 48, 54, 64, 72, 81, 96, 144, 162, 192, 216]]
[1228, [2, 4, 16, 18, 24, 27, 32, 36, 48, 54, 64, 72, 81, 108, 162, 192, 288]]
[1229, [3, 4, 6, 12, 16, 18, 27, 32, 48, 64, 81, 96, 108, 144, 162, 192, 216]]
[1230, [2, 6, 9, 12, 16, 24, 32, 48, 54, 64, 72, 81, 96, 144, 162, 192, 216]]
[1231, [2, 6, 8, 9, 18, 24, 32, 48, 64, 72, 108, 144, 192, 216, 288]]
[1232, [2, 4, 12, 16, 18, 27, 36, 54, 64, 72, 81, 96, 108, 162, 192, 288]]
[1233, [2, 8, 9, 12, 16, 18, 24, 27, 54, 64, 72, 81, 96, 108, 162, 192, 288]]
[1234, [3, 4, 6, 8, 16, 32, 36, 48, 54, 64, 72, 81, 96, 144, 162, 192, 216]]
[1235, [3, 4, 8, 12, 16, 18, 24, 27, 36, 48, 64, 72, 81, 108, 144, 162, 192, 216]]
[1236, [2, 4, 6, 18, 27, 36, 48, 81, 96, 108, 144, 162, 216, 288]]
[1237, [2, 4, 9, 16, 27, 32, 36, 48, 64, 81, 96, 108, 144, 162, 192, 216]]
[1238, [2, 4, 9, 16, 24, 27, 36, 48, 64, 72, 96, 144, 192, 216, 288]]
[1239, [3, 4, 6, 12, 16, 18, 27, 36, 54, 64, 72, 81, 96, 108, 162, 192, 288]]
[1240, [3, 6, 8, 9, 12, 16, 18, 24, 27, 54, 64, 72, 81, 96, 108, 162, 192, 288]]
[1241, [2, 6, 8, 12, 16, 32, 36, 48, 54, 64, 72, 81, 96, 144, 162, 192, 216]]
[1242, [2, 3, 16, 24, 32, 36, 48, 54, 64, 72, 81, 96, 144, 162, 192, 216]]
[1243, [2, 4, 8, 18, 27, 32, 36, 48, 54, 72, 96, 144, 162, 216, 324]]
[1244, [2, 6, 8, 16, 18, 24, 27, 32, 48, 64, 81, 96, 108, 144, 162, 192, 216]]
[1245, [3, 4, 6, 9, 16, 24, 27, 36, 48, 64, 72, 96, 144, 192, 216, 288]]
[1246, [3, 4, 8, 9, 12, 18, 27, 48, 54, 64, 72, 81, 96, 108, 162, 192, 288]]
[1247, [2, 6, 8, 12, 16, 24, 32, 36, 64, 72, 81, 108, 144, 162, 192, 288]]
[1248, [3, 4, 8, 9, 12, 18, 27, 32, 64, 72, 81, 96, 108, 144, 162, 192, 216]]
[1249, [2, 4, 9, 18, 24, 27, 48, 54, 64, 72, 81, 96, 108, 162, 192, 288]]
[1250, [2, 6, 8, 9, 24, 27, 36, 48, 54, 64, 72, 96, 108, 192, 216, 288]]
[1251, [2, 6, 9, 12, 16, 27, 32, 36, 48, 64, 81, 96, 108, 144, 162, 192, 216]]
[1252, [2, 6, 9, 12, 16, 24, 27, 36, 48, 64, 72, 96, 144, 192, 216, 288]]
[1253, [2, 8, 9, 12, 16, 18, 27, 32, 36, 54, 64, 81, 108, 144, 162, 192, 288]]
[1254, [2, 6, 8, 16, 18, 24, 27, 36, 54, 64, 72, 81, 96, 108, 162, 192, 288]]
[1255, [3, 4, 8, 9, 16, 18, 32, 36, 48, 54, 64, 72, 81, 96, 144, 162, 192, 216]]
[1256, [3, 4, 6, 9, 18, 24, 27, 48, 54, 64, 72, 81, 96, 108, 162, 192, 288]]
[1257, [2, 6, 8, 9, 16, 24, 36, 48, 64, 96, 108, 144, 192, 216, 288]]
[1258, [3, 4, 6, 9, 18, 24, 27, 32, 64, 72, 81, 96, 108, 144, 162, 192, 216]]
[1259, [2, 3, 16, 24, 27, 32, 36, 48, 72, 81, 108, 144, 162, 216, 288]]
[1260, [2, 4, 8, 18, 27, 36, 48, 54, 64, 72, 81, 96, 108, 162, 192, 288]]
[1261, [3, 4, 8, 9, 16, 18, 24, 32, 36, 64, 72, 81, 108, 144, 162, 192, 288]]
[1262, [2, 8, 9, 12, 16, 18, 32, 36, 48, 54, 64, 72, 81, 96, 144, 162, 192, 216]]
[1263, [2, 6, 9, 12, 18, 24, 27, 48, 54, 64, 72, 81, 96, 108, 162, 192, 288]]
[1264, [2, 3, 9, 16, 27, 64, 81, 96, 108, 162, 192, 216, 288]]
[1265, [2, 6, 9, 12, 18, 24, 27, 32, 64, 72, 81, 96, 108, 144, 162, 192, 216]]
[1266, [2, 6, 9, 12, 16, 24, 27, 32, 54, 64, 72, 108, 144, 192, 216, 288]]
[1267, [3, 4, 6, 8, 18, 27, 36, 48, 54, 64, 72, 81, 96, 108, 162, 192, 288]]
[1268, [2, 8, 9, 12, 16, 18, 24, 32, 36, 64, 72, 81, 108, 144, 162, 192, 288]]
[1269, [3, 6, 8, 9, 12, 16, 18, 32, 36, 48, 54, 64, 72, 81, 96, 144, 162, 192, 216]]
[1270, [3, 4, 8, 9, 16, 24, 27, 32, 36, 48, 64, 81, 96, 108, 144, 162, 192, 216]]
[1271, [2, 3, 9, 27, 32, 36, 64, 72, 96, 108, 144, 162, 192, 324]]
[1272, [2, 6, 9, 16, 18, 24, 32, 36, 48, 54, 64, 72, 81, 96, 144, 162, 192, 216]]
[1273, [2, 4, 9, 16, 24, 27, 32, 48, 64, 81, 108, 162, 192, 216, 288]]
[1274, [2, 6, 8, 12, 18, 27, 36, 48, 54, 64, 72, 81, 96, 108, 162, 192, 288]]
[1275, [2, 3, 18, 24, 27, 36, 48, 54, 64, 72, 81, 96, 108, 162, 192, 288]]
[1276, [2, 6, 8, 12, 18, 27, 32, 36, 64, 72, 81, 96, 108, 144, 162, 192, 216]]
[1277, [2, 8, 9, 12, 16, 24, 27, 32, 36, 48, 64, 81, 96, 108, 144, 162, 192, 216]]
[1278, [2, 4, 8, 12, 27, 36, 54, 64, 81, 96, 108, 144, 162, 192, 288]]
[1279, [3, 4, 6, 8, 16, 27, 32, 48, 64, 72, 81, 96, 108, 144, 162, 192, 216]]
[1280, [2, 3, 8, 24, 36, 64, 72, 81, 96, 108, 144, 162, 192, 288]]
[1281, [3, 4, 6, 8, 24, 27, 32, 36, 48, 54, 64, 81, 108, 144, 162, 192, 288]]
[1282, [2, 3, 16, 18, 24, 36, 48, 64, 81, 96, 108, 144, 162, 192, 288]]
[1283, [3, 4, 9, 12, 16, 18, 24, 32, 36, 48, 54, 64, 72, 81, 96, 144, 162, 192, 216]]
[1284, [3, 6, 8, 9, 12, 16, 24, 27, 32, 36, 48, 64, 81, 96, 108, 144, 162, 192, 216]]
[1285, [3, 4, 6, 8, 12, 27, 36, 54, 64, 81, 96, 108, 144, 162, 192, 288]]
[1286, [2, 6, 8, 12, 16, 27, 32, 48, 64, 72, 81, 96, 108, 144, 162, 192, 216]]
[1287, [2, 3, 16, 24, 27, 32, 48, 64, 72, 81, 96, 108, 144, 162, 192, 216]]
[1288, [2, 4, 12, 18, 24, 27, 36, 48, 54, 64, 72, 81, 96, 108, 162, 192, 288]]
[1289, [2, 6, 9, 16, 18, 24, 27, 32, 36, 48, 72, 81, 108, 144, 162, 216, 288]]
[1290, [2, 4, 12, 18, 24, 27, 32, 36, 64, 72, 81, 96, 108, 144, 162, 192, 216]]
[1291, [3, 4, 6, 9, 18, 24, 32, 36, 48, 64, 72, 81, 108, 144, 162, 192, 288]]
[1292, [2, 3, 9, 27, 32, 36, 64, 72, 81, 108, 162, 192, 216, 288]]
[1293, [2, 3, 12, 24, 27, 36, 54, 64, 81, 96, 108, 144, 162, 192, 288]]
[1294, [2, 6, 8, 9, 24, 27, 32, 48, 54, 64, 72, 108, 144, 192, 216, 288]]
[1295, [3, 4, 6, 12, 18, 24, 27, 36, 48, 54, 64, 72, 81, 96, 108, 162, 192, 288]]
[1296, [3, 6, 8, 9, 12, 16, 18, 24, 32, 36, 48, 54, 64, 162, 192, 288, 324]]
[1297, [3, 4, 6, 12, 18, 24, 27, 32, 36, 64, 72, 81, 96, 108, 144, 162, 192, 216]]
[1298, [2, 6, 9, 12, 18, 24, 32, 36, 48, 64, 72, 81, 108, 144, 162, 192, 288]]
[1299, [2, 3, 9, 24, 27, 54, 64, 72, 96, 108, 144, 192, 216, 288]]
[1300, [3, 4, 8, 9, 16, 18, 27, 32, 48, 64, 72, 81, 96, 108, 144, 162, 192, 216]]
[1301, [2, 4, 9, 16, 18, 24, 48, 64, 72, 96, 108, 144, 192, 216, 288]]
[1302, [3, 4, 8, 9, 18, 24, 27, 32, 36, 48, 54, 64, 81, 108, 144, 162, 192, 288]]
[1303, [2, 3, 12, 16, 27, 36, 64, 81, 96, 108, 162, 192, 216, 288]]
[1304, [2, 4, 8, 18, 27, 32, 48, 54, 64, 72, 81, 108, 144, 162, 192, 288]]
[1305, [2, 6, 9, 12, 16, 27, 32, 36, 54, 64, 72, 81, 108, 144, 162, 192, 288]]
[1306, [3, 4, 8, 9, 12, 18, 27, 36, 54, 64, 81, 96, 108, 144, 162, 192, 288]]
[1307, [2, 8, 9, 12, 16, 18, 27, 32, 48, 64, 72, 81, 96, 108, 144, 162, 192, 216]]
[1308, [2, 6, 9, 16, 18, 24, 27, 32, 36, 54, 64, 72, 108, 144, 192, 216, 288]]
[1309, [2, 8, 9, 12, 18, 24, 27, 32, 36, 48, 54, 64, 81, 108, 144, 162, 192, 288]]
[1310, [2, 6, 8, 9, 18, 24, 36, 64, 72, 81, 96, 108, 144, 162, 192, 288]]
[1311, [3, 4, 6, 8, 18, 27, 32, 48, 54, 64, 72, 81, 108, 144, 162, 192, 288]]
[1312, [3, 4, 8, 9, 16, 18, 24, 27, 36, 72, 81, 96, 108, 144, 162, 216, 288]]
[1313, [2, 6, 8, 9, 12, 36, 48, 54, 64, 72, 108, 162, 192, 216, 324]]
[1314, [3, 6, 8, 9, 12, 16, 18, 27, 32, 48, 64, 72, 81, 96, 108, 144, 162, 192, 216]]
[1315, [2, 6, 9, 12, 16, 18, 24, 48, 64, 72, 96, 108, 144, 192, 216, 288]]
[1316, [3, 6, 8, 9, 12, 18, 24, 27, 32, 36, 48, 54, 64, 81, 108, 144, 162, 192, 288]]
[1317, [2, 6, 9, 16, 18, 24, 27, 32, 48, 64, 72, 81, 96, 108, 144, 162, 192, 216]]
[1318, [2, 6, 8, 12, 18, 27, 32, 48, 54, 64, 72, 81, 108, 144, 162, 192, 288]]
[1319, [2, 3, 18, 24, 27, 32, 48, 54, 64, 72, 81, 108, 144, 162, 192, 288]]
[1320, [2, 6, 8, 9, 16, 24, 48, 64, 72, 81, 96, 108, 144, 162, 192, 288]]
[1321, [3, 4, 8, 9, 12, 18, 24, 36, 64, 72, 81, 96, 108, 144, 162, 192, 288]]
[1322, [2, 4, 9, 16, 24, 27, 36, 48, 54, 64, 144, 162, 192, 216, 324]]
[1323, [2, 6, 9, 12, 18, 24, 27, 36, 54, 64, 81, 96, 108, 144, 162, 192, 288]]
[1324, [3, 4, 8, 9, 16, 24, 27, 32, 36, 54, 64, 72, 81, 108, 144, 162, 192, 288]]
[1325, [2, 4, 12, 16, 18, 27, 36, 48, 54, 64, 96, 108, 144, 192, 216, 288]]
[1326, [3, 4, 6, 9, 16, 24, 27, 48, 54, 64, 81, 96, 108, 144, 162, 192, 288]]
[1327, [2, 3, 16, 18, 24, 36, 48, 64, 72, 96, 108, 144, 192, 216, 288]]
[1328, [3, 4, 9, 12, 16, 18, 24, 27, 32, 48, 64, 72, 81, 96, 108, 144, 162, 192, 216]]
[1329, [2, 6, 9, 16, 18, 24, 27, 32, 36, 48, 64, 81, 108, 162, 192, 216, 288]]
[1330, [2, 4, 8, 16, 27, 36, 48, 54, 64, 81, 96, 108, 144, 162, 192, 288]]
[1331, [2, 8, 9, 12, 16, 24, 27, 32, 36, 54, 64, 72, 81, 108, 144, 162, 192, 288]]
[1332, [2, 4, 12, 18, 24, 27, 32, 48, 54, 64, 72, 81, 108, 144, 162, 192, 288]]
[1333, [2, 6, 8, 9, 27, 32, 36, 48, 54, 64, 72, 81, 108, 144, 162, 192, 288]]
[1334, [1, 36, 54, 64, 81, 96, 144, 162, 192, 216, 288]]
[1335, [2, 4, 9, 18, 24, 27, 36, 48, 72, 81, 96, 108, 144, 162, 216, 288]]
[1336, [2, 4, 9, 16, 27, 32, 36, 48, 64, 72, 96, 108, 144, 162, 192, 324]]
[1337, [3, 4, 6, 8, 16, 27, 36, 48, 54, 64, 81, 96, 108, 144, 162, 192, 288]]
[1338, [3, 6, 8, 9, 12, 16, 24, 27, 32, 36, 54, 64, 72, 81, 108, 144, 162, 192, 288]]
[1339, [3, 4, 8, 12, 16, 18, 27, 32, 36, 48, 64, 72, 81, 96, 108, 144, 162, 192, 216]]
[1340, [2, 4, 9, 16, 18, 36, 48, 64, 72, 81, 96, 108, 144, 162, 192, 288]]
[1341, [2, 4, 6, 18, 27, 32, 54, 64, 96, 144, 162, 192, 216, 324]]
[1342, [2, 4, 16, 18, 24, 27, 32, 36, 48, 64, 72, 81, 96, 108, 144, 162, 192, 216]]
[1343, [2, 4, 8, 12, 32, 36, 48, 54, 64, 81, 144, 162, 192, 216, 288]]
[1344, [3, 4, 8, 9, 12, 27, 32, 36, 48, 54, 64, 72, 81, 108, 144, 162, 192, 288]]
[1345, [2, 3, 16, 24, 27, 36, 48, 54, 64, 81, 96, 108, 144, 162, 192, 288]]
[1346, [3, 4, 8, 9, 12, 18, 32, 36, 48, 54, 72, 96, 108, 144, 162, 216, 324]]
[1347, [2, 4, 9, 24, 27, 32, 36, 48, 54, 64, 72, 81, 108, 144, 162, 192, 288]]
[1348, [2, 6, 8, 9, 18, 27, 32, 36, 64, 72, 108, 162, 192, 288, 324]]
[1349, [3, 4, 6, 16, 18, 24, 27, 32, 36, 48, 64, 72, 81, 96, 108, 144, 162, 192, 216]]
[1350, [2, 6, 8, 9, 16, 27, 48, 54, 64, 72, 96, 108, 144, 192, 216, 288]]
[1351, [3, 4, 6, 8, 18, 24, 27, 54, 64, 72, 81, 96, 108, 144, 162, 192, 288]]
[1352, [3, 4, 6, 8, 16, 24, 36, 48, 64, 72, 81, 96, 108, 144, 162, 192, 288]]
[1353, [2, 4, 6, 24, 32, 36, 48, 54, 64, 81, 144, 162, 192, 216, 288]]
[1354, [3, 4, 6, 9, 24, 27, 32, 36, 48, 54, 64, 72, 81, 108, 144, 162, 192, 288]]
[1355, [2, 6, 8, 16, 18, 24, 27, 32, 36, 48, 64, 108, 162, 192, 288, 324]]
[1356, [2, 6, 12, 16, 18, 24, 27, 32, 36, 48, 64, 72, 81, 96, 108, 144, 162, 192, 216]]
[1357, [2, 4, 9, 16, 27, 32, 36, 48, 64, 72, 81, 108, 162, 192, 216, 288]]
[1358, [3, 4, 8, 9, 16, 18, 27, 36, 48, 54, 64, 81, 96, 108, 144, 162, 192, 288]]
[1359, [2, 6, 8, 12, 16, 24, 36, 48, 64, 72, 81, 96, 108, 144, 162, 192, 288]]
[1360, [2, 6, 8, 9, 18, 32, 36, 48, 54, 64, 81, 144, 162, 192, 216, 288]]
[1361, [2, 6, 9, 12, 24, 27, 32, 36, 48, 54, 64, 72, 81, 108, 144, 162, 192, 288]]
[1362, [2, 3, 9, 12, 54, 64, 72, 108, 144, 162, 192, 216, 324]]
[1363, [2, 4, 9, 16, 18, 27, 32, 64, 81, 108, 144, 162, 192, 216, 288]]
[1364, [2, 4, 9, 16, 24, 27, 48, 54, 64, 72, 96, 108, 144, 192, 216, 288]]
[1365, [2, 8, 9, 12, 16, 18, 27, 36, 48, 54, 64, 81, 96, 108, 144, 162, 192, 288]]
[1366, [3, 6, 8, 9, 12, 16, 18, 24, 27, 36, 64, 81, 96, 108, 162, 192, 216, 288]]
[1367, [2, 6, 8, 12, 16, 18, 32, 54, 64, 72, 81, 144, 162, 192, 216, 288]]
[1368, [2, 6, 9, 12, 18, 24, 27, 36, 54, 64, 72, 96, 108, 144, 192, 216, 288]]
[1369, [2, 3, 16, 18, 24, 27, 64, 72, 81, 96, 108, 162, 192, 216, 288]]
[1370, [2, 3, 8, 24, 36, 54, 64, 81, 96, 144, 162, 192, 216, 288]]
[1371, [3, 4, 6, 9, 16, 24, 27, 48, 54, 64, 72, 96, 108, 144, 192, 216, 288]]
[1372, [3, 6, 8, 9, 12, 16, 18, 27, 36, 48, 54, 64, 81, 96, 108, 144, 162, 192, 288]]
[1373, [3, 4, 8, 9, 16, 18, 24, 36, 48, 64, 72, 81, 96, 108, 144, 162, 192, 288]]
[1374, [2, 4, 9, 18, 24, 32, 36, 48, 54, 64, 81, 144, 162, 192, 216, 288]]
[1375, [2, 6, 9, 16, 18, 24, 27, 36, 48, 54, 64, 81, 96, 108, 144, 162, 192, 288]]
[1376, [2, 8, 9, 12, 16, 24, 27, 32, 36, 48, 64, 72, 96, 108, 144, 162, 192, 324]]
[1377, [2, 6, 9, 12, 16, 18, 27, 32, 64, 81, 108, 144, 162, 192, 216, 288]]
[1378, [2, 6, 9, 12, 16, 24, 27, 48, 54, 64, 72, 96, 108, 144, 192, 216, 288]]
[1379, [2, 6, 8, 12, 18, 24, 36, 48, 54, 64, 72, 81, 96, 162, 192, 216, 288]]
[1380, [2, 8, 9, 12, 16, 18, 24, 36, 48, 64, 72, 81, 96, 108, 144, 162, 192, 288]]
[1381, [3, 4, 6, 9, 18, 24, 32, 36, 48, 54, 64, 81, 144, 162, 192, 216, 288]]
[1382, [3, 4, 6, 8, 16, 27, 36, 48, 54, 64, 72, 96, 108, 144, 192, 216, 288]]
[1383, [2, 6, 8, 9, 16, 27, 36, 64, 72, 81, 96, 108, 162, 192, 216, 288]]
[1384, [3, 4, 8, 9, 12, 24, 27, 36, 54, 64, 72, 81, 96, 108, 144, 162, 192, 288]]
[1385, [3, 4, 6, 9, 12, 18, 36, 54, 64, 81, 96, 144, 162, 192, 216, 288]]
[1386, [3, 4, 9, 12, 16, 18, 24, 27, 36, 48, 54, 64, 81, 96, 108, 144, 162, 192, 288]]
[1387, [3, 6, 8, 9, 12, 16, 18, 24, 36, 48, 64, 72, 81, 96, 108, 144, 162, 192, 288]]
[1388, [2, 4, 12, 16, 18, 27, 48, 54, 64, 72, 81, 96, 108, 144, 162, 192, 288]]
[1389, [2, 6, 8, 12, 16, 27, 36, 48, 54, 64, 72, 96, 108, 144, 192, 216, 288]]
[1390, [2, 3, 16, 24, 27, 36, 48, 54, 64, 72, 96, 108, 144, 192, 216, 288]]
[1391, [2, 4, 12, 16, 18, 27, 36, 48, 54, 64, 72, 144, 162, 192, 216, 324]]
[1392, [2, 8, 9, 12, 16, 18, 24, 27, 48, 54, 64, 72, 144, 162, 192, 216, 324]]
[1393, [3, 4, 8, 9, 12, 16, 32, 36, 54, 64, 72, 81, 144, 162, 192, 216, 288]]
[1394, [3, 4, 8, 9, 12, 16, 27, 36, 64, 72, 81, 96, 108, 162, 192, 216, 288]]
[1395, [3, 4, 6, 12, 16, 18, 27, 48, 54, 64, 72, 81, 96, 108, 144, 162, 192, 288]]
[1396, [2, 4, 9, 16, 24, 32, 36, 54, 64, 72, 81, 144, 162, 192, 216, 288]]
[1397, [2, 8, 9, 12, 16, 24, 27, 32, 36, 48, 64, 72, 81, 108, 162, 192, 216, 288]]
[1398, [2, 4, 6, 24, 27, 32, 48, 64, 81, 108, 144, 162, 192, 216, 288]]
[1399, [3, 6, 8, 9, 12, 16, 18, 24, 27, 48, 54, 64, 72, 144, 162, 192, 216, 324]]
[1400, [2, 6, 8, 9, 18, 24, 36, 54, 64, 81, 96, 144, 162, 192, 216, 288]]
[1401, [2, 4, 8, 18, 24, 27, 36, 48, 64, 96, 108, 162, 192, 288, 324]]
[1402, [2, 4, 12, 16, 18, 27, 32, 36, 64, 81, 108, 144, 162, 192, 216, 288]]
[1403, [2, 4, 9, 16, 27, 36, 48, 54, 64, 72, 81, 96, 108, 144, 162, 192, 288]]
[1404, [3, 6, 8, 9, 12, 16, 24, 27, 32, 36, 48, 64, 72, 81, 108, 162, 192, 216, 288]]
[1405, [2, 6, 8, 9, 18, 27, 32, 48, 64, 81, 108, 144, 162, 192, 216, 288]]
[1406, [2, 3, 9, 18, 24, 48, 72, 96, 144, 162, 216, 288, 324]]
[1407, [3, 4, 8, 9, 12, 24, 27, 32, 36, 54, 64, 96, 144, 162, 192, 216, 324]]
[1408, [3, 4, 8, 9, 12, 16, 32, 36, 54, 64, 72, 96, 108, 162, 192, 216, 324]]
[1409, [2, 4, 8, 18, 24, 32, 48, 54, 64, 72, 81, 144, 162, 192, 216, 288]]
[1410, [2, 6, 8, 16, 18, 24, 27, 48, 54, 64, 72, 81, 96, 108, 144, 162, 192, 288]]
[1411, [2, 6, 9, 12, 16, 24, 27, 36, 64, 72, 81, 96, 108, 162, 192, 216, 288]]
[1412, [2, 6, 8, 12, 16, 18, 32, 48, 64, 72, 96, 144, 162, 192, 216, 324]]
[1413, [2, 4, 8, 12, 18, 54, 64, 72, 81, 96, 144, 162, 192, 216, 288]]
[1414, [2, 3, 12, 16, 36, 48, 54, 64, 81, 96, 144, 162, 192, 216, 288]]
[1415, [2, 3, 8, 24, 27, 64, 81, 96, 108, 144, 162, 192, 216, 288]]
[1416, [3, 4, 6, 8, 18, 24, 32, 48, 54, 64, 72, 81, 144, 162, 192, 216, 288]]
[1417, [2, 6, 9, 12, 16, 27, 36, 48, 54, 64, 72, 81, 96, 108, 144, 162, 192, 288]]
[1418, [3, 4, 6, 9, 16, 24, 32, 36, 54, 64, 72, 96, 108, 162, 192, 216, 324]]
[1419, [2, 4, 9, 18, 24, 27, 32, 48, 64, 81, 108, 144, 162, 192, 216, 288]]
[1420, [2, 6, 9, 16, 18, 24, 27, 36, 48, 54, 64, 72, 96, 108, 144, 192, 216, 288]]
[1421, [3, 4, 8, 12, 16, 18, 24, 27, 48, 54, 64, 72, 81, 96, 108, 144, 162, 192, 288]]
[1422, [2, 4, 8, 12, 24, 36, 54, 64, 72, 108, 144, 162, 192, 216, 324]]
[1423, [2, 6, 8, 12, 18, 24, 32, 48, 54, 64, 72, 81, 144, 162, 192, 216, 288]]
[1424, [2, 6, 8, 12, 18, 24, 27, 48, 64, 72, 81, 96, 108, 162, 192, 216, 288]]
[1425, [2, 6, 9, 12, 16, 24, 32, 36, 54, 64, 72, 96, 108, 162, 192, 216, 324]]
[1426, [3, 4, 6, 9, 18, 24, 27, 32, 48, 64, 81, 108, 144, 162, 192, 216, 288]]
[1427, [2, 6, 8, 9, 16, 27, 32, 64, 72, 81, 108, 144, 162, 192, 216, 288]]
[1428, [2, 3, 12, 18, 24, 54, 64, 72, 81, 96, 144, 162, 192, 216, 288]]
[1429, [3, 4, 6, 8, 12, 24, 36, 54, 64, 72, 108, 144, 162, 192, 216, 324]]
[1430, [2, 4, 9, 16, 18, 36, 48, 54, 64, 81, 96, 144, 162, 192, 216, 288]]
[1431, [3, 4, 9, 12, 16, 18, 24, 27, 36, 48, 54, 64, 72, 96, 108, 144, 192, 216, 288]]
[1432, [2, 6, 9, 12, 16, 18, 27, 36, 64, 72, 96, 108, 162, 192, 288, 324]]
[1433, [2, 6, 9, 12, 18, 24, 27, 32, 48, 64, 81, 108, 144, 162, 192, 216, 288]]
[1434, [3, 4, 6, 9, 12, 16, 48, 54, 64, 72, 108, 144, 162, 192, 216, 324]]
[1435, [2, 4, 8, 16, 24, 36, 48, 54, 64, 81, 96, 144, 162, 192, 216, 288]]
[1436, [3, 4, 8, 9, 16, 24, 27, 36, 48, 54, 64, 72, 81, 96, 108, 144, 162, 192, 288]]
[1437, [3, 4, 6, 9, 16, 18, 36, 48, 54, 64, 81, 96, 144, 162, 192, 216, 288]]
[1438, [2, 6, 8, 9, 24, 32, 36, 48, 54, 64, 72, 81, 144, 162, 192, 216, 288]]
[1439, [2, 6, 8, 9, 24, 27, 36, 48, 64, 72, 81, 96, 108, 162, 192, 216, 288]]
[1440, [2, 6, 9, 12, 16, 27, 32, 36, 48, 54, 64, 96, 144, 162, 192, 216, 324]]
[1441, [2, 4, 9, 16, 24, 27, 32, 64, 72, 81, 108, 144, 162, 192, 216, 288]]
[1442, [3, 4, 6, 8, 16, 24, 36, 48, 54, 64, 81, 96, 144, 162, 192, 216, 288]]
[1443, [2, 8, 9, 12, 16, 24, 27, 36, 48, 54, 64, 72, 81, 96, 108, 144, 162, 192, 288]]
[1444, [2, 6, 9, 12, 16, 18, 36, 48, 54, 64, 81, 96, 144, 162, 192, 216, 288]]
[1445, [2, 3, 18, 24, 27, 32, 36, 48, 64, 81, 108, 144, 162, 192, 216, 288]]
[1446, [2, 6, 9, 12, 16, 24, 27, 32, 36, 64, 108, 144, 162, 192, 288, 324]]
[1447, [3, 4, 6, 9, 18, 24, 27, 32, 54, 64, 72, 96, 144, 162, 192, 216, 324]]
[1448, [3, 4, 6, 9, 16, 24, 27, 32, 64, 72, 81, 108, 144, 162, 192, 216, 288]]
[1449, [3, 4, 8, 9, 12, 24, 32, 36, 48, 54, 64, 72, 81, 144, 162, 192, 216, 288]]
[1450, [3, 6, 8, 9, 12, 16, 24, 27, 36, 48, 54, 64, 72, 81, 96, 108, 144, 162, 192, 288]]
[1451, [2, 4, 8, 18, 27, 32, 36, 54, 64, 72, 96, 144, 162, 192, 216, 324]]
[1452, [2, 4, 8, 16, 27, 32, 36, 64, 72, 81, 108, 144, 162, 192, 216, 288]]
[1453, [2, 6, 8, 9, 24, 32, 36, 48, 54, 64, 72, 96, 108, 162, 192, 216, 324]]
[1454, [2, 4, 6, 16, 27, 48, 64, 81, 96, 108, 144, 162, 192, 216, 288]]
[1455, [2, 6, 9, 12, 16, 24, 27, 32, 64, 72, 81, 108, 144, 162, 192, 216, 288]]
[1456, [2, 4, 9, 12, 24, 36, 54, 64, 72, 81, 96, 144, 162, 192, 216, 288]]
[1457, [2, 8, 9, 12, 16, 18, 24, 32, 36, 54, 64, 72, 144, 162, 192, 288, 324]]
[1458, [2, 4, 12, 18, 24, 27, 32, 36, 48, 64, 81, 108, 144, 162, 192, 216, 288]]
[1459, [3, 4, 6, 8, 16, 27, 32, 36, 64, 72, 81, 108, 144, 162, 192, 216, 288]]
[1460, [3, 4, 8, 9, 12, 16, 24, 48, 54, 64, 72, 108, 144, 162, 192, 216, 324]]
[1461, [2, 4, 9, 12, 27, 32, 48, 64, 72, 81, 108, 144, 162, 192, 216, 288]]
[1462, [2, 4, 9, 16, 18, 27, 32, 64, 72, 108, 144, 162, 192, 288, 324]]
[1463, [3, 4, 8, 9, 16, 18, 24, 36, 48, 54, 64, 81, 96, 144, 162, 192, 216, 288]]
[1464, [3, 4, 8, 9, 12, 24, 32, 36, 48, 54, 64, 72, 96, 108, 162, 192, 216, 324]]
[1465, [2, 4, 8, 16, 18, 48, 54, 64, 72, 81, 96, 144, 162, 192, 216, 288]]
[1466, [2, 6, 8, 12, 16, 27, 32, 36, 64, 72, 81, 108, 144, 162, 192, 216, 288]]
[1467, [2, 3, 16, 24, 27, 32, 36, 64, 72, 81, 108, 144, 162, 192, 216, 288]]
[1468, [3, 4, 6, 9, 12, 27, 32, 48, 64, 72, 81, 108, 144, 162, 192, 216, 288]]
[1469, [2, 4, 9, 16, 18, 36, 48, 54, 64, 72, 108, 144, 162, 192, 216, 324]]
[1470, [2, 8, 9, 12, 16, 18, 24, 36, 48, 54, 64, 81, 96, 144, 162, 192, 216, 288]]
[1471, [3, 4, 8, 9, 12, 18, 27, 36, 48, 64, 72, 96, 108, 162, 192, 288, 324]]
[1472, [3, 4, 6, 8, 16, 18, 48, 54, 64, 72, 81, 96, 144, 162, 192, 216, 288]]
[1473, [2, 4, 8, 9, 27, 64, 72, 81, 96, 108, 144, 162, 192, 216, 288]]
[1474, [2, 4, 8, 16, 24, 36, 48, 54, 64, 72, 108, 144, 162, 192, 216, 324]]
[1475, [2, 4, 9, 16, 18, 27, 48, 64, 81, 96, 108, 144, 162, 192, 216, 288]]
[1476, [2, 3, 16, 24, 27, 32, 48, 54, 64, 72, 96, 144, 162, 192, 216, 324]]
[1477, [3, 6, 8, 9, 12, 16, 18, 24, 36, 48, 54, 64, 81, 96, 144, 162, 192, 216, 288]]
[1478, [2, 6, 8, 9, 12, 27, 36, 64, 96, 108, 144, 162, 192, 288, 324]]
[1479, [2, 6, 8, 12, 16, 18, 48, 54, 64, 72, 81, 96, 144, 162, 192, 216, 288]]
[1480, [2, 3, 16, 18, 24, 48, 54, 64, 72, 81, 96, 144, 162, 192, 216, 288]]
[1481, [3, 4, 6, 8, 16, 24, 36, 48, 54, 64, 72, 108, 144, 162, 192, 216, 324]]
[1482, [2, 4, 6, 27, 32, 36, 48, 64, 72, 81, 108, 144, 162, 192, 216, 288]]
[1483, [2, 6, 8, 9, 24, 27, 32, 48, 64, 72, 81, 108, 144, 162, 192, 216, 288]]
[1484, [2, 6, 8, 12, 18, 24, 27, 36, 64, 81, 96, 108, 144, 162, 192, 216, 288]]
[1485, [3, 4, 8, 9, 12, 24, 27, 32, 36, 48, 64, 108, 144, 162, 192, 288, 324]]
[1486, [3, 4, 6, 12, 18, 24, 27, 32, 36, 54, 64, 72, 96, 144, 162, 192, 216, 324]]
[1487, [2, 8, 9, 12, 16, 18, 27, 32, 36, 64, 72, 81, 108, 144, 162, 192, 216, 288]]
[1488, [2, 3, 9, 24, 27, 64, 72, 81, 96, 108, 144, 162, 192, 216, 288]]
[1489, [2, 6, 9, 12, 16, 18, 27, 48, 64, 81, 96, 108, 144, 162, 192, 216, 288]]
[1490, [3, 4, 6, 9, 16, 18, 32, 36, 48, 64, 72, 162, 192, 216, 288, 324]]
[1491, [3, 4, 6, 8, 18, 24, 32, 36, 54, 64, 96, 108, 144, 162, 192, 216, 324]]
[1492, [2, 4, 9, 12, 24, 27, 36, 64, 96, 108, 144, 162, 192, 288, 324]]
[1493, [2, 4, 12, 16, 18, 24, 48, 54, 64, 72, 81, 96, 144, 162, 192, 216, 288]]
[1494, [2, 6, 8, 9, 16, 36, 48, 54, 64, 72, 81, 96, 144, 162, 192, 216, 288]]
[1495, [3, 4, 8, 9, 16, 18, 24, 27, 32, 64, 72, 108, 144, 162, 192, 288, 324]]
[1496, [2, 8, 9, 12, 16, 18, 27, 32, 48, 54, 64, 72, 96, 144, 162, 192, 216, 324]]
[1497, [2, 6, 9, 16, 18, 24, 27, 32, 36, 64, 72, 81, 108, 144, 162, 192, 216, 288]]
[1498, [2, 6, 8, 12, 18, 24, 32, 36, 54, 64, 96, 108, 144, 162, 192, 216, 324]]
[1499, [2, 3, 8, 27, 36, 64, 72, 81, 96, 108, 144, 162, 192, 216, 288]]
[1500, [3, 4, 6, 12, 16, 18, 24, 48, 54, 64, 72, 81, 96, 144, 162, 192, 216, 288]]
[1501, [2, 3, 16, 18, 27, 36, 48, 64, 81, 96, 108, 144, 162, 192, 216, 288]]
[1502, [3, 4, 8, 9, 16, 18, 24, 36, 48, 54, 64, 72, 108, 144, 162, 192, 216, 324]]
[1503, [2, 4, 9, 18, 27, 32, 36, 48, 64, 72, 81, 108, 144, 162, 192, 216, 288]]
[1504, [2, 6, 8, 9, 18, 27, 32, 48, 64, 72, 108, 144, 162, 192, 288, 324]]
[1505, [3, 4, 8, 9, 12, 16, 36, 48, 54, 64, 72, 81, 96, 144, 162, 192, 216, 288]]
[1506, [2, 6, 9, 16, 18, 24, 27, 32, 48, 54, 64, 72, 96, 144, 162, 192, 216, 324]]
[1507, [2, 3, 12, 16, 24, 36, 64, 72, 96, 162, 192, 216, 288, 324]]
[1508, [2, 4, 9, 16, 24, 36, 48, 54, 64, 72, 81, 96, 144, 162, 192, 216, 288]]
[1509, [2, 8, 9, 12, 16, 18, 24, 36, 48, 54, 64, 72, 108, 144, 162, 192, 216, 324]]
[1510, [3, 4, 6, 9, 18, 27, 32, 36, 48, 64, 72, 81, 108, 144, 162, 192, 216, 288]]
[1511, [2, 3, 16, 18, 24, 32, 48, 54, 72, 108, 144, 162, 216, 288, 324]]
[1512, [2, 4, 8, 12, 27, 36, 64, 72, 81, 96, 108, 144, 162, 192, 216, 288]]
[1513, [2, 3, 8, 32, 36, 54, 64, 72, 96, 108, 144, 162, 192, 216, 324]]
[1514, [2, 4, 12, 16, 18, 27, 36, 48, 64, 81, 96, 108, 144, 162, 192, 216, 288]]
[1515, [3, 4, 6, 9, 16, 24, 36, 48, 54, 64, 72, 81, 96, 144, 162, 192, 216, 288]]
[1516, [3, 6, 8, 9, 12, 16, 18, 24, 36, 48, 54, 64, 72, 108, 144, 162, 192, 216, 324]]
[1517, [2, 6, 9, 12, 18, 27, 32, 36, 48, 64, 72, 81, 108, 144, 162, 192, 216, 288]]
[1518, [2, 4, 9, 18, 24, 27, 32, 48, 64, 72, 108, 144, 162, 192, 288, 324]]
[1519, [3, 4, 6, 8, 12, 27, 36, 64, 72, 81, 96, 108, 144, 162, 192, 216, 288]]
[1520, [3, 4, 8, 9, 12, 16, 24, 48, 54, 64, 72, 96, 144, 162, 192, 288, 324]]
[1521, [3, 4, 6, 12, 16, 18, 27, 36, 48, 64, 81, 96, 108, 144, 162, 192, 216, 288]]
[1522, [2, 6, 9, 12, 16, 24, 36, 48, 54, 64, 72, 81, 96, 144, 162, 192, 216, 288]]
[1523, [2, 6, 8, 16, 18, 24, 27, 32, 36, 64, 72, 108, 144, 162, 192, 288, 324]]
[1524, [2, 4, 9, 18, 24, 27, 36, 48, 54, 72, 96, 144, 162, 216, 288, 324]]
[1525, [3, 4, 6, 9, 18, 24, 27, 32, 48, 64, 72, 108, 144, 162, 192, 288, 324]]
[1526, [2, 4, 8, 12, 32, 36, 54, 64, 72, 96, 108, 144, 162, 192, 216, 324]]
[1527, [2, 3, 12, 24, 27, 36, 64, 72, 81, 96, 108, 144, 162, 192, 216, 288]]
[1528, [3, 4, 8, 12, 16, 18, 27, 32, 36, 48, 54, 64, 72, 96, 144, 162, 192, 216, 324]]
[1529, [2, 6, 8, 9, 18, 27, 36, 64, 72, 81, 96, 108, 144, 162, 192, 216, 288]]
[1530, [2, 6, 8, 9, 16, 27, 36, 48, 64, 96, 108, 144, 162, 192, 288, 324]]
[1531, [2, 4, 16, 18, 24, 27, 32, 36, 48, 54, 64, 72, 96, 144, 162, 192, 216, 324]]
[1532, [2, 6, 9, 12, 18, 24, 27, 32, 48, 64, 72, 108, 144, 162, 192, 288, 324]]
[1533, [3, 4, 6, 8, 12, 32, 36, 54, 64, 72, 96, 108, 144, 162, 192, 216, 324]]
[1534, [2, 4, 8, 16, 24, 36, 48, 54, 64, 72, 96, 144, 162, 192, 288, 324]]
[1535, [3, 4, 6, 12, 16, 18, 32, 36, 48, 54, 64, 96, 108, 144, 162, 192, 216, 324]]
[1536, [3, 4, 8, 9, 18, 24, 27, 32, 36, 48, 64, 72, 81, 108, 144, 162, 192, 216, 288]]
[1537, [2, 6, 9, 12, 16, 18, 24, 36, 64, 72, 96, 162, 192, 216, 288, 324]]
[1538, [3, 4, 6, 16, 18, 24, 27, 32, 36, 48, 54, 64, 72, 96, 144, 162, 192, 216, 324]]
[1539, [2, 6, 8, 9, 16, 27, 48, 64, 72, 81, 96, 108, 144, 162, 192, 216, 288]]
[1540, [3, 4, 8, 9, 12, 18, 27, 36, 64, 72, 81, 96, 108, 144, 162, 192, 216, 288]]
[1541, [2, 3, 12, 24, 32, 36, 54, 64, 72, 96, 108, 144, 162, 192, 216, 324]]
[1542, [3, 4, 8, 9, 12, 18, 27, 48, 54, 64, 81, 96, 108, 128, 144, 162, 192, 384]]
[1543, [2, 8, 9, 12, 18, 24, 27, 32, 36, 48, 64, 72, 81, 108, 144, 162, 192, 216, 288]]
[1544, [2, 3, 18, 24, 27, 32, 36, 48, 64, 72, 108, 144, 162, 192, 288, 324]]
[1545, [2, 6, 12, 16, 18, 24, 27, 32, 36, 48, 54, 64, 72, 96, 144, 162, 192, 216, 324]]
[1546, [3, 4, 6, 9, 16, 24, 32, 36, 48, 54, 72, 108, 144, 162, 216, 288, 324]]
[1547, [3, 4, 8, 12, 16, 18, 24, 27, 36, 48, 64, 81, 96, 108, 144, 162, 192, 216, 288]]
[1548, [2, 6, 8, 12, 16, 24, 36, 48, 54, 64, 72, 96, 144, 162, 192, 288, 324]]
[1549, [2, 3, 8, 24, 32, 54, 64, 72, 108, 162, 192, 216, 288, 324]]
[1550, [3, 6, 8, 9, 12, 18, 24, 27, 32, 36, 48, 64, 72, 81, 108, 144, 162, 192, 216, 288]]
[1551, [3, 4, 6, 9, 16, 24, 27, 36, 48, 64, 96, 108, 144, 162, 192, 288, 324]]
[1552, [2, 4, 9, 16, 18, 27, 32, 54, 64, 144, 162, 192, 216, 288, 324]]
[1553, [2, 4, 9, 16, 24, 27, 48, 64, 72, 81, 96, 108, 144, 162, 192, 216, 288]]
[1554, [3, 4, 8, 9, 12, 18, 32, 36, 54, 64, 72, 96, 108, 144, 162, 192, 216, 324]]
[1555, [3, 4, 8, 9, 12, 18, 24, 27, 64, 72, 96, 108, 144, 162, 192, 288, 324]]
[1556, [2, 4, 8, 12, 18, 48, 54, 72, 96, 108, 144, 162, 216, 288, 324]]
[1557, [2, 6, 9, 12, 18, 24, 27, 36, 64, 72, 81, 96, 108, 144, 162, 192, 216, 288]]
[1558, [2, 6, 9, 12, 16, 24, 27, 36, 48, 64, 96, 108, 144, 162, 192, 288, 324]]
[1559, [3, 4, 6, 9, 16, 18, 27, 32, 54, 64, 144, 162, 192, 216, 288, 324]]
[1560, [3, 4, 6, 9, 16, 24, 27, 48, 64, 72, 81, 96, 108, 144, 162, 192, 216, 288]]
[1561, [3, 4, 8, 12, 16, 18, 24, 32, 36, 48, 54, 64, 96, 108, 144, 162, 192, 216, 324]]
[1562, [3, 4, 8, 9, 16, 18, 24, 36, 48, 54, 64, 72, 96, 144, 162, 192, 288, 324]]
[1563, [3, 4, 6, 8, 12, 18, 48, 54, 72, 96, 108, 144, 162, 216, 288, 324]]
[1564, [2, 4, 8, 16, 27, 36, 48, 64, 72, 81, 96, 108, 144, 162, 192, 216, 288]]
[1565, [2, 6, 8, 9, 16, 24, 36, 54, 72, 96, 108, 144, 162, 216, 288, 324]]
[1566, [2, 4, 6, 18, 24, 48, 54, 72, 96, 108, 144, 162, 216, 288, 324]]
[1567, [2, 6, 9, 12, 16, 24, 27, 48, 64, 72, 81, 96, 108, 144, 162, 192, 216, 288]]
[1568, [1, 27, 54, 64, 96, 144, 162, 192, 216, 288, 324]]
[1569, [2, 8, 9, 12, 16, 18, 24, 36, 48, 54, 64, 72, 96, 144, 162, 192, 288, 324]]
[1570, [2, 3, 9, 16, 36, 54, 64, 96, 108, 162, 192, 216, 288, 324]]
[1571, [3, 4, 6, 8, 16, 27, 36, 48, 64, 72, 81, 96, 108, 144, 162, 192, 216, 288]]
[1572, [2, 6, 8, 9, 16, 27, 36, 54, 64, 72, 96, 162, 192, 216, 288, 324]]
[1573, [2, 4, 6, 18, 27, 48, 54, 64, 72, 96, 162, 192, 216, 288, 324]]
[1574, [3, 4, 6, 9, 16, 24, 32, 48, 54, 64, 72, 96, 108, 144, 162, 192, 216, 324]]
[1575, [3, 4, 8, 12, 16, 18, 24, 27, 32, 36, 64, 81, 96, 128, 162, 192, 288, 384]]
[1576, [3, 6, 8, 9, 12, 16, 18, 24, 36, 48, 54, 64, 72, 96, 144, 162, 192, 288, 324]]
[1577, [2, 4, 8, 12, 27, 32, 48, 54, 64, 144, 162, 192, 216, 288, 324]]
[1578, [2, 6, 8, 12, 16, 27, 36, 48, 64, 72, 81, 96, 108, 144, 162, 192, 216, 288]]
[1579, [2, 3, 16, 24, 27, 36, 48, 64, 72, 81, 96, 108, 144, 162, 192, 216, 288]]
[1580, [2, 4, 6, 16, 18, 48, 64, 96, 144, 162, 192, 216, 288, 324]]
[1581, [2, 6, 9, 12, 16, 24, 32, 48, 54, 64, 72, 96, 108, 144, 162, 192, 216, 324]]
[1582, [2, 4, 8, 18, 24, 32, 36, 54, 64, 96, 108, 128, 144, 192, 288, 384]]
[1583, [2, 6, 8, 12, 18, 24, 27, 36, 64, 72, 96, 108, 144, 162, 192, 288, 324]]
[1584, [3, 4, 6, 8, 12, 27, 32, 48, 54, 64, 144, 162, 192, 216, 288, 324]]
[1585, [3, 4, 6, 8, 16, 32, 36, 48, 54, 64, 72, 96, 108, 144, 162, 192, 216, 324]]
[1586, [3, 4, 6, 8, 16, 24, 27, 48, 64, 72, 96, 108, 144, 162, 192, 288, 324]]
[1587, [2, 4, 6, 24, 27, 32, 48, 54, 64, 144, 162, 192, 216, 288, 324]]
[1588, [2, 6, 9, 12, 16, 18, 27, 48, 64, 72, 96, 108, 144, 162, 192, 288, 324]]
[1589, [3, 4, 6, 8, 18, 24, 32, 36, 54, 64, 96, 108, 128, 144, 192, 288, 384]]
[1590, [3, 4, 8, 9, 12, 18, 24, 32, 54, 64, 72, 108, 162, 192, 216, 288, 324]]
[1591, [2, 4, 12, 16, 18, 27, 32, 36, 54, 64, 144, 162, 192, 216, 288, 324]]
[1592, [3, 4, 8, 9, 16, 18, 27, 36, 48, 64, 72, 81, 96, 108, 144, 162, 192, 216, 288]]
[1593, [2, 3, 16, 24, 32, 36, 48, 54, 64, 72, 96, 108, 144, 162, 192, 216, 324]]
[1594, [2, 6, 8, 9, 18, 27, 32, 48, 54, 64, 144, 162, 192, 216, 288, 324]]
[1595, [2, 6, 8, 16, 18, 24, 27, 36, 54, 64, 72, 96, 108, 128, 144, 192, 216, 384]]
[1596, [2, 4, 8, 12, 18, 48, 54, 64, 96, 108, 162, 192, 216, 288, 324]]
[1597, [3, 4, 6, 9, 18, 24, 27, 48, 54, 64, 72, 96, 108, 128, 144, 192, 216, 384]]
[1598, [3, 4, 6, 12, 16, 18, 27, 32, 36, 54, 64, 144, 162, 192, 216, 288, 324]]
[1599, [2, 8, 9, 12, 16, 18, 27, 36, 48, 64, 72, 81, 96, 108, 144, 162, 192, 216, 288]]
[1600, [2, 3, 16, 18, 27, 36, 48, 64, 72, 96, 108, 144, 162, 192, 288, 324]]
[1601, [2, 4, 8, 18, 27, 36, 48, 54, 64, 72, 96, 108, 128, 144, 192, 216, 384]]
[1602, [2, 6, 9, 12, 16, 24, 36, 48, 54, 64, 72, 81, 96, 128, 162, 192, 216, 384]]
[1603, [3, 4, 6, 8, 12, 18, 48, 54, 64, 96, 108, 162, 192, 216, 288, 324]]
[1604, [2, 4, 8, 18, 24, 32, 36, 54, 64, 72, 108, 162, 192, 216, 288, 324]]
[1605, [2, 6, 8, 9, 16, 24, 36, 54, 64, 96, 108, 162, 192, 216, 288, 324]]
[1606, [3, 6, 8, 9, 12, 16, 18, 27, 36, 48, 64, 72, 81, 96, 108, 144, 162, 192, 216, 288]]
[1607, [3, 4, 8, 9, 16, 18, 24, 27, 48, 64, 72, 96, 108, 144, 162, 192, 288, 324]]
[1608, [2, 4, 9, 18, 24, 27, 32, 48, 54, 64, 144, 162, 192, 216, 288, 324]]
[1609, [2, 6, 9, 16, 18, 24, 27, 36, 48, 64, 72, 81, 96, 108, 144, 162, 192, 216, 288]]
[1610, [2, 4, 9, 16, 18, 32, 48, 54, 72, 81, 96, 128, 162, 216, 288, 384]]
[1611, [3, 4, 6, 8, 18, 24, 32, 36, 54, 64, 72, 108, 162, 192, 216, 288, 324]]
[1612, [2, 4, 9, 12, 18, 27, 54, 64, 96, 144, 162, 192, 216, 288, 324]]
[1613, [2, 8, 9, 12, 16, 18, 32, 36, 48, 54, 64, 72, 96, 108, 144, 162, 192, 216, 324]]
[1614, [2, 8, 9, 12, 16, 18, 24, 27, 48, 64, 72, 96, 108, 144, 162, 192, 288, 324]]
[1615, [3, 4, 6, 9, 18, 24, 27, 32, 48, 54, 64, 144, 162, 192, 216, 288, 324]]
[1616, [3, 4, 6, 9, 16, 18, 32, 48, 54, 64, 72, 108, 162, 192, 216, 288, 324]]
[1617, [2, 4, 8, 12, 24, 27, 54, 64, 96, 144, 162, 192, 216, 288, 324]]
[1618, [2, 6, 8, 12, 18, 24, 32, 36, 54, 64, 72, 108, 162, 192, 216, 288, 324]]
[1619, [2, 4, 8, 18, 27, 32, 36, 48, 54, 64, 144, 162, 192, 216, 288, 324]]
[1620, [3, 4, 9, 12, 16, 18, 24, 27, 36, 48, 64, 72, 81, 96, 108, 144, 162, 192, 216, 288]]
[1621, [3, 6, 8, 9, 12, 16, 18, 24, 27, 48, 64, 72, 96, 108, 144, 162, 192, 288, 324]]
[1622, [2, 6, 9, 12, 18, 24, 27, 32, 48, 54, 64, 144, 162, 192, 216, 288, 324]]
[1623, [2, 6, 9, 16, 18, 24, 32, 36, 48, 54, 64, 72, 96, 108, 144, 162, 192, 216, 324]]
[1624, [3, 4, 8, 12, 16, 18, 24, 27, 32, 36, 54, 64, 144, 162, 192, 216, 288, 324]]
[1625, [2, 6, 8, 9, 12, 36, 48, 54, 64, 96, 108, 162, 192, 216, 288, 324]]
[1626, [2, 3, 9, 24, 36, 48, 54, 64, 96, 108, 162, 192, 216, 288, 324]]
[1627, [3, 4, 8, 9, 12, 16, 27, 32, 54, 64, 72, 144, 162, 192, 216, 288, 324]]
[1628, [2, 6, 8, 9, 24, 27, 36, 48, 54, 64, 72, 96, 162, 192, 216, 288, 324]]
[1629, [4, 6, 8, 9, 12, 16, 18, 24, 27, 32, 36, 48, 54, 64, 72, 81, 108, 128, 144, 162, 192, 384]]
[1630, [2, 4, 9, 16, 24, 27, 32, 54, 64, 72, 144, 162, 192, 216, 288, 324]]
[1631, [3, 4, 6, 8, 12, 32, 36, 54, 64, 72, 96, 108, 128, 144, 192, 288, 384]]
[1632, [2, 4, 9, 16, 24, 32, 48, 54, 64, 72, 81, 128, 144, 162, 192, 216, 384]]
[1633, [2, 3, 12, 16, 24, 54, 64, 72, 96, 108, 162, 192, 216, 288, 324]]
[1634, [3, 4, 9, 12, 16, 18, 24, 32, 36, 48, 54, 64, 72, 96, 108, 144, 162, 192, 216, 324]]
[1635, [2, 6, 8, 16, 18, 24, 27, 36, 48, 64, 72, 96, 108, 144, 162, 192, 288, 324]]
[1636, [3, 4, 6, 9, 18, 27, 36, 48, 54, 64, 72, 81, 96, 108, 128, 144, 162, 192, 384]]
[1637, [3, 4, 6, 9, 16, 24, 27, 32, 54, 64, 72, 144, 162, 192, 216, 288, 324]]
[1638, [2, 3, 12, 18, 27, 36, 54, 64, 96, 144, 162, 192, 216, 288, 324]]