[1, 0]
[2, 0]
[3, 0]
[4, [1, 3]]
[5, 0]
[6, 0]
[7, 0]
[8, 0]
[9, 0]
[10, 0]
[11, 0]
[12, 0]
[13, 0]
[14, 0]
[15, 0]
[16, 0]
[17, [1, 4, 12]]
[18, 0]
[19, 0]
[20, 0]
[21, 0]
[22, 0]
[23, 0]
[24, 0]
[25, 0]
[26, 0]
[27, [2, 3, 4, 6, 12]]
[28, 0]
[29, 0]
[30, 0]
[31, 0]
[32, 0]
[33, 0]
[34, [1, 6, 9, 18]]
[35, 0]
[36, 0]
[37, 0]
[38, 0]
[39, [1, 6, 8, 24]]
[40, 0]
[41, 0]
[42, 0]
[43, 0]
[44, 0]
[45, 0]
[46, 0]
[47, 0]
[48, [2, 3, 4, 9, 12, 18]]
[49, 0]
[50, 0]
[51, 0]
[52, 0]
[53, [2, 3, 4, 8, 12, 24]]
[54, 0]
[55, 0]
[56, 0]
[57, 0]
[58, 0]
[59, [1, 4, 18, 36]]
[60, [1, 8, 9, 18, 24]]
[61, 0]
[62, 0]
[63, 0]
[64, 0]
[65, 0]
[66, 0]
[67, 0]
[68, 0]
[69, [2, 3, 4, 6, 18, 36]]
[70, [2, 3, 6, 8, 9, 18, 24]]
[71, 0]
[72, 0]
[73, [1, 6, 12, 18, 36]]
[74, 0]
[75, 0]
[76, 0]
[77, 0]
[78, 0]
[79, [2, 3, 4, 6, 16, 48]]
[80, 0]
[81, 0]
[82, 0]
[83, [2, 4, 6, 8, 9, 12, 18, 24]]
[84, 0]
[85, 0]
[86, 0]
[87, 0]
[88, 0]
[89, 0]
[90, 0]
[91, 0]
[92, 0]
[93, 0]
[94, 0]
[95, [2, 3, 4, 8, 18, 24, 36]]
[96, 0]
[97, [1, 6, 9, 27, 54]]
[98, [2, 3, 4, 8, 9, 72]]
[99, [1, 8, 12, 18, 24, 36]]
[100, [2, 3, 4, 9, 16, 18, 48]]
[101, 0]
[102, [1, 8, 9, 12, 72]]
[103, 0]
[104, [1, 9, 12, 16, 18, 48]]
[105, [2, 3, 4, 8, 16, 24, 48]]
[106, 0]
[107, 0]
[108, 0]
[109, [2, 3, 6, 8, 12, 18, 24, 36]]
[110, 0]
[111, [2, 3, 4, 9, 12, 27, 54]]
[112, [2, 3, 6, 8, 9, 12, 72]]
[113, 0]
[114, [2, 3, 6, 9, 12, 16, 18, 48]]
[115, 0]
[116, 0]
[117, 0]
[118, 0]
[119, [2, 3, 6, 8, 12, 16, 24, 48]]
[120, 0]
[121, 0]
[122, [1, 4, 27, 36, 54]]
[123, [1, 8, 9, 24, 27, 54]]
[124, 0]
[125, [1, 6, 16, 18, 36, 48]]
[126, [2, 3, 4, 9, 12, 24, 72]]
[127, 0]
[128, 0]
[129, 0]
[130, 0]
[131, 0]
[132, [2, 3, 4, 6, 27, 36, 54]]
[133, [2, 3, 6, 8, 9, 24, 27, 54]]
[134, 0]
[135, [2, 4, 6, 8, 9, 16, 18, 24, 48]]
[136, [1, 6, 12, 27, 36, 54]]
[137, [2, 3, 4, 8, 12, 36, 72]]
[138, 0]
[139, [2, 3, 4, 12, 16, 18, 36, 48]]
[140, [2, 3, 8, 9, 12, 16, 18, 24, 48]]
[141, 0]
[142, 0]
[143, [1, 6, 8, 32, 96]]
[144, [1, 8, 9, 18, 36, 72]]
[145, 0]
[146, [2, 4, 6, 8, 9, 12, 24, 27, 54]]
[147, [2, 3, 4, 6, 24, 36, 72]]
[148, 0]
[149, 0]
[150, 0]
[151, [1, 8, 16, 18, 24, 36, 48]]
[152, 0]
[153, [2, 3, 4, 9, 18, 27, 36, 54]]
[154, [2, 3, 6, 8, 9, 18, 36, 72]]
[155, 0]
[156, 0]
[157, [1, 9, 12, 18, 27, 36, 54]]
[158, [2, 3, 4, 8, 24, 27, 36, 54]]
[159, 0]
[160, 0]
[161, [2, 3, 6, 8, 16, 18, 24, 36, 48]]
[162, [1, 8, 12, 24, 27, 36, 54]]
[163, [2, 3, 4, 9, 16, 27, 48, 54]]
[164, [2, 3, 6, 8, 9, 16, 48, 72]]
[165, 0]
[166, 0]
[167, [2, 3, 6, 9, 12, 18, 27, 36, 54]]
[168, [2, 3, 4, 9, 18, 24, 36, 72]]
[169, 0]
[170, 0]
[171, [1, 6, 12, 24, 32, 96]]
[172, [2, 3, 6, 8, 12, 24, 27, 36, 54]]
[173, 0]
[174, [2, 4, 6, 8, 12, 16, 18, 24, 36, 48]]
[175, 0]
[176, 0]
[177, [2, 3, 6, 9, 12, 16, 27, 48, 54]]
[178, [2, 3, 4, 9, 16, 24, 48, 72]]
[179, 0]
[180, 0]
[181, 0]
[182, [2, 3, 6, 9, 12, 18, 24, 36, 72]]
[183, 0]
[184, 0]
[185, [1, 4, 18, 54, 108]]
[186, 0]
[187, [2, 4, 6, 8, 9, 12, 18, 32, 96]]
[188, [2, 4, 6, 8, 9, 18, 24, 27, 36, 54]]
[189, [2, 3, 4, 8, 16, 36, 48, 72]]
[190, 0]
[191, 0]
[192, [2, 3, 6, 9, 12, 16, 24, 48, 72]]
[193, [2, 3, 8, 9, 12, 18, 24, 27, 36, 54]]
[194, 0]
[195, [2, 3, 4, 6, 18, 54, 108]]
[196, 0]
[197, 0]
[198, [2, 4, 6, 8, 9, 16, 24, 27, 48, 54]]
[199, [2, 3, 4, 8, 18, 32, 36, 96]]
[200, 0]
[201, 0]
[202, [2, 3, 4, 12, 16, 27, 36, 48, 54]]
[203, [2, 3, 8, 9, 12, 16, 24, 27, 48, 54]]
[204, 0]
[205, 0]
[206, 0]
[207, [1, 8, 9, 27, 36, 54, 72]]
[208, 0]
[209, [1, 9, 16, 18, 27, 36, 48, 54]]
[210, 0]
[211, 0]
[212, 0]
[213, [2, 3, 6, 8, 12, 18, 32, 36, 96]]
[214, [1, 8, 16, 24, 27, 36, 48, 54]]
[215, [1, 4, 18, 48, 144]]
[216, [2, 3, 4, 12, 18, 24, 27, 54, 72]]
[217, [2, 3, 4, 12, 16, 24, 36, 48, 72]]
[218, 0]
[219, [2, 3, 6, 9, 16, 18, 27, 36, 48, 54]]
[220, 0]
[221, [2, 3, 4, 8, 18, 24, 54, 108]]
[222, 0]
[223, [2, 3, 6, 8, 12, 16, 32, 48, 96]]
[224, [2, 3, 6, 8, 16, 24, 27, 36, 48, 54]]
[225, [1, 8, 12, 18, 24, 54, 108]]
[226, 0]
[227, [2, 3, 4, 12, 18, 24, 32, 36, 96]]
[228, [2, 3, 4, 9, 12, 36, 54, 108]]
[229, [1, 6, 12, 18, 48, 144]]
[230, [2, 4, 6, 8, 9, 12, 27, 36, 54, 72]]
[231, [2, 3, 4, 9, 24, 27, 36, 54, 72]]
[232, [2, 4, 6, 9, 12, 16, 18, 27, 36, 48, 54]]
[233, 0]
[234, [2, 3, 6, 9, 16, 18, 24, 36, 48, 72]]
[235, [1, 9, 12, 24, 27, 36, 54, 72]]
[236, 0]
[237, [2, 4, 6, 8, 12, 16, 24, 27, 36, 48, 54]]
[238, [2, 3, 4, 9, 16, 24, 36, 144]]
[239, [2, 4, 6, 8, 9, 16, 18, 32, 48, 96]]
[240, [1, 8, 9, 24, 36, 54, 108]]
[241, [1, 4, 32, 36, 72, 96]]
[242, [1, 8, 9, 24, 32, 72, 96]]
[243, 0]
[244, [1, 8, 16, 18, 27, 48, 54, 72]]
[245, [2, 3, 8, 9, 16, 18, 24, 27, 36, 48, 54]]
[246, 0]
[247, [2, 4, 6, 9, 12, 16, 18, 24, 36, 48, 72]]
[248, 0]
[249, [1, 6, 8, 54, 72, 108]]
[250, [2, 4, 6, 8, 9, 12, 27, 32, 54, 96]]
[251, [2, 3, 4, 9, 24, 27, 32, 54, 96]]
[252, [2, 3, 6, 8, 9, 24, 32, 72, 96]]
[253, 0]
[254, [2, 3, 6, 8, 16, 18, 27, 48, 54, 72]]
[255, [1, 8, 16, 18, 32, 36, 48, 96]]
[256, 0]
[257, 0]
[258, [2, 4, 8, 9, 12, 16, 18, 24, 27, 36, 48, 54]]
[259, 0]
[260, 0]
[261, 0]
[262, [2, 3, 4, 8, 27, 32, 36, 54, 96]]
[263, [2, 4, 6, 8, 9, 12, 24, 36, 54, 108]]
[264, 0]
[265, [3, 4, 6, 8, 9, 12, 16, 18, 24, 27, 36, 48, 54]]
[266, [1, 8, 12, 27, 32, 36, 54, 96]]
[267, [2, 4, 6, 8, 12, 16, 18, 27, 48, 54, 72]]
[268, [2, 3, 4, 16, 18, 24, 27, 48, 54, 72]]
[269, 0]
[270, [1, 8, 9, 18, 54, 72, 108]]
[271, 0]
[272, [1, 12, 16, 18, 24, 27, 48, 54, 72]]
[273, [2, 3, 4, 6, 24, 54, 72, 108]]
[274, 0]
[275, 0]
[276, [2, 3, 6, 8, 12, 27, 32, 36, 54, 96]]
[277, [2, 3, 4, 8, 24, 32, 36, 72, 96]]
[278, [2, 4, 6, 8, 12, 16, 18, 32, 36, 48, 96]]
[279, [2, 3, 4, 16, 18, 24, 32, 36, 48, 96]]
[280, [2, 3, 4, 9, 16, 36, 48, 54, 108]]
[281, [1, 8, 12, 24, 32, 36, 72, 96]]
[282, [2, 3, 6, 12, 16, 18, 24, 27, 48, 54, 72]]
[283, [1, 12, 16, 18, 24, 32, 36, 48, 96]]
[284, [1, 9, 12, 16, 36, 48, 54, 108]]
[285, 0]
[286, [2, 3, 6, 9, 12, 18, 32, 36, 72, 96]]
[287, [2, 3, 8, 9, 12, 16, 27, 36, 48, 54, 72]]
[288, [2, 4, 6, 8, 9, 16, 18, 27, 54, 144]]
[289, [2, 3, 6, 8, 9, 18, 27, 216]]
[290, [2, 3, 4, 12, 24, 27, 32, 36, 54, 96]]
[291, [2, 3, 6, 8, 12, 24, 32, 36, 72, 96]]
[292, [2, 4, 6, 8, 9, 18, 27, 32, 36, 54, 96]]
[293, [2, 3, 6, 12, 16, 18, 24, 32, 36, 48, 96]]
[294, [2, 3, 6, 9, 12, 16, 36, 48, 54, 108]]
[295, 0]
[296, [2, 3, 6, 9, 12, 16, 32, 48, 72, 96]]
[297, [2, 3, 6, 9, 16, 24, 27, 36, 48, 54, 72]]
[298, [1, 9, 12, 18, 24, 54, 72, 108]]
[299, 0]
[300, [2, 4, 6, 8, 12, 16, 18, 24, 48, 54, 108]]
[301, 0]
[302, [2, 4, 6, 8, 9, 16, 27, 32, 48, 54, 96]]
[303, [2, 3, 6, 9, 16, 18, 24, 27, 54, 144]]
[304, [1, 8, 16, 18, 27, 36, 54, 144]]
[305, [2, 3, 4, 8, 18, 36, 54, 72, 108]]
[306, [1, 6, 18, 27, 32, 54, 72, 96]]
[307, [2, 3, 6, 9, 18, 24, 27, 32, 36, 54, 96]]
[308, [2, 3, 6, 9, 12, 18, 24, 54, 72, 108]]
[309, [1, 8, 12, 18, 36, 54, 72, 108]]
[310, [2, 4, 6, 9, 12, 16, 24, 27, 36, 48, 54, 72]]
[311, [1, 4, 27, 36, 81, 162]]
[312, [2, 3, 8, 9, 12, 18, 24, 32, 36, 72, 96]]
[313, [1, 9, 12, 18, 27, 48, 54, 144]]
[314, [2, 3, 6, 8, 16, 18, 27, 36, 54, 144]]
[315, [2, 4, 6, 8, 9, 16, 24, 36, 48, 54, 108]]
[316, [2, 4, 6, 9, 12, 16, 18, 24, 27, 54, 144]]
[317, [2, 3, 6, 9, 16, 24, 27, 32, 48, 54, 96]]
[318, [1, 8, 16, 27, 32, 36, 48, 54, 96]]
[319, [2, 3, 6, 8, 12, 18, 36, 54, 72, 108]]
[320, [2, 4, 6, 9, 12, 18, 24, 27, 32, 36, 54, 96]]
[321, [2, 3, 4, 12, 16, 32, 36, 48, 72, 96]]
[322, [2, 3, 8, 9, 12, 16, 24, 32, 48, 72, 96]]
[323, [2, 3, 6, 9, 12, 18, 27, 48, 54, 144]]
[324, [2, 3, 4, 9, 18, 24, 48, 72, 144]]
[325, [2, 3, 4, 8, 18, 32, 54, 96, 108]]
[326, 0]
[327, [2, 4, 6, 8, 12, 16, 18, 27, 36, 54, 144]]
[328, [2, 3, 6, 8, 16, 27, 32, 36, 48, 54, 96]]
[329, [2, 3, 6, 8, 12, 16, 48, 54, 72, 108]]
[330, [2, 4, 6, 9, 12, 16, 24, 27, 32, 48, 54, 96]]
[331, [2, 3, 4, 9, 16, 27, 54, 72, 144]]
[332, [1, 8, 18, 24, 27, 32, 54, 72, 96]]
[333, [1, 8, 16, 24, 32, 36, 48, 72, 96]]
[334, [1, 6, 18, 27, 36, 48, 54, 144]]
[335, [2, 3, 4, 9, 27, 32, 36, 54, 72, 96]]
[336, 0]
[337, 0]
[338, [2, 3, 6, 9, 16, 18, 32, 36, 48, 72, 96]]
[339, [1, 9, 12, 27, 32, 36, 54, 72, 96]]
[340, [1, 8, 9, 16, 54, 108, 144]]
[341, [2, 4, 6, 8, 12, 16, 27, 32, 36, 48, 54, 96]]
[342, [2, 3, 4, 16, 24, 27, 32, 36, 48, 54, 96]]
[343, [2, 3, 6, 8, 16, 24, 32, 36, 48, 72, 96]]
[344, [1, 8, 9, 32, 36, 54, 96, 108]]
[345, [2, 4, 6, 8, 9, 16, 18, 48, 54, 72, 108]]
[346, [1, 12, 16, 24, 27, 32, 36, 48, 54, 96]]
[347, [2, 3, 4, 8, 24, 27, 36, 81, 162]]
[348, [2, 3, 4, 12, 18, 27, 36, 48, 54, 144]]
[349, [2, 3, 8, 9, 16, 18, 27, 32, 36, 48, 54, 96]]
[350, [2, 3, 8, 9, 12, 16, 18, 48, 54, 72, 108]]
[351, [2, 4, 6, 9, 12, 16, 18, 32, 36, 48, 72, 96]]
[352, [2, 3, 4, 9, 16, 27, 48, 81, 162]]
[353, [2, 3, 4, 12, 18, 24, 32, 54, 96, 108]]
[354, [2, 3, 6, 8, 9, 32, 36, 54, 96, 108]]
[355, [2, 4, 6, 8, 12, 18, 24, 27, 32, 54, 72, 96]]
[356, [2, 3, 6, 12, 16, 24, 27, 32, 36, 48, 54, 96]]
[357, [1, 8, 9, 24, 27, 72, 216]]
[358, 0]
[359, [1, 8, 12, 18, 32, 48, 96, 144]]
[360, [2, 3, 6, 9, 16, 18, 24, 48, 54, 72, 108]]
[361, [1, 8, 16, 18, 36, 48, 54, 72, 108]]
[362, [2, 4, 8, 9, 12, 16, 18, 27, 32, 36, 48, 54, 96]]
[363, [2, 3, 4, 12, 18, 24, 36, 48, 72, 144]]
[364, [2, 3, 8, 9, 16, 18, 24, 32, 36, 48, 72, 96]]
[365, 0]
[366, [2, 4, 6, 8, 9, 16, 24, 27, 54, 72, 144]]
[367, [2, 4, 6, 8, 9, 12, 32, 36, 54, 96, 108]]
[368, [2, 3, 4, 9, 24, 32, 36, 54, 96, 108]]
[369, [3, 4, 6, 8, 9, 12, 16, 18, 27, 32, 36, 48, 54, 96]]
[370, [2, 4, 6, 8, 9, 24, 27, 32, 36, 54, 72, 96]]
[371, [2, 3, 6, 8, 16, 18, 36, 48, 54, 72, 108]]
[372, [2, 4, 6, 9, 16, 18, 24, 27, 32, 36, 48, 54, 96]]
[373, [2, 4, 6, 9, 12, 16, 18, 24, 48, 54, 72, 108]]
[374, [1, 8, 9, 32, 36, 48, 96, 144]]
[375, [2, 3, 8, 9, 12, 24, 27, 32, 36, 54, 72, 96]]
[376, [1, 12, 16, 18, 27, 32, 48, 54, 72, 96]]
[377, [2, 3, 9, 12, 16, 18, 24, 27, 32, 36, 48, 54, 96]]
[378, [2, 3, 6, 9, 12, 16, 24, 54, 108, 144]]
[379, [1, 8, 12, 16, 36, 54, 108, 144]]
[380, [2, 3, 6, 8, 16, 18, 27, 36, 48, 216]]
[381, [1, 8, 16, 18, 32, 48, 54, 96, 108]]
[382, [2, 3, 6, 9, 12, 24, 32, 36, 54, 96, 108]]
[383, [2, 4, 6, 8, 12, 18, 24, 27, 36, 48, 54, 144]]
[384, [3, 4, 6, 8, 9, 12, 16, 18, 24, 32, 36, 48, 72, 96]]
[385, [2, 3, 4, 16, 18, 24, 36, 48, 54, 72, 108]]
[386, [2, 3, 6, 12, 16, 18, 27, 32, 48, 54, 72, 96]]
[387, [2, 3, 6, 9, 16, 18, 27, 36, 54, 72, 144]]
[388, [1, 6, 12, 18, 81, 108, 162]]
[389, [1, 12, 16, 18, 24, 36, 48, 54, 72, 108]]
[390, [2, 3, 4, 12, 16, 27, 32, 54, 96, 144]]
[391, [1, 9, 16, 27, 32, 36, 48, 54, 72, 96]]
[392, [2, 3, 6, 8, 16, 24, 27, 36, 54, 72, 144]]
[393, [2, 4, 6, 8, 12, 16, 18, 27, 36, 48, 216]]
[394, [2, 3, 4, 16, 18, 24, 27, 36, 48, 216]]
[395, [1, 4, 36, 48, 54, 108, 144]]
[396, [1, 8, 9, 24, 48, 54, 108, 144]]
[397, [2, 4, 6, 8, 9, 12, 32, 36, 48, 96, 144]]
[398, [2, 3, 4, 9, 18, 32, 54, 72, 96, 108]]
[399, [2, 3, 6, 12, 16, 18, 24, 36, 48, 54, 72, 108]]
[400, [2, 4, 6, 9, 12, 16, 18, 27, 36, 54, 72, 144]]
[401, [2, 3, 6, 9, 16, 27, 32, 36, 48, 54, 72, 96]]
[402, [1, 9, 12, 18, 32, 54, 72, 96, 108]]
[403, [2, 3, 4, 8, 24, 32, 54, 72, 96, 108]]
[404, [2, 4, 6, 8, 12, 16, 18, 32, 48, 54, 96, 108]]
[405, [2, 3, 4, 16, 18, 24, 32, 48, 54, 96, 108]]
[406, [2, 3, 6, 8, 9, 24, 48, 54, 108, 144]]
[407, [2, 4, 6, 8, 16, 18, 24, 27, 32, 48, 54, 72, 96]]
[408, [2, 3, 6, 9, 16, 18, 27, 36, 48, 81, 162]]
[409, [1, 12, 16, 18, 24, 32, 48, 54, 96, 108]]
[410, [2, 3, 8, 9, 12, 16, 18, 36, 54, 108, 144]]
[411, [1, 6, 12, 32, 48, 72, 96, 144]]
[412, [2, 3, 8, 12, 16, 18, 24, 27, 32, 48, 54, 72, 96]]
[413, [2, 3, 8, 9, 16, 18, 24, 27, 36, 54, 72, 144]]
[414, [2, 4, 6, 9, 12, 16, 27, 32, 36, 48, 54, 72, 96]]
[415, 0]
[416, [1, 8, 9, 27, 32, 81, 96, 162]]
[417, [2, 3, 6, 8, 12, 24, 32, 54, 72, 96, 108]]
[418, [2, 3, 4, 8, 27, 32, 48, 54, 96, 144]]
[419, [2, 3, 6, 12, 16, 18, 24, 32, 48, 54, 96, 108]]
[420, [2, 4, 6, 9, 12, 16, 18, 27, 32, 54, 96, 144]]
[421, [2, 4, 6, 9, 12, 16, 18, 27, 36, 48, 81, 162]]
[422, [1, 8, 12, 27, 32, 48, 54, 96, 144]]
[423, [1, 6, 18, 32, 36, 54, 72, 96, 108]]
[424, [2, 3, 8, 9, 12, 16, 32, 36, 48, 54, 96, 108]]
[425, [2, 4, 6, 8, 12, 16, 24, 27, 32, 54, 96, 144]]
[426, [2, 4, 8, 9, 12, 16, 18, 24, 27, 36, 54, 72, 144]]
[427, [2, 3, 8, 9, 16, 24, 27, 32, 36, 48, 54, 72, 96]]
[428, [2, 4, 6, 8, 9, 18, 27, 36, 48, 54, 72, 144]]
[429, [1, 8, 9, 24, 36, 81, 108, 162]]
[430, [1, 9, 12, 18, 36, 48, 54, 108, 144]]
[431, [2, 3, 4, 8, 24, 36, 48, 54, 108, 144]]
[432, [2, 3, 4, 16, 18, 27, 32, 36, 54, 96, 144]]
[433, [2, 4, 6, 8, 9, 18, 24, 32, 54, 72, 96, 108]]
[434, [2, 3, 6, 9, 16, 24, 32, 36, 48, 54, 96, 108]]
[435, [2, 4, 6, 9, 12, 16, 18, 24, 32, 72, 96, 144]]
[436, [1, 12, 16, 18, 27, 32, 36, 54, 96, 144]]
[437, [2, 3, 4, 12, 18, 32, 36, 54, 72, 96, 108]]
[438, [2, 3, 8, 9, 12, 18, 24, 32, 54, 72, 96, 108]]
[439, [2, 4, 6, 8, 9, 12, 27, 32, 81, 96, 162]]
[440, [2, 4, 8, 9, 12, 16, 24, 27, 32, 36, 48, 54, 72, 96]]
[441, [2, 3, 6, 9, 12, 24, 27, 48, 54, 64, 192]]
[442, [2, 3, 6, 9, 12, 18, 32, 48, 72, 96, 144]]
[443, [2, 3, 6, 9, 18, 24, 27, 36, 48, 54, 72, 144]]
[444, [1, 9, 12, 24, 27, 32, 81, 96, 162]]
[445, [2, 3, 6, 8, 12, 24, 36, 48, 54, 108, 144]]
[446, [2, 4, 8, 9, 12, 16, 18, 24, 27, 32, 54, 96, 144]]
[447, [3, 4, 6, 8, 9, 12, 16, 24, 27, 32, 36, 48, 54, 72, 96]]
[448, [2, 4, 6, 8, 9, 18, 27, 32, 48, 54, 96, 144]]
[449, [1, 8, 18, 24, 32, 36, 54, 72, 96, 108]]
[450, 0]
[451, [1, 12, 16, 18, 24, 32, 36, 72, 96, 144]]
[452, [1, 9, 12, 16, 36, 54, 72, 108, 144]]
[453, [3, 4, 6, 8, 9, 12, 16, 18, 24, 27, 32, 54, 96, 144]]
[454, [1, 9, 16, 18, 32, 48, 54, 72, 96, 108]]
[455, [2, 3, 6, 8, 16, 18, 24, 54, 72, 108, 144]]
[456, [2, 4, 6, 9, 12, 18, 24, 27, 36, 48, 54, 72, 144]]
[457, [2, 3, 4, 16, 18, 24, 27, 48, 72, 81, 162]]
[458, [2, 3, 6, 8, 16, 24, 27, 36, 48, 72, 216]]
[459, [2, 3, 6, 8, 18, 24, 32, 36, 54, 72, 96, 108]]
[460, 0]
[461, [2, 3, 6, 12, 16, 18, 24, 32, 36, 72, 96, 144]]
[462, [2, 3, 6, 9, 12, 16, 36, 54, 72, 108, 144]]
[463, [2, 3, 6, 9, 18, 24, 27, 32, 48, 54, 96, 144]]
[464, [2, 3, 6, 9, 16, 18, 32, 48, 54, 72, 96, 108]]
[465, [1, 8, 12, 18, 48, 54, 72, 108, 144]]
[466, [2, 3, 8, 9, 12, 18, 24, 36, 48, 54, 108, 144]]
[467, [2, 4, 6, 8, 16, 18, 24, 27, 32, 36, 54, 96, 144]]
[468, [2, 3, 8, 9, 12, 18, 24, 32, 48, 72, 96, 144]]
[469, [2, 3, 6, 8, 16, 24, 32, 48, 54, 72, 96, 108]]
[470, [2, 4, 6, 8, 9, 16, 27, 32, 54, 72, 96, 144]]
[471, [2, 3, 6, 12, 16, 18, 24, 27, 48, 72, 81, 162]]
[472, [2, 4, 6, 8, 12, 18, 24, 32, 36, 54, 72, 96, 108]]
[473, [1, 9, 12, 16, 36, 48, 81, 108, 162]]
[474, [2, 3, 6, 8, 18, 27, 32, 36, 48, 54, 96, 144]]
[475, [2, 3, 8, 9, 12, 16, 27, 32, 54, 72, 96, 144]]
[476, [2, 4, 6, 9, 12, 18, 24, 27, 32, 48, 54, 96, 144]]
[477, [2, 4, 6, 9, 12, 16, 18, 32, 48, 54, 72, 96, 108]]
[478, [1, 8, 9, 24, 36, 64, 144, 192]]
[479, [1, 8, 18, 24, 32, 36, 48, 72, 96, 144]]
[480, [1, 8, 9, 36, 48, 54, 72, 108, 144]]
[481, [2, 4, 6, 8, 9, 18, 27, 32, 36, 81, 96, 162]]
[482, [2, 4, 6, 8, 12, 16, 24, 32, 48, 54, 72, 96, 108]]
[483, [2, 4, 6, 8, 9, 16, 24, 36, 54, 72, 108, 144]]
[484, [2, 4, 6, 8, 9, 12, 27, 32, 72, 96, 216]]
[485, [2, 3, 6, 9, 16, 24, 27, 32, 54, 72, 96, 144]]
[486, [1, 8, 16, 27, 32, 36, 54, 72, 96, 144]]
[487, [2, 4, 6, 8, 12, 18, 27, 32, 36, 48, 54, 96, 144]]
[488, [2, 3, 4, 18, 24, 27, 32, 36, 48, 54, 96, 144]]
[489, [2, 3, 4, 16, 18, 32, 36, 48, 54, 72, 96, 108]]
[490, [2, 3, 8, 9, 16, 18, 24, 32, 48, 54, 72, 96, 108]]
[491, [2, 3, 4, 9, 27, 32, 48, 54, 72, 96, 144]]
[492, [1, 12, 18, 24, 27, 32, 36, 48, 54, 96, 144]]
[493, [1, 12, 16, 18, 32, 36, 48, 54, 72, 96, 108]]
[494, [2, 3, 4, 8, 18, 36, 72, 81, 108, 162]]
[495, [1, 9, 12, 27, 32, 48, 54, 72, 96, 144]]
[496, [2, 3, 6, 8, 16, 27, 32, 36, 54, 72, 96, 144]]
[497, [2, 3, 6, 9, 12, 18, 24, 72, 81, 108, 162]]
[498, [2, 4, 6, 9, 12, 16, 24, 27, 32, 54, 72, 96, 144]]
[499, [2, 4, 6, 9, 12, 16, 24, 27, 36, 48, 72, 81, 162]]
[500, [1, 8, 9, 32, 48, 54, 96, 108, 144]]
[501, [2, 3, 6, 12, 16, 18, 24, 32, 36, 64, 96, 192]]
[502, [2, 3, 6, 12, 18, 24, 27, 32, 36, 48, 54, 96, 144]]
[503, [2, 4, 8, 9, 12, 16, 18, 24, 32, 48, 54, 72, 96, 108]]
[504, [2, 3, 4, 9, 24, 36, 48, 54, 72, 108, 144]]
[505, [2, 3, 6, 9, 12, 27, 32, 48, 54, 72, 96, 144]]
[506, [2, 3, 6, 9, 16, 24, 27, 32, 48, 81, 96, 162]]
[507, [2, 3, 4, 12, 16, 32, 36, 54, 96, 108, 144]]
[508, [1, 9, 12, 24, 36, 48, 54, 72, 108, 144]]
[509, [2, 4, 6, 8, 12, 16, 27, 32, 36, 54, 72, 96, 144]]
[510, [3, 4, 6, 8, 9, 12, 16, 18, 24, 32, 48, 54, 72, 96, 108]]
[511, [2, 3, 4, 9, 27, 36, 48, 54, 64, 72, 192]]
[512, [2, 3, 6, 9, 12, 18, 27, 48, 81, 144, 162]]
[513, [2, 3, 4, 9, 18, 27, 54, 72, 108, 216]]
[514, [1, 12, 16, 24, 27, 32, 36, 54, 72, 96, 144]]
[515, [1, 9, 12, 27, 36, 48, 54, 64, 72, 192]]
[516, [1, 6, 27, 32, 36, 48, 54, 72, 96, 144]]
[517, [2, 3, 8, 9, 16, 18, 27, 32, 36, 54, 72, 96, 144]]
[518, [2, 3, 6, 9, 12, 24, 36, 48, 54, 72, 108, 144]]
[519, [1, 8, 16, 24, 32, 36, 54, 96, 108, 144]]
[520, [2, 3, 4, 9, 16, 27, 72, 81, 144, 162]]
[521, [1, 8, 18, 24, 27, 32, 72, 81, 96, 162]]
[522, [2, 3, 4, 12, 18, 24, 36, 72, 81, 108, 162]]
[523, [2, 4, 6, 8, 9, 12, 32, 48, 54, 96, 108, 144]]
[524, [2, 4, 6, 8, 16, 18, 24, 32, 36, 48, 54, 72, 96, 108]]
[525, [2, 3, 6, 9, 12, 27, 36, 48, 54, 64, 72, 192]]
[526, [2, 4, 6, 8, 9, 24, 27, 32, 48, 54, 72, 96, 144]]
[527, [1, 8, 12, 16, 54, 64, 72, 108, 192]]
[528, [1, 9, 12, 24, 32, 48, 54, 96, 108, 144]]
[529, [2, 3, 8, 12, 16, 18, 24, 32, 36, 48, 54, 72, 96, 108]]
[530, [2, 4, 8, 9, 12, 16, 18, 27, 32, 36, 54, 72, 96, 144]]
[531, [2, 3, 8, 9, 12, 24, 27, 32, 48, 54, 72, 96, 144]]
[532, [2, 3, 4, 12, 16, 24, 48, 72, 81, 108, 162]]
[533, [1, 8, 9, 32, 36, 81, 96, 108, 162]]
[534, [2, 3, 6, 9, 16, 18, 27, 48, 54, 81, 108, 162]]
[535, [2, 3, 4, 8, 32, 36, 48, 54, 96, 108, 144]]
[536, [2, 3, 6, 8, 16, 27, 32, 36, 54, 64, 96, 192]]
[537, [3, 4, 6, 8, 9, 12, 16, 18, 27, 32, 36, 54, 72, 96, 144]]
[538, [2, 3, 6, 9, 12, 24, 32, 48, 54, 96, 108, 144]]
[539, [1, 8, 12, 32, 36, 48, 54, 96, 108, 144]]
[540, [2, 4, 6, 9, 16, 18, 24, 27, 32, 36, 54, 72, 96, 144]]
[541, [1, 8, 16, 24, 32, 36, 64, 72, 96, 192]]
[542, [1, 8, 24, 27, 32, 36, 48, 54, 72, 96, 144]]
[543, [2, 3, 6, 8, 9, 32, 36, 81, 96, 108, 162]]
[544, [2, 4, 6, 8, 12, 18, 24, 27, 32, 72, 81, 96, 162]]
[545, [2, 3, 9, 12, 16, 18, 24, 27, 32, 36, 54, 72, 96, 144]]
[546, [2, 3, 4, 9, 24, 27, 54, 72, 81, 108, 162]]
[547, [2, 3, 6, 9, 18, 27, 32, 36, 48, 54, 72, 96, 144]]
[548, [1, 9, 12, 24, 36, 48, 54, 64, 108, 192]]
[549, [2, 3, 6, 8, 12, 32, 36, 48, 54, 96, 108, 144]]
[550, [2, 3, 8, 9, 16, 18, 24, 32, 36, 54, 96, 108, 144]]
[551, [2, 4, 8, 9, 12, 16, 18, 27, 32, 36, 48, 81, 96, 162]]
[552, [2, 3, 6, 8, 24, 27, 32, 36, 48, 54, 72, 96, 144]]
[553, [2, 3, 4, 9, 16, 24, 81, 108, 144, 162]]
[554, [1, 12, 16, 24, 27, 32, 36, 54, 64, 96, 192]]
[555, [2, 4, 6, 8, 9, 16, 24, 27, 72, 81, 144, 162]]
[556, [2, 4, 6, 8, 9, 12, 32, 36, 81, 96, 108, 162]]
[557, [2, 3, 4, 8, 27, 36, 54, 72, 81, 108, 162]]
[558, [3, 4, 6, 8, 9, 12, 16, 18, 27, 32, 36, 48, 81, 96, 162]]
[559, [2, 3, 6, 8, 16, 18, 32, 54, 72, 96, 108, 144]]
[560, [2, 4, 6, 9, 12, 18, 27, 32, 36, 48, 54, 72, 96, 144]]
[561, [2, 4, 6, 9, 16, 18, 24, 27, 32, 36, 48, 81, 96, 162]]
[562, [2, 4, 6, 9, 12, 16, 18, 24, 48, 72, 81, 108, 162]]
[563, [2, 4, 8, 9, 12, 16, 18, 24, 32, 36, 54, 96, 108, 144]]
[564, [2, 3, 8, 9, 12, 24, 27, 32, 36, 72, 81, 96, 162]]
[565, [2, 4, 6, 8, 12, 24, 27, 32, 36, 48, 54, 72, 96, 144]]
[566, [2, 3, 9, 12, 16, 18, 24, 27, 32, 36, 48, 81, 96, 162]]
[567, [2, 3, 6, 9, 12, 16, 24, 81, 108, 144, 162]]
[568, [1, 8, 12, 16, 36, 81, 108, 144, 162]]
[569, [1, 8, 16, 18, 36, 54, 64, 72, 108, 192]]
[570, [3, 4, 6, 8, 9, 12, 16, 18, 24, 32, 36, 54, 96, 108, 144]]
[571, [2, 3, 6, 8, 12, 27, 36, 54, 72, 81, 108, 162]]
[572, [2, 4, 6, 8, 12, 16, 18, 32, 54, 72, 96, 108, 144]]
[573, [2, 3, 8, 9, 18, 24, 27, 32, 36, 48, 54, 72, 96, 144]]
[574, [2, 3, 4, 16, 18, 24, 36, 48, 72, 81, 108, 162]]
[575, [2, 3, 6, 12, 16, 18, 27, 32, 48, 72, 81, 96, 162]]
[576, [2, 3, 6, 9, 16, 18, 27, 36, 72, 81, 144, 162]]
[577, [1, 12, 16, 18, 24, 32, 54, 72, 96, 108, 144]]
[578, [1, 12, 16, 18, 24, 36, 48, 72, 81, 108, 162]]
[579, [1, 6, 18, 32, 48, 54, 72, 96, 108, 144]]
[580, [2, 3, 6, 9, 18, 24, 32, 36, 48, 54, 96, 108, 144]]
[581, [1, 8, 12, 27, 32, 54, 81, 96, 108, 162]]
[582, [1, 8, 24, 27, 32, 36, 48, 54, 64, 96, 192]]
[583, [1, 8, 12, 24, 48, 54, 64, 72, 108, 192]]
[584, [1, 4, 36, 48, 81, 108, 144, 162]]
[585, [2, 3, 4, 12, 24, 27, 36, 54, 72, 81, 108, 162]]
[586, [2, 4, 8, 9, 12, 18, 24, 27, 32, 36, 48, 54, 72, 96, 144]]
[587, [2, 3, 6, 12, 16, 18, 24, 32, 54, 72, 96, 108, 144]]
[588, [2, 3, 6, 12, 16, 18, 24, 36, 48, 72, 81, 108, 162]]
[589, [2, 4, 6, 9, 12, 16, 18, 27, 36, 72, 81, 144, 162]]
[590, [2, 3, 6, 9, 16, 27, 32, 36, 48, 72, 81, 96, 162]]
[591, [2, 3, 6, 8, 12, 27, 32, 54, 81, 96, 108, 162]]
[592, [2, 3, 8, 9, 12, 16, 32, 36, 54, 72, 96, 108, 144]]
[593, [3, 4, 6, 8, 9, 12, 18, 24, 27, 32, 36, 48, 54, 72, 96, 144]]
[594, [2, 4, 6, 8, 16, 18, 24, 27, 36, 48, 54, 81, 108, 162]]
[595, [2, 3, 6, 8, 9, 24, 48, 81, 108, 144, 162]]
[596, [2, 4, 6, 8, 16, 18, 24, 27, 32, 48, 72, 81, 96, 162]]
[597, [2, 4, 6, 8, 9, 16, 27, 48, 54, 72, 81, 108, 162]]
[598, [1, 12, 16, 18, 24, 32, 48, 81, 96, 108, 162]]
[599, [2, 3, 8, 12, 16, 18, 24, 27, 36, 48, 54, 81, 108, 162]]
[600, [2, 4, 6, 9, 12, 18, 27, 32, 36, 48, 54, 64, 96, 192]]
[601, [2, 3, 8, 12, 16, 18, 24, 27, 32, 48, 72, 81, 96, 162]]
[602, [2, 3, 6, 9, 16, 24, 32, 36, 54, 72, 96, 108, 144]]
[603, [2, 4, 6, 9, 12, 16, 27, 32, 36, 48, 72, 81, 96, 162]]
[604, [1, 8, 9, 24, 54, 64, 108, 144, 192]]
[605, [1, 8, 18, 24, 32, 48, 54, 72, 96, 108, 144]]
[606, [2, 3, 6, 8, 12, 24, 32, 72, 81, 96, 108, 162]]
[607, [2, 4, 6, 8, 9, 18, 27, 32, 54, 81, 96, 108, 162]]
[608, [2, 3, 4, 9, 32, 36, 48, 54, 72, 96, 108, 144]]
[609, [2, 4, 6, 9, 12, 16, 18, 27, 32, 81, 96, 144, 162]]
[610, [1, 8, 12, 27, 36, 54, 64, 72, 144, 192]]
[611, [1, 8, 12, 27, 32, 48, 81, 96, 144, 162]]
[612, [1, 9, 12, 32, 36, 48, 54, 72, 96, 108, 144]]
[613, [1, 8, 16, 27, 36, 48, 54, 72, 81, 108, 162]]
[614, [2, 4, 6, 8, 12, 16, 24, 27, 32, 81, 96, 144, 162]]
[615, [2, 4, 6, 9, 12, 16, 24, 32, 36, 54, 72, 96, 108, 144]]
[616, [2, 3, 8, 9, 16, 24, 27, 32, 36, 48, 72, 81, 96, 162]]
[617, [2, 4, 6, 8, 9, 18, 27, 36, 48, 72, 81, 144, 162]]
[618, [2, 4, 8, 9, 12, 16, 18, 24, 27, 48, 54, 72, 108, 216]]
[619, [1, 9, 12, 18, 36, 48, 81, 108, 144, 162]]
[620, [2, 3, 4, 8, 24, 36, 48, 81, 108, 144, 162]]
[621, [2, 3, 4, 16, 18, 27, 32, 36, 81, 96, 144, 162]]
[622, [2, 3, 6, 9, 12, 32, 36, 48, 54, 72, 96, 108, 144]]
[623, [2, 3, 6, 8, 16, 27, 36, 48, 54, 72, 81, 108, 162]]
[624, [1, 8, 12, 24, 36, 48, 81, 108, 144, 162]]
[625, [2, 4, 6, 9, 12, 16, 24, 27, 48, 54, 72, 81, 108, 162]]
[626, [2, 3, 4, 12, 18, 32, 36, 72, 81, 96, 108, 162]]
[627, [2, 3, 8, 9, 12, 18, 24, 32, 72, 81, 96, 108, 162]]
[628, [2, 4, 6, 8, 12, 18, 24, 32, 48, 54, 72, 96, 108, 144]]
[629, [2, 4, 8, 9, 12, 16, 24, 27, 32, 36, 48, 72, 81, 96, 162]]
[630, [1, 8, 12, 27, 32, 54, 64, 96, 144, 192]]
[631, [1, 8, 12, 27, 36, 48, 64, 81, 162, 192]]
[632, [2, 3, 6, 9, 18, 24, 27, 36, 48, 72, 81, 144, 162]]
[633, [2, 3, 6, 8, 18, 27, 32, 36, 54, 81, 96, 108, 162]]
[634, [2, 3, 6, 8, 12, 24, 36, 48, 81, 108, 144, 162]]
[635, [2, 4, 6, 9, 12, 18, 24, 27, 32, 54, 81, 96, 108, 162]]
[636, [3, 4, 6, 8, 9, 12, 16, 24, 27, 32, 36, 48, 72, 81, 96, 162]]
[637, [2, 3, 4, 16, 24, 27, 36, 48, 54, 72, 81, 108, 162]]
[638, [1, 8, 18, 24, 32, 36, 72, 81, 96, 108, 162]]
[639, [2, 3, 4, 8, 24, 36, 54, 64, 108, 144, 192]]
[640, [1, 12, 18, 24, 27, 32, 48, 54, 64, 72, 96, 192]]
[641, [1, 12, 16, 24, 27, 36, 48, 54, 72, 81, 108, 162]]
[642, [3, 4, 6, 8, 9, 12, 16, 18, 24, 27, 32, 81, 96, 144, 162]]
[643, [2, 4, 6, 8, 9, 24, 32, 36, 48, 54, 72, 96, 108, 144]]
[644, [2, 3, 8, 9, 16, 18, 27, 36, 48, 54, 72, 81, 108, 162]]
[645, [2, 4, 6, 9, 12, 18, 24, 27, 36, 48, 72, 81, 144, 162]]
[646, [2, 4, 6, 8, 12, 18, 27, 32, 36, 54, 81, 96, 108, 162]]
[647, [2, 3, 4, 18, 24, 27, 32, 36, 54, 81, 96, 108, 162]]
[648, [2, 3, 8, 9, 12, 24, 32, 36, 48, 54, 72, 96, 108, 144]]
[649, [1, 6, 18, 27, 48, 54, 81, 108, 144, 162]]
[650, [2, 3, 4, 9, 27, 32, 54, 72, 81, 96, 108, 162]]
[651, [2, 3, 6, 12, 16, 24, 27, 36, 48, 54, 72, 81, 108, 162]]
[652, [2, 3, 6, 9, 18, 24, 27, 32, 48, 81, 96, 144, 162]]
[653, [2, 3, 6, 9, 16, 18, 32, 48, 72, 81, 96, 108, 162]]
[654, [1, 9, 12, 27, 32, 54, 72, 81, 96, 108, 162]]
[655, [2, 3, 8, 9, 12, 18, 24, 36, 48, 81, 108, 144, 162]]
[656, [2, 4, 6, 8, 12, 16, 27, 32, 48, 54, 81, 96, 108, 162]]
[657, [2, 4, 8, 9, 12, 16, 18, 27, 36, 48, 54, 72, 81, 108, 162]]
[658, [2, 3, 6, 8, 16, 24, 32, 48, 72, 81, 96, 108, 162]]
[659, [2, 4, 6, 8, 9, 16, 27, 32, 72, 81, 96, 144, 162]]
[660, [2, 3, 4, 9, 18, 36, 48, 72, 108, 144, 216]]
[661, [2, 3, 6, 12, 18, 24, 27, 32, 36, 54, 81, 96, 108, 162]]
[662, [2, 3, 8, 9, 12, 16, 27, 36, 54, 81, 108, 144, 162]]
[663, [2, 3, 6, 8, 18, 27, 32, 36, 48, 81, 96, 144, 162]]
[664, [3, 4, 6, 8, 9, 12, 16, 18, 27, 36, 48, 54, 72, 81, 108, 162]]
[665, [2, 4, 6, 9, 12, 18, 24, 27, 32, 48, 81, 96, 144, 162]]
[666, [2, 4, 6, 9, 12, 16, 18, 32, 48, 72, 81, 96, 108, 162]]
[667, [2, 4, 6, 9, 16, 18, 24, 27, 36, 48, 54, 72, 81, 108, 162]]
[668, [2, 4, 6, 8, 12, 18, 24, 32, 48, 54, 64, 96, 108, 192]]
[669, [1, 8, 9, 36, 48, 72, 81, 108, 144, 162]]
[670, [1, 12, 16, 18, 27, 32, 36, 72, 96, 144, 216]]
[671, [2, 3, 6, 12, 16, 24, 27, 32, 48, 54, 81, 96, 108, 162]]
[672, [2, 3, 9, 12, 16, 18, 24, 27, 36, 48, 54, 72, 81, 108, 162]]
[673, [1, 8, 12, 18, 54, 64, 72, 108, 144, 192]]
[674, [2, 3, 6, 9, 16, 24, 27, 32, 72, 81, 96, 144, 162]]
[675, [1, 6, 27, 32, 36, 54, 72, 81, 96, 108, 162]]
[676, [2, 4, 6, 8, 12, 18, 27, 32, 36, 48, 81, 96, 144, 162]]
[677, [2, 4, 8, 9, 12, 16, 18, 27, 32, 48, 54, 81, 96, 108, 162]]
[678, [2, 3, 4, 16, 18, 32, 36, 48, 72, 81, 96, 108, 162]]
[679, [2, 3, 8, 9, 16, 18, 24, 32, 48, 72, 81, 96, 108, 162]]
[680, [2, 3, 4, 9, 27, 32, 48, 72, 81, 96, 144, 162]]
[681, [1, 12, 18, 24, 27, 32, 36, 48, 81, 96, 144, 162]]
[682, [1, 12, 16, 18, 32, 36, 48, 72, 81, 96, 108, 162]]
[683, [2, 4, 6, 8, 9, 24, 32, 36, 48, 54, 64, 96, 108, 192]]
[684, [3, 4, 6, 8, 9, 12, 16, 18, 27, 32, 48, 54, 81, 96, 108, 162]]
[685, [2, 4, 6, 8, 9, 24, 27, 32, 54, 72, 81, 96, 108, 162]]
[686, [2, 3, 4, 16, 24, 27, 36, 48, 54, 64, 72, 144, 192]]
[687, [2, 4, 6, 9, 16, 18, 24, 27, 32, 48, 54, 81, 96, 108, 162]]
[688, [2, 3, 8, 9, 12, 24, 32, 36, 48, 54, 64, 96, 108, 192]]
[689, [2, 3, 4, 12, 27, 32, 36, 54, 72, 81, 96, 108, 162]]
[690, [2, 3, 8, 9, 12, 24, 27, 32, 54, 72, 81, 96, 108, 162]]
[691, [2, 3, 6, 12, 18, 24, 27, 32, 36, 48, 81, 96, 144, 162]]
[692, [2, 3, 9, 12, 16, 18, 24, 27, 32, 48, 54, 81, 96, 108, 162]]
[693, [2, 3, 4, 9, 24, 36, 48, 72, 81, 108, 144, 162]]
[694, [2, 3, 6, 9, 12, 27, 32, 48, 72, 81, 96, 144, 162]]
[695, [2, 4, 6, 8, 12, 18, 27, 32, 36, 54, 64, 96, 144, 192]]
[696, [1, 9, 18, 27, 32, 36, 54, 72, 81, 96, 108, 162]]
[697, [1, 9, 12, 24, 36, 48, 72, 81, 108, 144, 162]]
[698, [2, 4, 6, 8, 16, 18, 27, 32, 36, 48, 54, 81, 96, 108, 162]]
[699, [3, 4, 6, 8, 9, 12, 16, 18, 24, 32, 48, 72, 81, 96, 108, 162]]
[700, [2, 3, 6, 12, 16, 24, 27, 36, 48, 54, 64, 72, 144, 192]]
[701, [1, 8, 24, 27, 32, 36, 54, 72, 81, 96, 108, 162]]
[702, [2, 3, 6, 9, 16, 18, 27, 54, 72, 81, 108, 144, 162]]
[703, [2, 3, 8, 12, 16, 18, 27, 32, 36, 48, 54, 81, 96, 108, 162]]
[704, [1, 9, 12, 27, 36, 48, 64, 72, 81, 162, 192]]
[705, [1, 6, 27, 32, 36, 48, 72, 81, 96, 144, 162]]
[706, [2, 3, 6, 9, 18, 27, 32, 36, 54, 72, 81, 96, 108, 162]]
[707, [2, 3, 6, 9, 12, 24, 36, 48, 72, 81, 108, 144, 162]]
[708, [1, 8, 16, 24, 32, 36, 81, 96, 108, 144, 162]]
[709, [1, 8, 9, 36, 48, 64, 81, 108, 162, 192]]
[710, [2, 3, 6, 12, 18, 24, 27, 32, 36, 54, 64, 96, 144, 192]]
[711, [2, 3, 6, 8, 24, 27, 32, 36, 54, 72, 81, 96, 108, 162]]
[712, [2, 4, 6, 8, 9, 12, 32, 48, 81, 96, 108, 144, 162]]
[713, [2, 3, 6, 16, 18, 24, 27, 32, 36, 48, 54, 81, 96, 108, 162]]
[714, [2, 3, 6, 9, 12, 27, 36, 48, 64, 72, 81, 162, 192]]
[715, [2, 4, 6, 8, 9, 24, 27, 32, 48, 72, 81, 96, 144, 162]]
[716, [2, 3, 6, 9, 16, 27, 32, 48, 54, 72, 81, 96, 108, 162]]
[717, [1, 8, 12, 27, 48, 54, 72, 81, 108, 144, 162]]
[718, [2, 3, 8, 12, 16, 18, 24, 32, 36, 48, 72, 81, 96, 108, 162]]
[719, [2, 4, 6, 9, 12, 18, 27, 32, 36, 54, 72, 81, 96, 108, 162]]
[720, [2, 3, 8, 9, 12, 24, 27, 32, 48, 72, 81, 96, 144, 162]]
[721, [2, 3, 9, 12, 16, 18, 24, 27, 36, 48, 54, 64, 72, 144, 192]]
[722, [2, 4, 8, 9, 12, 16, 18, 27, 32, 48, 54, 72, 96, 108, 216]]
[723, [2, 3, 4, 9, 27, 36, 48, 54, 72, 108, 144, 216]]
[724, [2, 4, 6, 8, 12, 24, 27, 32, 36, 54, 72, 81, 96, 108, 162]]
[725, [1, 8, 16, 18, 48, 54, 64, 72, 108, 144, 192]]
[726, [2, 4, 6, 12, 16, 18, 24, 27, 32, 36, 48, 54, 81, 96, 108, 162]]
[727, [2, 3, 4, 16, 18, 27, 36, 54, 72, 81, 108, 144, 162]]
[728, [2, 3, 8, 9, 16, 18, 24, 27, 54, 72, 81, 108, 144, 162]]
[729, [2, 4, 6, 9, 12, 16, 27, 32, 48, 54, 72, 81, 96, 108, 162]]
[730, [2, 4, 6, 9, 12, 16, 24, 27, 36, 54, 72, 108, 144, 216]]
[731, [1, 8, 24, 27, 32, 36, 48, 72, 81, 96, 144, 162]]
[732, [2, 3, 8, 9, 18, 24, 27, 32, 36, 54, 72, 81, 96, 108, 162]]
[733, [3, 4, 6, 8, 9, 12, 16, 18, 27, 32, 48, 54, 64, 96, 144, 192]]
[734, [2, 3, 9, 12, 16, 18, 24, 27, 32, 36, 72, 81, 96, 144, 162]]
[735, [2, 3, 6, 8, 16, 18, 48, 54, 64, 72, 108, 144, 192]]
[736, [2, 3, 6, 9, 18, 27, 32, 36, 48, 72, 81, 96, 144, 162]]
[737, [2, 3, 8, 12, 16, 18, 24, 32, 36, 54, 64, 72, 96, 108, 192]]
[738, [2, 3, 6, 8, 12, 32, 36, 48, 81, 96, 108, 144, 162]]
[739, [2, 3, 8, 9, 16, 18, 24, 32, 36, 81, 96, 108, 144, 162]]
[740, [2, 3, 8, 9, 12, 24, 27, 36, 48, 64, 72, 81, 162, 192]]
[741, [2, 3, 4, 16, 27, 32, 36, 48, 54, 72, 81, 96, 108, 162]]
[742, [2, 3, 8, 9, 16, 24, 27, 32, 48, 54, 72, 81, 96, 108, 162]]
[743, [2, 4, 6, 8, 9, 18, 27, 48, 54, 72, 81, 108, 144, 162]]
[744, [2, 3, 6, 8, 9, 32, 48, 72, 96, 108, 144, 216]]
[745, [2, 4, 8, 9, 12, 18, 24, 27, 32, 36, 54, 72, 81, 96, 108, 162]]
[746, [3, 4, 6, 8, 9, 12, 16, 18, 24, 36, 48, 54, 64, 108, 144, 192]]
[747, [2, 3, 4, 16, 18, 27, 32, 54, 81, 96, 108, 144, 162]]
[748, [3, 4, 6, 8, 9, 12, 16, 18, 24, 27, 54, 72, 81, 108, 144, 162]]
[749, [2, 4, 6, 9, 12, 18, 27, 32, 36, 48, 72, 81, 96, 144, 162]]
[750, [1, 8, 24, 27, 32, 36, 54, 64, 72, 96, 144, 192]]
[751, [1, 12, 16, 18, 27, 32, 54, 81, 96, 108, 144, 162]]
[752, [3, 4, 6, 8, 9, 12, 18, 24, 27, 32, 36, 54, 72, 81, 96, 108, 162]]
[753, [2, 3, 4, 18, 24, 32, 36, 48, 54, 64, 72, 96, 108, 192]]
[754, [2, 4, 6, 8, 12, 24, 27, 32, 36, 48, 72, 81, 96, 144, 162]]
[755, [2, 4, 8, 9, 12, 16, 24, 27, 32, 48, 54, 72, 81, 96, 108, 162]]
[756, [2, 4, 6, 9, 12, 16, 18, 32, 48, 54, 81, 96, 162, 216]]
[757, [1, 12, 18, 24, 32, 36, 48, 54, 64, 72, 96, 108, 192]]
[758, [2, 3, 6, 9, 18, 24, 27, 48, 54, 72, 81, 108, 144, 162]]
[759, [1, 8, 18, 27, 36, 48, 54, 72, 81, 108, 144, 162]]
[760, [2, 3, 6, 8, 24, 27, 32, 36, 54, 64, 72, 96, 144, 192]]
[761, [2, 3, 6, 12, 16, 18, 27, 32, 54, 81, 96, 108, 144, 162]]
[762, [3, 4, 6, 8, 9, 12, 16, 24, 27, 32, 48, 54, 72, 81, 96, 108, 162]]
[763, [2, 3, 6, 12, 16, 18, 24, 48, 54, 64, 72, 108, 144, 192]]
[764, [2, 3, 6, 8, 9, 36, 48, 64, 72, 108, 192, 216]]
[765, [2, 3, 6, 9, 16, 27, 32, 48, 54, 64, 72, 96, 144, 192]]
[766, [1, 9, 16, 27, 32, 36, 54, 81, 96, 108, 144, 162]]
[767, [2, 3, 8, 12, 16, 18, 24, 27, 36, 54, 72, 81, 108, 144, 162]]
[768, [1, 6, 18, 32, 48, 72, 81, 96, 108, 144, 162]]
[769, [2, 3, 6, 8, 18, 27, 36, 48, 54, 72, 81, 108, 144, 162]]
[770, [2, 4, 6, 9, 12, 16, 18, 24, 64, 72, 81, 108, 162, 192]]
[771, [2, 4, 6, 9, 16, 18, 27, 32, 36, 48, 54, 72, 81, 96, 108, 162]]
[772, [1, 8, 12, 24, 48, 64, 72, 81, 108, 162, 192]]
[773, [2, 4, 6, 8, 12, 24, 27, 32, 36, 54, 64, 72, 96, 144, 192]]
[774, [2, 3, 9, 12, 16, 18, 24, 27, 32, 36, 64, 81, 96, 162, 192]]
[775, [2, 4, 8, 9, 12, 18, 24, 27, 32, 36, 48, 72, 81, 96, 144, 162]]
[776, [2, 3, 9, 12, 16, 18, 27, 32, 36, 48, 54, 72, 81, 96, 108, 162]]
[777, [2, 3, 6, 9, 12, 18, 48, 64, 72, 81, 108, 162, 192]]
[778, [2, 4, 6, 9, 12, 16, 27, 32, 48, 54, 64, 72, 96, 144, 192]]
[779, [1, 8, 18, 27, 32, 48, 54, 81, 96, 108, 144, 162]]
[780, [2, 4, 6, 8, 12, 18, 24, 27, 36, 64, 81, 144, 162, 192]]
[781, [2, 3, 8, 12, 16, 24, 27, 32, 36, 48, 54, 72, 81, 96, 108, 162]]
[782, [3, 4, 6, 8, 9, 12, 18, 24, 27, 32, 36, 48, 72, 81, 96, 144, 162]]
[783, [2, 3, 4, 18, 24, 27, 36, 48, 54, 72, 81, 108, 144, 162]]
[784, [2, 3, 4, 9, 24, 27, 64, 72, 81, 144, 162, 192]]
[785, [2, 4, 6, 9, 12, 16, 18, 27, 48, 64, 81, 144, 162, 192]]
[786, [1, 12, 16, 18, 24, 36, 64, 72, 81, 108, 162, 192]]
[787, [1, 12, 18, 24, 27, 36, 48, 54, 72, 81, 108, 144, 162]]
[788, [2, 3, 6, 9, 18, 24, 32, 36, 54, 64, 96, 108, 144, 192]]
[789, [2, 4, 6, 9, 12, 16, 27, 32, 36, 54, 81, 96, 108, 144, 162]]
[790, [2, 3, 4, 16, 27, 32, 36, 48, 54, 64, 72, 96, 144, 192]]
[791, [2, 3, 6, 9, 16, 24, 32, 36, 72, 81, 96, 108, 144, 162]]
[792, [1, 4, 36, 64, 81, 108, 144, 162, 192]]
[793, [1, 8, 9, 24, 64, 81, 108, 144, 162, 192]]
[794, [1, 8, 18, 24, 32, 48, 72, 81, 96, 108, 144, 162]]
[795, [2, 3, 4, 8, 27, 36, 64, 72, 81, 144, 162, 192]]
[796, [2, 3, 6, 12, 16, 18, 24, 36, 64, 72, 81, 108, 162, 192]]
[797, [2, 4, 8, 9, 16, 18, 24, 27, 32, 36, 48, 54, 72, 81, 96, 108, 162]]
[798, [2, 3, 6, 9, 16, 24, 32, 48, 54, 64, 96, 108, 144, 192]]
[799, [1, 8, 16, 32, 36, 48, 54, 64, 96, 108, 144, 192]]
[800, [2, 4, 6, 8, 9, 24, 27, 32, 48, 64, 72, 96, 192, 216]]
[801, [1, 9, 12, 32, 36, 48, 72, 81, 96, 108, 144, 162]]
[802, [2, 3, 8, 9, 16, 24, 27, 32, 36, 54, 81, 96, 108, 144, 162]]
[803, [2, 3, 4, 18, 24, 27, 32, 48, 54, 81, 96, 108, 144, 162]]
[804, [3, 4, 6, 8, 9, 16, 18, 24, 27, 32, 36, 48, 54, 72, 81, 96, 108, 162]]
[805, [2, 4, 6, 8, 9, 16, 27, 54, 64, 72, 81, 108, 162, 192]]
[806, [1, 12, 16, 18, 24, 32, 64, 81, 96, 108, 162, 192]]
[807, [1, 12, 18, 24, 27, 32, 48, 54, 81, 96, 108, 144, 162]]
[808, [1, 6, 18, 32, 48, 64, 81, 96, 108, 162, 192]]
[809, [2, 3, 6, 8, 16, 32, 36, 48, 54, 64, 96, 108, 144, 192]]
[810, [2, 3, 8, 9, 12, 16, 27, 54, 64, 72, 81, 108, 162, 192]]
[811, [2, 6, 8, 9, 12, 16, 18, 24, 27, 32, 36, 48, 54, 72, 81, 96, 108, 162]]
[812, [2, 4, 6, 9, 12, 18, 27, 32, 36, 48, 54, 96, 108, 144, 216]]
[813, [1, 8, 18, 24, 32, 54, 64, 72, 96, 108, 144, 192]]
[814, [1, 8, 18, 24, 36, 48, 64, 72, 81, 108, 162, 192]]
[815, [2, 4, 8, 9, 12, 16, 24, 27, 32, 36, 54, 81, 96, 108, 144, 162]]
[816, [2, 3, 4, 9, 32, 36, 54, 64, 72, 96, 108, 144, 192]]
[817, [2, 3, 6, 12, 18, 24, 27, 32, 48, 54, 81, 96, 108, 144, 162]]
[818, [3, 4, 6, 8, 9, 12, 16, 18, 24, 27, 48, 64, 81, 144, 162, 192]]
[819, [1, 8, 12, 27, 32, 64, 81, 96, 144, 162, 192]]
[820, [2, 4, 6, 9, 16, 18, 27, 32, 36, 48, 54, 64, 72, 96, 144, 192]]
[821, [1, 8, 16, 27, 36, 54, 64, 72, 81, 108, 162, 192]]
[822, [3, 4, 6, 8, 9, 12, 16, 24, 27, 32, 36, 54, 81, 96, 108, 144, 162]]
[823, [2, 3, 4, 16, 24, 32, 36, 48, 54, 64, 96, 108, 144, 192]]
[824, [2, 4, 6, 8, 12, 16, 27, 32, 54, 72, 81, 96, 108, 144, 162]]
[825, [2, 3, 4, 16, 24, 27, 32, 54, 72, 81, 96, 108, 144, 162]]
[826, [2, 3, 4, 9, 27, 48, 54, 64, 72, 81, 108, 162, 192]]
[827, [1, 12, 16, 24, 32, 36, 48, 54, 64, 96, 108, 144, 192]]
[828, [2, 3, 4, 8, 24, 36, 64, 81, 108, 144, 162, 192]]
[829, [1, 12, 16, 24, 27, 32, 54, 72, 81, 96, 108, 144, 162]]
[830, [2, 3, 8, 12, 16, 24, 27, 32, 36, 48, 54, 64, 72, 96, 144, 192]]
[831, [1, 6, 27, 32, 48, 54, 72, 81, 96, 108, 144, 162]]
[832, [2, 3, 6, 9, 24, 27, 32, 36, 48, 54, 81, 96, 108, 144, 162]]
[833, [2, 4, 6, 9, 12, 16, 24, 27, 54, 64, 72, 81, 108, 162, 192]]
[834, [1, 8, 18, 24, 32, 48, 64, 81, 96, 108, 162, 192]]
[835, [2, 4, 6, 8, 9, 16, 27, 48, 64, 72, 81, 144, 162, 192]]
[836, [2, 4, 6, 8, 12, 18, 24, 32, 54, 64, 72, 96, 108, 144, 192]]
[837, [2, 3, 8, 9, 12, 24, 32, 36, 48, 72, 81, 96, 108, 144, 162]]
[838, [2, 4, 8, 9, 12, 18, 24, 27, 32, 36, 48, 54, 96, 108, 144, 216]]
[839, [2, 3, 6, 12, 16, 24, 27, 32, 54, 72, 81, 96, 108, 144, 162]]
[840, [2, 3, 6, 9, 12, 27, 48, 54, 64, 72, 81, 108, 162, 192]]
[841, [1, 9, 12, 32, 36, 48, 64, 81, 96, 108, 162, 192]]
[842, [2, 3, 6, 8, 12, 24, 36, 64, 81, 108, 144, 162, 192]]
[843, [2, 4, 8, 9, 12, 16, 18, 32, 36, 48, 54, 64, 96, 108, 144, 192]]
[844, [3, 4, 6, 8, 9, 12, 16, 24, 27, 32, 36, 64, 72, 81, 96, 162, 192]]
[845, [2, 4, 6, 9, 12, 24, 27, 32, 36, 48, 54, 81, 96, 108, 144, 162]]
[846, [2, 4, 8, 9, 16, 18, 24, 27, 32, 36, 48, 54, 64, 72, 96, 144, 192]]
[847, [2, 3, 6, 9, 12, 16, 48, 64, 81, 108, 144, 162, 192]]
[848, [2, 3, 4, 18, 24, 27, 32, 48, 54, 72, 96, 108, 144, 216]]
[849, [1, 12, 16, 24, 27, 36, 54, 64, 72, 81, 108, 162, 192]]
[850, [3, 4, 6, 8, 9, 12, 16, 18, 32, 36, 48, 54, 64, 96, 108, 144, 192]]
[851, [2, 4, 6, 8, 9, 24, 32, 36, 54, 64, 72, 96, 108, 144, 192]]
[852, [3, 4, 6, 8, 9, 12, 16, 18, 27, 32, 54, 72, 81, 96, 108, 144, 162]]
[853, [3, 4, 6, 8, 9, 16, 18, 24, 27, 32, 36, 48, 54, 64, 72, 96, 144, 192]]
[854, [2, 3, 6, 9, 24, 27, 32, 36, 48, 64, 72, 81, 96, 162, 192]]
[855, [2, 4, 6, 9, 16, 18, 24, 27, 32, 54, 72, 81, 96, 108, 144, 162]]
[856, [2, 3, 8, 9, 12, 24, 32, 36, 54, 64, 72, 96, 108, 144, 192]]
[857, [1, 8, 24, 27, 32, 48, 54, 72, 81, 96, 108, 144, 162]]
[858, [2, 3, 9, 12, 16, 18, 24, 32, 36, 48, 54, 64, 96, 108, 144, 192]]
[859, [2, 3, 6, 12, 16, 24, 27, 36, 54, 64, 72, 81, 108, 162, 192]]
[860, [2, 3, 9, 12, 16, 18, 24, 27, 32, 54, 72, 81, 96, 108, 144, 162]]
[861, [2, 4, 6, 8, 9, 24, 27, 48, 54, 64, 72, 81, 108, 162, 192]]
[862, [2, 3, 6, 9, 18, 27, 32, 48, 54, 72, 81, 96, 108, 144, 162]]
[863, [2, 4, 6, 9, 12, 16, 24, 27, 48, 64, 72, 81, 144, 162, 192]]
[864, [2, 4, 6, 8, 12, 16, 27, 32, 54, 64, 81, 96, 108, 162, 192]]
[865, [2, 4, 8, 9, 12, 16, 18, 27, 36, 54, 64, 72, 81, 108, 162, 192]]
[866, [2, 4, 6, 8, 16, 18, 27, 32, 36, 54, 72, 81, 96, 108, 144, 162]]
[867, [2, 3, 6, 8, 24, 27, 32, 48, 54, 72, 81, 96, 108, 144, 162]]
[868, [2, 4, 6, 8, 9, 16, 24, 48, 64, 81, 108, 144, 162, 192]]
[869, [1, 12, 16, 24, 27, 32, 54, 64, 81, 96, 108, 162, 192]]
[870, [2, 3, 8, 9, 12, 16, 18, 54, 64, 96, 108, 192, 288]]
[871, [2, 3, 8, 12, 16, 18, 27, 32, 36, 54, 72, 81, 96, 108, 144, 162]]
[872, [1, 9, 16, 32, 36, 48, 54, 64, 72, 96, 108, 144, 192]]
[873, [2, 4, 6, 9, 12, 18, 24, 27, 32, 64, 81, 96, 144, 162, 192]]
[874, [2, 4, 6, 9, 12, 16, 18, 32, 64, 72, 81, 96, 108, 162, 192]]
[875, [2, 4, 6, 9, 12, 18, 27, 32, 48, 54, 72, 81, 96, 108, 144, 162]]
[876, [1, 8, 12, 32, 48, 64, 72, 81, 96, 108, 162, 192]]
[877, [1, 8, 24, 27, 36, 48, 54, 64, 72, 81, 108, 162, 192]]
[878, [2, 3, 4, 9, 16, 48, 64, 72, 108, 144, 192, 216]]
[879, [2, 3, 6, 12, 16, 24, 27, 32, 54, 64, 81, 96, 108, 162, 192]]
[880, [2, 4, 6, 8, 12, 24, 27, 32, 48, 54, 72, 81, 96, 108, 144, 162]]
[881, [2, 3, 6, 16, 18, 24, 27, 32, 36, 54, 72, 81, 96, 108, 144, 162]]
[882, [2, 3, 6, 9, 16, 32, 36, 48, 54, 64, 72, 96, 108, 144, 192]]
[883, [1, 8, 18, 24, 27, 54, 64, 81, 108, 144, 162, 192]]
[884, [2, 4, 6, 8, 12, 18, 27, 32, 36, 64, 81, 96, 144, 162, 192]]
[885, [2, 4, 8, 9, 12, 16, 18, 27, 32, 54, 64, 81, 96, 108, 162, 192]]
[886, [2, 3, 4, 16, 18, 32, 36, 64, 72, 81, 96, 108, 162, 192]]
[887, [2, 3, 4, 18, 27, 32, 36, 48, 54, 72, 81, 96, 108, 144, 162]]
[888, [2, 3, 8, 9, 18, 24, 27, 32, 48, 54, 72, 81, 96, 108, 144, 162]]
[889, [2, 3, 6, 12, 16, 24, 27, 36, 48, 64, 72, 81, 144, 162, 192]]
[890, [1, 12, 16, 18, 32, 36, 64, 72, 81, 96, 108, 162, 192]]
[891, [1, 12, 18, 27, 32, 36, 48, 54, 72, 81, 96, 108, 144, 162]]
[892, [3, 4, 6, 8, 9, 12, 16, 18, 27, 32, 54, 64, 81, 96, 108, 162, 192]]
[893, [2, 3, 8, 12, 16, 18, 24, 32, 48, 54, 64, 72, 96, 108, 144, 192]]
[894, [2, 4, 6, 12, 16, 18, 24, 27, 32, 36, 54, 72, 81, 96, 108, 144, 162]]
[895, [2, 4, 6, 9, 12, 16, 32, 36, 48, 54, 64, 72, 96, 108, 144, 192]]
[896, [2, 3, 8, 9, 12, 16, 27, 36, 72, 81, 108, 144, 162, 216]]
[897, [1, 8, 24, 27, 32, 48, 54, 64, 81, 96, 108, 162, 192]]
[898, [2, 3, 8, 9, 16, 18, 27, 32, 48, 72, 81, 96, 108, 162, 216]]
[899, [2, 3, 6, 12, 18, 24, 27, 32, 36, 64, 81, 96, 144, 162, 192]]
[900, [2, 4, 6, 8, 12, 24, 27, 36, 48, 54, 64, 72, 81, 108, 162, 192]]
[901, [2, 4, 8, 9, 12, 18, 24, 27, 32, 48, 54, 72, 81, 96, 108, 144, 162]]
[902, [2, 3, 6, 9, 18, 27, 32, 48, 54, 64, 81, 96, 108, 162, 192]]
[903, [2, 3, 6, 9, 18, 24, 27, 36, 54, 64, 108, 144, 192, 216]]
[904, [2, 4, 6, 9, 12, 16, 27, 32, 36, 48, 64, 96, 144, 192, 216]]
[905, [2, 4, 6, 9, 16, 18, 24, 27, 36, 48, 64, 72, 81, 144, 162, 192]]
[906, [2, 4, 6, 8, 16, 18, 27, 32, 36, 54, 64, 81, 96, 108, 162, 192]]
[907, [2, 3, 6, 8, 24, 27, 32, 48, 54, 64, 81, 96, 108, 162, 192]]
[908, [3, 4, 6, 8, 9, 12, 18, 24, 27, 32, 48, 54, 72, 81, 96, 108, 144, 162]]
[909, [2, 3, 6, 12, 16, 24, 27, 32, 48, 64, 81, 96, 144, 162, 192]]
[910, [2, 3, 9, 12, 16, 18, 24, 27, 36, 48, 64, 72, 81, 144, 162, 192]]
[911, [2, 3, 8, 12, 16, 18, 27, 32, 36, 54, 64, 81, 96, 108, 162, 192]]
[912, [2, 3, 4, 9, 27, 36, 48, 72, 81, 108, 144, 162, 216]]
[913, [1, 6, 27, 32, 36, 64, 72, 81, 96, 144, 162, 192]]
[914, [1, 9, 16, 27, 32, 54, 64, 72, 81, 96, 108, 162, 192]]
[915, [2, 4, 6, 9, 12, 18, 27, 32, 48, 54, 64, 81, 96, 108, 162, 192]]
[916, [2, 3, 6, 8, 16, 24, 32, 54, 72, 81, 96, 144, 162, 216]]
[917, [2, 3, 6, 9, 18, 24, 32, 48, 64, 72, 81, 96, 108, 162, 192]]
[918, [1, 8, 18, 32, 36, 48, 64, 72, 81, 96, 108, 162, 192]]
[919, [2, 4, 6, 9, 12, 16, 24, 27, 36, 72, 81, 108, 144, 162, 216]]
[920, [2, 4, 6, 8, 12, 24, 27, 32, 48, 54, 64, 81, 96, 108, 162, 192]]
[921, [2, 4, 8, 9, 12, 16, 24, 32, 36, 48, 54, 64, 72, 96, 108, 144, 192]]
[922, [2, 4, 6, 8, 18, 24, 27, 32, 36, 48, 54, 72, 81, 96, 108, 144, 162]]
[923, [2, 4, 6, 8, 9, 24, 27, 32, 64, 72, 81, 96, 144, 162, 192]]
[924, [2, 3, 6, 9, 16, 27, 32, 54, 64, 72, 81, 96, 108, 162, 192]]
[925, [2, 4, 6, 9, 16, 18, 24, 27, 32, 48, 64, 81, 96, 144, 162, 192]]
[926, [2, 3, 8, 12, 16, 18, 24, 32, 36, 64, 72, 81, 96, 108, 162, 192]]
[927, [2, 3, 8, 12, 18, 24, 27, 32, 36, 48, 54, 72, 81, 96, 108, 144, 162]]
[928, [3, 4, 6, 8, 9, 12, 16, 24, 32, 36, 48, 54, 64, 72, 96, 108, 144, 192]]
[929, [2, 4, 6, 8, 12, 16, 24, 32, 54, 72, 81, 96, 144, 162, 216]]
[930, [2, 4, 6, 9, 12, 18, 24, 32, 48, 64, 72, 81, 96, 108, 162, 192]]
[931, [1, 12, 18, 27, 32, 36, 48, 54, 64, 81, 96, 108, 162, 192]]
[932, [2, 3, 4, 8, 32, 36, 64, 81, 96, 108, 144, 162, 192]]
[933, [1, 6, 16, 36, 54, 64, 72, 96, 108, 192, 288]]
[934, [2, 4, 6, 12, 16, 18, 24, 27, 32, 36, 54, 64, 81, 96, 108, 162, 192]]
[935, [3, 4, 6, 8, 9, 12, 16, 18, 24, 36, 48, 64, 81, 108, 144, 162, 192]]
[936, [2, 4, 6, 8, 16, 18, 27, 32, 36, 48, 64, 81, 96, 144, 162, 192]]
[937, [2, 4, 6, 9, 12, 16, 27, 32, 54, 64, 72, 81, 96, 108, 162, 192]]
[938, [2, 3, 4, 16, 18, 24, 48, 64, 72, 81, 108, 144, 162, 192]]
[939, [1, 8, 24, 27, 32, 36, 64, 72, 81, 96, 144, 162, 192]]
[940, [1, 12, 16, 18, 32, 36, 54, 72, 81, 96, 144, 162, 216]]
[941, [2, 4, 8, 9, 12, 18, 24, 27, 32, 48, 54, 64, 81, 96, 108, 162, 192]]
[942, [2, 3, 4, 18, 24, 32, 36, 48, 64, 72, 81, 96, 108, 162, 192]]
[943, [1, 6, 18, 27, 48, 72, 81, 96, 144, 162, 288]]
[944, [2, 3, 6, 9, 18, 27, 32, 36, 64, 72, 81, 96, 144, 162, 192]]
[945, [2, 3, 9, 12, 16, 18, 24, 27, 32, 54, 64, 72, 96, 108, 192, 216]]
[946, [1, 12, 18, 24, 32, 36, 48, 64, 72, 81, 96, 108, 162, 192]]
[947, [2, 3, 6, 16, 18, 24, 27, 32, 36, 48, 72, 81, 96, 108, 162, 216]]
[948, [3, 4, 6, 8, 9, 12, 18, 24, 27, 32, 48, 54, 64, 81, 96, 108, 162, 192]]
[949, [2, 3, 4, 16, 27, 32, 36, 54, 64, 72, 81, 96, 108, 162, 192]]
[950, [2, 3, 8, 9, 16, 24, 27, 32, 54, 64, 72, 81, 96, 108, 162, 192]]
[951, [2, 3, 6, 16, 18, 24, 27, 32, 36, 48, 64, 81, 96, 144, 162, 192]]
[952, [2, 3, 6, 9, 16, 27, 36, 48, 54, 64, 81, 108, 144, 162, 192]]
[953, [1, 12, 16, 27, 32, 36, 54, 64, 72, 81, 96, 108, 162, 192]]
[954, [2, 3, 6, 9, 16, 27, 32, 48, 64, 72, 81, 96, 144, 162, 192]]
[955, [1, 12, 16, 24, 27, 32, 36, 81, 96, 108, 144, 162, 216]]
[956, [2, 3, 6, 12, 18, 24, 32, 36, 48, 64, 72, 81, 96, 108, 162, 192]]
[957, [2, 4, 6, 9, 12, 18, 27, 32, 36, 64, 72, 81, 96, 144, 162, 192]]
[958, [2, 4, 6, 8, 16, 18, 24, 27, 48, 54, 64, 81, 108, 144, 162, 192]]
[959, [2, 3, 6, 8, 16, 24, 32, 48, 64, 96, 108, 144, 192, 216]]
[960, [2, 3, 4, 12, 24, 32, 36, 64, 81, 96, 108, 144, 162, 192]]
[961, [2, 3, 6, 8, 16, 18, 32, 48, 72, 108, 144, 216, 288]]
[962, [2, 4, 6, 8, 18, 24, 27, 32, 36, 48, 54, 64, 81, 96, 108, 162, 192]]
[963, [2, 4, 8, 9, 12, 16, 24, 27, 32, 54, 64, 72, 81, 96, 108, 162, 192]]
[964, [2, 4, 6, 12, 16, 18, 24, 27, 32, 36, 48, 64, 81, 96, 144, 162, 192]]
[965, [2, 4, 6, 8, 9, 27, 32, 48, 54, 64, 72, 81, 96, 108, 162, 192]]
[966, [2, 3, 6, 9, 18, 24, 27, 54, 64, 72, 81, 108, 144, 162, 192]]
[967, [2, 3, 8, 12, 18, 24, 27, 32, 36, 48, 54, 64, 81, 96, 108, 162, 192]]
[968, [1, 8, 18, 32, 36, 48, 54, 72, 81, 96, 144, 162, 216]]
[969, [2, 4, 6, 8, 12, 16, 24, 32, 54, 64, 81, 96, 162, 192, 216]]
[970, [3, 4, 6, 8, 9, 12, 16, 24, 27, 32, 54, 64, 72, 81, 96, 108, 162, 192]]
[971, [2, 4, 6, 8, 16, 18, 24, 32, 36, 54, 72, 81, 96, 144, 162, 216]]
[972, [2, 4, 6, 8, 9, 16, 32, 48, 64, 81, 96, 108, 144, 162, 192]]
[973, [2, 3, 8, 9, 18, 24, 27, 32, 48, 54, 64, 72, 96, 108, 192, 216]]
[974, [1, 8, 18, 24, 32, 36, 72, 81, 108, 144, 162, 288]]
[975, [2, 3, 9, 12, 16, 18, 24, 27, 32, 48, 64, 72, 96, 144, 192, 216]]
[976, [1, 6, 18, 32, 64, 72, 81, 96, 108, 144, 162, 192]]
[977, [2, 3, 6, 8, 18, 27, 36, 54, 64, 72, 81, 108, 144, 162, 192]]
[978, [2, 3, 8, 9, 16, 24, 27, 36, 48, 54, 64, 81, 108, 144, 162, 192]]
[979, [2, 4, 6, 9, 16, 18, 27, 32, 36, 54, 64, 72, 81, 96, 108, 162, 192]]
[980, [2, 3, 6, 9, 24, 27, 32, 48, 54, 64, 72, 81, 96, 108, 162, 192]]
[981, [1, 8, 27, 32, 36, 48, 54, 64, 72, 81, 96, 108, 162, 192]]
[982, [2, 3, 6, 12, 16, 18, 27, 48, 54, 64, 72, 108, 144, 192, 216]]
[983, [2, 4, 8, 9, 12, 18, 24, 27, 32, 36, 64, 72, 81, 96, 144, 162, 192]]
[984, [2, 3, 9, 12, 16, 18, 27, 32, 36, 54, 64, 72, 81, 96, 108, 162, 192]]
[985, [1, 12, 16, 18, 27, 32, 72, 81, 96, 108, 144, 162, 216]]
[986, [2, 3, 9, 12, 16, 18, 24, 27, 32, 36, 81, 96, 108, 144, 162, 216]]
[987, [2, 3, 6, 8, 16, 27, 48, 54, 64, 72, 81, 108, 144, 162, 192]]
[988, [1, 8, 16, 32, 36, 48, 64, 81, 96, 108, 144, 162, 192]]
[989, [2, 3, 8, 12, 16, 24, 27, 32, 36, 54, 64, 72, 81, 96, 108, 162, 192]]
[990, [3, 4, 6, 8, 9, 12, 18, 24, 27, 32, 36, 64, 72, 81, 96, 144, 162, 192]]
[991, [2, 3, 6, 8, 27, 32, 36, 48, 54, 64, 72, 81, 96, 108, 162, 192]]
[992, [2, 3, 4, 18, 24, 32, 36, 48, 54, 72, 81, 96, 144, 162, 216]]
[993, [2, 4, 6, 9, 12, 24, 27, 32, 48, 54, 64, 72, 81, 96, 108, 162, 192]]
[994, [2, 4, 6, 8, 12, 16, 24, 27, 64, 72, 81, 108, 162, 192, 216]]
[995, [1, 12, 18, 24, 27, 36, 54, 64, 72, 81, 108, 144, 162, 192]]
[996, [1, 12, 18, 24, 32, 36, 48, 54, 72, 81, 96, 144, 162, 216]]
[997, [2, 3, 6, 8, 18, 27, 32, 54, 64, 81, 96, 108, 144, 162, 192]]
[998, [3, 4, 6, 8, 9, 12, 16, 24, 27, 36, 48, 54, 64, 81, 108, 144, 162, 192]]
[999, [2, 3, 6, 8, 16, 24, 36, 48, 64, 72, 96, 144, 192, 288]]
[1000, [3, 4, 6, 8, 9, 12, 16, 24, 27, 32, 48, 64, 72, 81, 96, 144, 162, 192]]
[1001, [2, 3, 4, 16, 24, 27, 48, 54, 64, 72, 81, 108, 144, 162, 192]]
[1002, [1, 8, 18, 24, 32, 64, 72, 81, 96, 108, 144, 162, 192]]
[1003, [2, 4, 6, 8, 16, 18, 24, 27, 48, 54, 64, 72, 108, 144, 192, 216]]
[1004, [2, 4, 6, 8, 12, 27, 32, 36, 48, 54, 64, 72, 81, 96, 108, 162, 192]]
[1005, [2, 4, 8, 9, 16, 18, 24, 27, 32, 36, 54, 64, 72, 81, 96, 108, 162, 192]]
[1006, [2, 3, 6, 12, 18, 24, 32, 36, 48, 54, 72, 81, 96, 144, 162, 216]]
[1007, [2, 4, 6, 8, 18, 24, 27, 32, 36, 48, 54, 64, 72, 96, 108, 192, 216]]
[1008, [2, 3, 8, 9, 16, 18, 27, 48, 54, 64, 72, 81, 108, 144, 162, 192]]
[1009, [1, 12, 24, 27, 32, 36, 48, 54, 64, 72, 81, 96, 108, 162, 192]]
[1010, [2, 4, 6, 8, 12, 18, 27, 32, 54, 64, 81, 96, 108, 144, 162, 192]]
[1011, [2, 4, 6, 8, 12, 16, 32, 36, 48, 64, 81, 96, 108, 144, 162, 192]]
[1012, [3, 4, 6, 8, 9, 16, 18, 24, 27, 32, 36, 54, 64, 72, 81, 96, 108, 162, 192]]
[1013, [1, 8, 18, 27, 32, 48, 72, 81, 96, 108, 144, 162, 216]]
[1014, [2, 3, 9, 12, 16, 18, 27, 32, 36, 48, 64, 72, 81, 96, 144, 162, 192]]
[1015, [2, 3, 6, 12, 16, 24, 27, 48, 54, 64, 72, 81, 108, 144, 162, 192]]
[1016, [1, 12, 16, 24, 32, 36, 48, 64, 81, 96, 108, 144, 162, 192]]
[1017, [2, 3, 6, 9, 16, 27, 32, 48, 54, 64, 96, 108, 144, 192, 216]]
[1018, [2, 3, 6, 8, 18, 32, 36, 48, 54, 64, 81, 96, 162, 192, 216]]
[1019, [2, 6, 8, 9, 12, 16, 18, 24, 27, 32, 36, 54, 64, 72, 81, 96, 108, 162, 192]]
[1020, [2, 4, 6, 9, 12, 18, 27, 32, 36, 54, 64, 96, 108, 144, 192, 216]]
[1021, [2, 4, 8, 9, 12, 16, 18, 27, 48, 54, 64, 72, 81, 108, 144, 162, 192]]
[1022, [2, 3, 6, 9, 18, 24, 32, 36, 64, 72, 96, 108, 144, 192, 216]]
[1023, [2, 4, 6, 9, 12, 16, 27, 32, 36, 72, 81, 96, 108, 144, 162, 216]]
[1024, [2, 3, 8, 9, 12, 24, 32, 36, 48, 54, 64, 108, 144, 192, 288]]
[1025, [2, 4, 8, 9, 12, 18, 27, 32, 36, 48, 54, 64, 72, 81, 96, 108, 162, 192]]
[1026, [2, 3, 6, 12, 16, 24, 32, 36, 48, 64, 81, 96, 108, 144, 162, 192]]
[1027, [2, 4, 8, 9, 12, 18, 24, 27, 32, 36, 48, 81, 96, 108, 144, 162, 216]]
[1028, [3, 4, 6, 8, 9, 12, 16, 18, 27, 48, 54, 64, 72, 81, 108, 144, 162, 192]]
[1029, [2, 3, 6, 9, 16, 24, 32, 54, 64, 72, 81, 96, 162, 192, 216]]
[1030, [2, 3, 8, 9, 12, 27, 32, 36, 54, 64, 81, 96, 108, 144, 162, 192]]
[1031, [2, 4, 6, 9, 16, 18, 24, 27, 48, 54, 64, 72, 81, 108, 144, 162, 192]]
[1032, [3, 4, 6, 8, 9, 12, 18, 27, 32, 36, 48, 54, 64, 72, 81, 96, 108, 162, 192]]
[1033, [2, 3, 8, 9, 18, 24, 27, 32, 36, 54, 64, 96, 108, 144, 192, 216]]
[1034, [3, 4, 6, 8, 9, 12, 18, 24, 27, 32, 36, 48, 81, 96, 108, 144, 162, 216]]
[1035, [2, 4, 6, 9, 18, 24, 27, 32, 36, 48, 54, 64, 72, 81, 96, 108, 162, 192]]
[1036, [2, 3, 9, 12, 16, 18, 24, 27, 48, 54, 64, 72, 81, 108, 144, 162, 192]]
[1037, [2, 3, 4, 18, 24, 27, 32, 48, 72, 81, 96, 108, 144, 162, 216]]
[1038, [2, 3, 6, 9, 12, 24, 36, 54, 64, 96, 108, 144, 192, 288]]
[1039, [3, 4, 6, 8, 9, 12, 16, 18, 32, 36, 48, 64, 81, 96, 108, 144, 162, 192]]
[1040, [2, 3, 9, 12, 18, 24, 27, 32, 36, 48, 54, 64, 72, 81, 96, 108, 162, 192]]
[1041, [1, 12, 18, 24, 27, 32, 48, 72, 81, 96, 108, 144, 162, 216]]
[1042, [3, 4, 6, 8, 9, 16, 18, 24, 27, 32, 36, 48, 64, 72, 81, 96, 144, 162, 192]]
[1043, [3, 4, 6, 8, 9, 12, 16, 24, 27, 36, 48, 54, 64, 72, 108, 144, 192, 216]]
[1044, [1, 8, 12, 24, 48, 72, 81, 96, 108, 144, 162, 288]]
[1045, [2, 3, 8, 9, 12, 24, 32, 36, 64, 72, 81, 96, 108, 144, 162, 192]]
[1046, [1, 12, 16, 18, 32, 48, 64, 72, 81, 96, 108, 144, 162, 192]]
[1047, [2, 3, 8, 12, 16, 18, 27, 36, 48, 54, 64, 72, 81, 108, 144, 162, 192]]
[1048, [2, 4, 6, 9, 12, 16, 18, 36, 48, 54, 81, 96, 162, 216, 288]]
[1049, [2, 6, 8, 9, 12, 16, 18, 24, 27, 32, 36, 48, 64, 72, 81, 96, 144, 162, 192]]
[1050, [2, 3, 6, 9, 16, 27, 32, 36, 64, 81, 96, 108, 162, 192, 216]]
[1051, [2, 3, 6, 12, 18, 24, 27, 32, 48, 72, 81, 96, 108, 144, 162, 216]]
[1052, [2, 3, 6, 9, 16, 27, 32, 48, 54, 72, 81, 108, 144, 162, 288]]
[1053, [2, 4, 6, 9, 12, 24, 27, 32, 36, 54, 64, 81, 96, 108, 144, 162, 192]]
[1054, [2, 3, 4, 16, 24, 32, 36, 54, 64, 72, 81, 96, 162, 192, 216]]
[1055, [2, 4, 6, 8, 12, 18, 27, 32, 54, 64, 72, 96, 108, 144, 192, 216]]
[1056, [2, 3, 6, 12, 16, 18, 32, 48, 64, 72, 81, 96, 108, 144, 162, 192]]
[1057, [2, 3, 6, 16, 18, 24, 27, 36, 48, 54, 64, 72, 81, 108, 144, 162, 192]]
[1058, [1, 12, 16, 24, 32, 36, 54, 64, 72, 81, 96, 162, 192, 216]]
[1059, [2, 3, 4, 8, 24, 54, 64, 72, 96, 108, 144, 192, 288]]
[1060, [1, 9, 18, 27, 32, 54, 64, 72, 81, 96, 108, 144, 162, 192]]
[1061, [1, 9, 16, 32, 36, 48, 64, 72, 81, 96, 108, 144, 162, 192]]
[1062, [2, 4, 6, 8, 16, 18, 27, 32, 48, 54, 64, 81, 96, 108, 144, 162, 192]]
[1063, [3, 4, 6, 8, 9, 12, 16, 24, 27, 32, 48, 54, 64, 96, 108, 144, 192, 216]]
[1064, [2, 3, 8, 9, 16, 18, 32, 36, 48, 64, 72, 96, 108, 144, 192, 216]]
[1065, [1, 8, 24, 27, 32, 54, 64, 72, 81, 96, 108, 144, 162, 192]]
[1066, [2, 3, 6, 9, 24, 27, 32, 36, 48, 72, 81, 96, 108, 144, 162, 216]]
[1067, [2, 3, 8, 12, 16, 18, 27, 32, 48, 54, 64, 81, 96, 108, 144, 162, 192]]
[1068, [2, 3, 6, 12, 16, 24, 32, 36, 54, 64, 72, 81, 96, 162, 192, 216]]
[1069, [2, 3, 6, 9, 16, 18, 24, 64, 81, 96, 108, 162, 192, 288]]
[1070, [2, 4, 6, 12, 16, 18, 24, 27, 36, 48, 54, 64, 72, 81, 108, 144, 162, 192]]
[1071, [2, 3, 6, 9, 16, 32, 36, 48, 64, 72, 81, 96, 108, 144, 162, 192]]
[1072, [2, 4, 6, 9, 16, 18, 27, 32, 36, 48, 54, 64, 96, 108, 144, 192, 216]]
[1073, [2, 3, 8, 12, 16, 18, 24, 32, 36, 54, 64, 72, 108, 144, 192, 288]]
[1074, [2, 4, 8, 9, 12, 16, 18, 32, 36, 54, 64, 72, 81, 96, 162, 192, 216]]
[1075, [2, 3, 6, 8, 24, 27, 32, 54, 64, 72, 81, 96, 108, 144, 162, 192]]
[1076, [2, 3, 8, 9, 16, 24, 27, 32, 36, 64, 81, 96, 108, 162, 192, 216]]
[1077, [2, 3, 6, 16, 18, 24, 27, 32, 48, 54, 64, 81, 96, 108, 144, 162, 192]]
[1078, [2, 3, 8, 9, 16, 24, 27, 32, 48, 54, 72, 81, 108, 144, 162, 288]]
[1079, [2, 4, 6, 9, 12, 24, 27, 32, 36, 48, 72, 81, 96, 108, 144, 162, 216]]
[1080, [2, 3, 4, 12, 18, 32, 54, 64, 81, 96, 144, 162, 192, 216]]
[1081, [3, 4, 6, 8, 9, 12, 16, 18, 32, 36, 54, 64, 72, 81, 96, 162, 192, 216]]
[1082, [2, 3, 8, 9, 16, 27, 32, 36, 48, 54, 64, 81, 96, 108, 144, 162, 192]]
[1083, [2, 4, 6, 9, 12, 18, 27, 32, 54, 64, 72, 81, 96, 108, 144, 162, 192]]
[1084, [2, 4, 6, 9, 12, 16, 32, 36, 48, 64, 72, 81, 96, 108, 144, 162, 192]]
[1085, [2, 3, 6, 9, 24, 27, 32, 36, 54, 64, 72, 96, 108, 144, 192, 216]]
[1086, [1, 8, 24, 32, 36, 48, 54, 64, 72, 81, 96, 162, 192, 216]]
[1087, [2, 4, 6, 9, 16, 18, 24, 32, 36, 48, 64, 72, 96, 108, 144, 192, 216]]
[1088, [2, 4, 6, 8, 12, 24, 27, 32, 54, 64, 72, 81, 96, 108, 144, 162, 192]]
[1089, [2, 3, 9, 12, 16, 18, 24, 32, 36, 54, 64, 72, 81, 96, 162, 192, 216]]
[1090, [2, 4, 6, 12, 16, 18, 24, 27, 32, 48, 54, 64, 81, 96, 108, 144, 162, 192]]
[1091, [2, 3, 6, 9, 18, 32, 36, 48, 54, 64, 72, 81, 96, 162, 192, 216]]
[1092, [2, 3, 9, 12, 16, 18, 24, 32, 36, 48, 64, 72, 96, 108, 144, 192, 216]]
[1093, [1, 8, 16, 27, 36, 54, 72, 81, 96, 108, 144, 162, 288]]
[1094, [2, 4, 6, 8, 12, 18, 27, 36, 48, 54, 81, 96, 108, 144, 162, 288]]
[1095, [2, 4, 8, 9, 12, 16, 27, 32, 36, 48, 54, 64, 81, 96, 108, 144, 162, 192]]
[1096, [2, 3, 8, 9, 18, 24, 27, 32, 54, 64, 72, 81, 96, 108, 144, 162, 192]]
[1097, [2, 3, 8, 9, 16, 24, 32, 36, 48, 64, 72, 81, 96, 108, 144, 162, 192]]
[1098, [2, 4, 8, 9, 16, 18, 24, 27, 32, 36, 48, 54, 64, 96, 108, 144, 192, 216]]
[1099, [1, 12, 18, 27, 32, 36, 54, 64, 72, 81, 96, 108, 144, 162, 192]]
[1100, [2, 4, 6, 9, 12, 16, 18, 48, 54, 64, 72, 81, 144, 162, 192, 216]]
[1101, [2, 3, 8, 12, 16, 18, 24, 27, 36, 64, 72, 81, 96, 162, 192, 288]]
[1102, [3, 4, 6, 8, 9, 12, 16, 27, 32, 36, 48, 54, 64, 81, 96, 108, 144, 162, 192]]
[1103, [1, 12, 16, 24, 27, 32, 64, 72, 81, 96, 108, 162, 192, 216]]
[1104, [2, 4, 6, 9, 12, 18, 32, 36, 48, 54, 64, 72, 81, 96, 162, 192, 216]]
[1105, [2, 4, 6, 9, 16, 24, 27, 32, 36, 48, 54, 64, 81, 96, 108, 144, 162, 192]]
[1106, [2, 3, 6, 9, 24, 27, 32, 36, 48, 64, 81, 96, 108, 162, 192, 216]]
[1107, [2, 4, 6, 8, 16, 18, 27, 32, 48, 54, 64, 72, 96, 108, 144, 192, 216]]
[1108, [2, 3, 8, 9, 18, 24, 27, 32, 36, 54, 64, 81, 108, 162, 192, 288]]
[1109, [2, 4, 8, 9, 12, 18, 24, 27, 32, 54, 64, 72, 81, 96, 108, 144, 162, 192]]
[1110, [2, 3, 9, 12, 16, 24, 27, 32, 36, 48, 54, 64, 81, 96, 108, 144, 162, 192]]
[1111, [2, 3, 6, 9, 12, 16, 64, 72, 81, 96, 108, 162, 192, 288]]
[1112, [2, 6, 8, 9, 12, 16, 18, 24, 27, 32, 36, 48, 54, 64, 96, 108, 144, 192, 216]]
[1113, [2, 3, 6, 12, 16, 24, 27, 32, 64, 72, 81, 96, 108, 162, 192, 216]]
[1114, [2, 3, 4, 12, 18, 36, 48, 64, 81, 96, 108, 162, 192, 288]]
[1115, [2, 4, 6, 8, 12, 18, 24, 32, 54, 64, 81, 96, 144, 162, 192, 216]]
[1116, [3, 4, 6, 8, 9, 12, 18, 24, 27, 32, 54, 64, 72, 81, 96, 108, 144, 162, 192]]
[1117, [3, 4, 6, 8, 9, 12, 16, 24, 32, 36, 48, 64, 72, 81, 96, 108, 144, 162, 192]]
[1118, [2, 3, 8, 9, 16, 24, 27, 32, 48, 54, 64, 81, 108, 162, 192, 288]]
[1119, [2, 3, 6, 12, 16, 27, 32, 48, 54, 64, 72, 81, 96, 108, 144, 162, 192]]
[1120, [2, 3, 4, 9, 27, 36, 64, 72, 81, 108, 144, 162, 192, 216]]
[1121, [1, 12, 16, 24, 27, 36, 54, 72, 81, 96, 108, 144, 162, 288]]
[1122, [2, 3, 6, 16, 18, 24, 27, 32, 48, 54, 64, 72, 96, 108, 144, 192, 216]]
[1123, [1, 6, 27, 36, 48, 54, 72, 81, 96, 108, 144, 162, 288]]
[1124, [1, 9, 12, 27, 36, 64, 72, 81, 108, 144, 162, 192, 216]]
[1125, [2, 3, 6, 8, 16, 24, 48, 54, 64, 72, 96, 108, 144, 192, 288]]
[1126, [3, 4, 6, 8, 9, 12, 16, 18, 27, 32, 64, 72, 81, 96, 108, 162, 192, 216]]
[1127, [2, 3, 8, 9, 16, 27, 32, 36, 48, 54, 64, 72, 96, 108, 144, 192, 216]]
[1128, [2, 4, 6, 8, 12, 18, 24, 36, 54, 64, 72, 96, 108, 144, 192, 288]]
[1129, [2, 4, 6, 9, 16, 18, 24, 27, 32, 64, 72, 81, 96, 108, 162, 192, 216]]
[1130, [2, 4, 6, 8, 18, 24, 27, 32, 36, 54, 64, 72, 81, 96, 108, 144, 162, 192]]
[1131, [1, 8, 24, 27, 32, 48, 64, 72, 81, 96, 108, 162, 192, 216]]
[1132, [2, 3, 4, 16, 18, 32, 48, 54, 64, 81, 96, 144, 162, 192, 216]]
[1133, [3, 4, 6, 8, 9, 12, 16, 18, 24, 48, 54, 64, 72, 81, 144, 162, 192, 216]]
[1134, [2, 3, 9, 12, 16, 18, 24, 27, 32, 64, 72, 81, 96, 108, 162, 192, 216]]
[1135, [2, 3, 8, 12, 18, 24, 27, 32, 36, 54, 64, 72, 81, 96, 108, 144, 162, 192]]
[1136, [2, 3, 6, 9, 18, 27, 32, 48, 64, 72, 81, 96, 108, 162, 192, 216]]
[1137, [3, 4, 6, 8, 9, 12, 18, 24, 32, 36, 48, 54, 64, 72, 81, 96, 162, 192, 216]]
[1138, [2, 3, 8, 9, 12, 24, 27, 48, 54, 72, 81, 96, 108, 144, 162, 288]]
[1139, [2, 3, 8, 9, 16, 18, 32, 36, 48, 64, 72, 81, 108, 162, 192, 288]]
[1140, [2, 3, 9, 12, 16, 18, 27, 32, 48, 54, 64, 72, 81, 96, 108, 144, 162, 192]]
[1141, [2, 3, 6, 8, 24, 27, 32, 48, 64, 72, 81, 96, 108, 162, 192, 216]]
[1142, [1, 9, 12, 27, 48, 54, 64, 81, 96, 108, 162, 192, 288]]
[1143, [2, 3, 6, 8, 16, 27, 36, 54, 64, 81, 96, 108, 162, 192, 288]]
[1144, [2, 3, 6, 8, 12, 32, 54, 64, 72, 81, 96, 144, 162, 192, 216]]
[1145, [2, 3, 8, 12, 16, 24, 27, 32, 48, 54, 64, 72, 81, 96, 108, 144, 162, 192]]
[1146, [2, 3, 6, 12, 16, 18, 32, 48, 54, 64, 81, 96, 144, 162, 192, 216]]
[1147, [3, 4, 6, 8, 9, 12, 16, 27, 32, 36, 48, 54, 64, 72, 96, 108, 144, 192, 216]]
[1148, [1, 8, 16, 24, 36, 64, 72, 81, 96, 108, 162, 192, 288]]
[1149, [2, 4, 6, 9, 12, 18, 27, 32, 48, 64, 72, 81, 96, 108, 162, 192, 216]]
[1150, [2, 4, 6, 9, 16, 24, 27, 32, 36, 48, 54, 64, 72, 96, 108, 144, 192, 216]]
[1151, [1, 16, 18, 27, 32, 36, 48, 54, 64, 72, 81, 96, 108, 144, 162, 192]]
[1152, [2, 3, 8, 12, 16, 18, 24, 36, 48, 54, 64, 72, 81, 144, 162, 192, 216]]
[1153, [2, 3, 6, 9, 16, 18, 36, 64, 72, 81, 96, 108, 162, 192, 288]]
[1154, [2, 4, 6, 8, 12, 24, 27, 32, 48, 64, 72, 81, 96, 108, 162, 192, 216]]
[1155, [2, 3, 9, 12, 16, 24, 27, 32, 36, 48, 54, 64, 72, 96, 108, 144, 192, 216]]
[1156, [2, 4, 6, 8, 12, 16, 27, 36, 54, 64, 81, 96, 108, 162, 192, 288]]
[1157, [2, 4, 6, 9, 16, 18, 24, 27, 36, 48, 64, 81, 108, 144, 162, 192, 216]]
[1158, [2, 3, 4, 12, 24, 32, 54, 64, 72, 81, 96, 144, 162, 192, 216]]
[1159, [2, 3, 6, 8, 24, 27, 36, 48, 54, 72, 81, 96, 108, 144, 162, 288]]
[1160, [2, 4, 6, 8, 9, 18, 32, 54, 64, 72, 81, 96, 144, 162, 192, 216]]
[1161, [2, 4, 8, 9, 16, 18, 24, 27, 32, 48, 54, 64, 72, 81, 96, 108, 144, 162, 192]]
[1162, [2, 3, 8, 9, 18, 24, 27, 32, 48, 64, 72, 81, 96, 108, 162, 192, 216]]
[1163, [1, 6, 27, 36, 48, 54, 64, 81, 96, 108, 162, 192, 288]]
[1164, [2, 3, 8, 9, 16, 18, 27, 36, 54, 64, 81, 96, 108, 162, 192, 288]]
[1165, [1, 12, 18, 27, 32, 36, 48, 64, 72, 81, 96, 108, 162, 192, 216]]
[1166, [3, 4, 6, 8, 9, 12, 16, 18, 24, 48, 54, 64, 72, 96, 108, 144, 192, 288]]
[1167, [2, 4, 6, 8, 16, 18, 24, 32, 48, 54, 64, 81, 96, 144, 162, 192, 216]]
[1168, [3, 4, 6, 8, 9, 16, 18, 24, 27, 32, 48, 54, 64, 72, 81, 96, 108, 144, 162, 192]]
[1169, [2, 3, 6, 8, 16, 27, 36, 48, 72, 81, 96, 108, 162, 216, 288]]
[1170, [1, 8, 18, 24, 32, 48, 64, 81, 108, 144, 162, 192, 288]]
[1171, [2, 3, 6, 12, 16, 18, 27, 48, 64, 72, 81, 108, 144, 162, 192, 216]]
[1172, [2, 3, 8, 12, 16, 18, 24, 32, 48, 54, 64, 81, 96, 144, 162, 192, 216]]
[1173, [2, 4, 8, 9, 16, 18, 24, 27, 32, 36, 48, 54, 64, 81, 108, 162, 192, 288]]
[1174, [2, 4, 6, 12, 16, 18, 27, 32, 36, 48, 54, 64, 72, 81, 96, 108, 144, 162, 192]]
[1175, [2, 6, 8, 9, 12, 16, 18, 24, 27, 32, 48, 54, 64, 72, 81, 96, 108, 144, 162, 192]]
[1176, [1, 8, 18, 32, 36, 54, 64, 72, 81, 96, 144, 162, 192, 216]]
[1177, [2, 4, 8, 9, 12, 16, 18, 27, 36, 54, 64, 81, 96, 108, 162, 192, 288]]
[1178, [2, 3, 8, 9, 12, 24, 27, 48, 54, 64, 81, 96, 108, 162, 192, 288]]
[1179, [2, 3, 4, 12, 27, 32, 36, 64, 81, 96, 108, 144, 162, 192, 216]]
[1180, [2, 3, 8, 9, 12, 24, 27, 32, 64, 81, 96, 108, 144, 162, 192, 216]]
[1181, [2, 4, 6, 8, 12, 16, 32, 36, 48, 54, 72, 81, 144, 162, 216, 288]]
[1182, [3, 4, 6, 8, 9, 12, 18, 24, 27, 32, 48, 64, 72, 81, 96, 108, 162, 192, 216]]
[1183, [2, 3, 4, 16, 24, 27, 36, 48, 72, 81, 96, 108, 162, 216, 288]]
[1184, [3, 4, 6, 8, 9, 12, 16, 18, 27, 36, 54, 64, 81, 96, 108, 162, 192, 288]]
[1185, [2, 3, 8, 12, 16, 18, 24, 36, 48, 54, 64, 72, 96, 108, 144, 192, 288]]
[1186, [2, 3, 6, 8, 18, 32, 36, 54, 64, 72, 81, 96, 144, 162, 192, 216]]
[1187, [2, 3, 8, 16, 18, 24, 27, 32, 36, 48, 54, 64, 72, 81, 96, 108, 144, 162, 192]]
[1188, [2, 4, 6, 9, 12, 18, 24, 32, 54, 64, 72, 81, 96, 144, 162, 192, 216]]
[1189, [1, 8, 24, 27, 36, 48, 54, 64, 81, 96, 108, 162, 192, 288]]
[1190, [2, 3, 6, 9, 24, 27, 32, 36, 48, 64, 72, 81, 144, 162, 192, 288]]
[1191, [1, 8, 24, 27, 32, 36, 64, 81, 96, 108, 144, 162, 192, 216]]
[1192, [2, 4, 6, 8, 16, 18, 24, 27, 48, 64, 72, 81, 108, 144, 162, 192, 216]]
[1193, [2, 4, 8, 9, 12, 18, 24, 27, 36, 48, 54, 72, 81, 96, 108, 144, 162, 288]]
[1194, [2, 3, 6, 9, 18, 27, 36, 48, 54, 64, 81, 96, 108, 162, 192, 288]]
[1195, [1, 6, 18, 27, 48, 81, 96, 108, 144, 162, 216, 288]]
[1196, [2, 4, 6, 8, 18, 24, 27, 32, 36, 48, 64, 72, 81, 96, 108, 162, 192, 216]]
[1197, [2, 3, 8, 12, 16, 18, 24, 27, 48, 64, 72, 81, 108, 144, 162, 192, 216]]
[1198, [2, 3, 4, 12, 18, 24, 64, 81, 96, 108, 144, 162, 192, 288]]
[1199, [2, 4, 6, 8, 12, 18, 32, 36, 54, 64, 72, 81, 96, 144, 162, 192, 216]]
[1200, [2, 4, 8, 12, 16, 18, 24, 27, 32, 36, 48, 54, 64, 72, 81, 96, 108, 144, 162, 192]]
[1201, [2, 3, 8, 12, 18, 24, 27, 32, 36, 48, 64, 72, 81, 96, 108, 162, 192, 216]]
[1202, [2, 3, 8, 9, 16, 27, 32, 36, 48, 54, 64, 72, 81, 108, 162, 192, 288]]
[1203, [2, 4, 6, 9, 12, 24, 27, 32, 36, 48, 64, 72, 81, 144, 162, 192, 288]]
[1204, [1, 12, 18, 24, 32, 36, 54, 64, 72, 81, 96, 144, 162, 192, 216]]
[1205, [1, 12, 16, 24, 27, 32, 54, 64, 81, 108, 144, 162, 192, 288]]
[1206, [2, 3, 6, 9, 16, 27, 32, 48, 64, 81, 96, 108, 144, 162, 192, 216]]
[1207, [3, 4, 6, 8, 12, 16, 18, 24, 27, 32, 36, 48, 54, 64, 72, 81, 96, 108, 144, 162, 192]]
[1208, [2, 4, 6, 8, 9, 24, 32, 36, 48, 64, 81, 108, 144, 162, 192, 288]]
[1209, [2, 4, 6, 8, 12, 16, 32, 48, 54, 64, 72, 81, 96, 144, 162, 192, 216]]
[1210, [2, 3, 4, 16, 24, 32, 48, 54, 64, 72, 81, 96, 144, 162, 192, 216]]
[1211, [2, 3, 6, 9, 18, 24, 27, 32, 64, 96, 108, 144, 162, 192, 324]]
[1212, [2, 3, 8, 9, 16, 24, 27, 36, 48, 64, 72, 81, 108, 144, 162, 192, 216]]
[1213, [2, 3, 8, 9, 12, 24, 32, 36, 48, 64, 81, 108, 144, 162, 192, 288]]
[1214, [2, 3, 6, 12, 18, 24, 32, 36, 54, 64, 72, 81, 96, 144, 162, 192, 216]]
[1215, [2, 4, 8, 9, 12, 16, 27, 32, 36, 48, 54, 64, 72, 81, 108, 162, 192, 288]]
[1216, [2, 3, 6, 9, 16, 27, 36, 54, 64, 72, 81, 96, 108, 162, 192, 288]]
[1217, [2, 3, 8, 9, 16, 18, 32, 48, 54, 64, 72, 81, 96, 144, 162, 192, 216]]
[1218, [2, 3, 9, 12, 16, 18, 24, 27, 36, 48, 72, 81, 96, 108, 162, 216, 288]]
[1219, [2, 4, 6, 9, 12, 16, 27, 32, 48, 64, 81, 96, 108, 144, 162, 192, 216]]
[1220, [2, 3, 8, 9, 18, 24, 27, 36, 48, 54, 64, 81, 96, 108, 162, 192, 288]]
[1221, [1, 8, 18, 27, 32, 64, 72, 81, 96, 108, 144, 162, 192, 216]]
[1222, [2, 3, 8, 9, 18, 24, 27, 32, 36, 64, 81, 96, 108, 144, 162, 192, 216]]
[1223, [2, 3, 8, 9, 16, 18, 24, 32, 64, 72, 81, 108, 144, 162, 192, 288]]
[1224, [2, 3, 6, 12, 16, 24, 32, 48, 54, 64, 72, 81, 96, 144, 162, 192, 216]]
[1225, [2, 4, 8, 9, 12, 16, 24, 27, 36, 48, 64, 72, 81, 108, 144, 162, 192, 216]]
[1226, [1, 12, 16, 18, 32, 36, 64, 72, 81, 108, 144, 162, 192, 288]]
[1227, [2, 3, 8, 12, 16, 18, 24, 27, 54, 64, 72, 81, 96, 108, 162, 192, 288]]
[1228, [3, 4, 6, 8, 9, 12, 16, 18, 27, 32, 54, 64, 81, 108, 144, 162, 192, 288]]
[1229, [2, 4, 6, 9, 12, 16, 27, 36, 54, 64, 72, 81, 96, 108, 162, 192, 288]]
[1230, [2, 4, 8, 9, 12, 16, 18, 32, 48, 54, 64, 72, 81, 96, 144, 162, 192, 216]]
[1231, [2, 3, 4, 16, 27, 32, 36, 48, 64, 81, 96, 108, 144, 162, 192, 216]]
[1232, [3, 4, 6, 8, 9, 12, 16, 24, 27, 36, 48, 64, 72, 81, 108, 144, 162, 192, 216]]
[1233, [2, 4, 8, 9, 12, 18, 24, 27, 36, 48, 54, 64, 81, 96, 108, 162, 192, 288]]
[1234, [2, 3, 8, 9, 16, 18, 27, 32, 48, 72, 81, 108, 144, 162, 216, 288]]
[1235, [2, 4, 8, 9, 12, 18, 24, 27, 32, 36, 64, 81, 96, 108, 144, 162, 192, 216]]
[1236, [1, 9, 16, 27, 36, 48, 64, 72, 81, 96, 144, 162, 192, 288]]
[1237, [3, 4, 6, 8, 9, 12, 16, 18, 32, 48, 54, 64, 72, 81, 96, 144, 162, 192, 216]]
[1238, [2, 3, 6, 9, 18, 27, 32, 48, 54, 64, 81, 108, 144, 162, 192, 288]]
[1239, [2, 3, 6, 9, 18, 27, 36, 48, 54, 64, 72, 96, 108, 192, 216, 288]]
[1240, [2, 4, 6, 9, 16, 18, 24, 32, 48, 54, 64, 72, 81, 96, 144, 162, 192, 216]]
[1241, [2, 3, 6, 12, 16, 24, 27, 32, 48, 72, 81, 108, 144, 162, 216, 288]]
[1242, [3, 4, 6, 8, 9, 12, 18, 24, 27, 32, 36, 64, 81, 96, 108, 144, 162, 192, 216]]
[1243, [2, 3, 4, 18, 24, 27, 48, 54, 64, 72, 81, 96, 108, 162, 192, 288]]
[1244, [2, 4, 6, 8, 12, 18, 27, 32, 64, 72, 81, 96, 108, 144, 162, 192, 216]]
[1245, [2, 3, 9, 12, 16, 18, 24, 32, 48, 54, 64, 72, 81, 96, 144, 162, 192, 216]]
[1246, [2, 3, 6, 9, 16, 27, 36, 48, 64, 72, 81, 96, 144, 162, 192, 288]]
[1247, [1, 12, 18, 24, 27, 48, 54, 64, 72, 81, 96, 108, 162, 192, 288]]
[1248, [2, 3, 4, 8, 24, 64, 72, 81, 96, 108, 144, 162, 192, 288]]
[1249, [1, 12, 18, 24, 27, 32, 64, 72, 81, 96, 108, 144, 162, 192, 216]]
[1250, [1, 9, 16, 27, 32, 54, 64, 72, 81, 108, 144, 162, 192, 288]]
[1251, [2, 4, 6, 8, 16, 18, 32, 36, 48, 54, 64, 72, 81, 96, 144, 162, 192, 216]]
[1252, [3, 4, 6, 8, 9, 12, 16, 24, 27, 32, 48, 64, 81, 96, 108, 144, 162, 192, 216]]
[1253, [2, 3, 6, 9, 18, 24, 32, 48, 64, 72, 81, 108, 144, 162, 192, 288]]
[1254, [1, 8, 18, 32, 36, 48, 64, 72, 81, 108, 144, 162, 192, 288]]
[1255, [2, 4, 8, 9, 12, 16, 24, 27, 36, 54, 64, 72, 81, 96, 108, 162, 192, 288]]
[1256, [2, 3, 8, 12, 16, 18, 32, 36, 48, 54, 64, 72, 81, 96, 144, 162, 192, 216]]
[1257, [2, 3, 6, 12, 18, 24, 27, 48, 54, 64, 72, 81, 96, 108, 162, 192, 288]]
[1258, [2, 3, 8, 9, 12, 24, 32, 36, 48, 64, 72, 108, 144, 192, 216, 288]]
[1259, [2, 3, 6, 12, 18, 24, 27, 32, 64, 72, 81, 96, 108, 144, 162, 192, 216]]
[1260, [2, 3, 6, 9, 16, 27, 32, 54, 64, 72, 81, 108, 144, 162, 192, 288]]
[1261, [2, 4, 6, 9, 16, 18, 27, 32, 36, 48, 64, 81, 96, 108, 144, 162, 192, 216]]
[1262, [3, 4, 6, 8, 9, 12, 16, 24, 27, 36, 54, 64, 72, 81, 96, 108, 162, 192, 288]]
[1263, [2, 3, 4, 18, 27, 32, 36, 48, 54, 64, 81, 108, 144, 162, 192, 288]]
[1264, [2, 3, 8, 9, 12, 27, 32, 36, 64, 72, 81, 96, 108, 144, 162, 192, 216]]
[1265, [2, 3, 8, 9, 18, 24, 27, 36, 48, 54, 64, 72, 96, 108, 192, 216, 288]]
[1266, [2, 3, 6, 16, 18, 24, 32, 36, 48, 54, 64, 72, 81, 96, 144, 162, 192, 216]]
[1267, [1, 12, 18, 27, 32, 36, 48, 54, 64, 81, 108, 144, 162, 192, 288]]
[1268, [2, 3, 8, 9, 12, 18, 27, 54, 64, 81, 96, 108, 144, 162, 192, 288]]
[1269, [2, 3, 8, 9, 12, 16, 36, 48, 64, 81, 96, 108, 144, 162, 192, 288]]
[1270, [2, 4, 6, 12, 16, 18, 24, 27, 32, 36, 54, 64, 81, 108, 144, 162, 192, 288]]
[1271, [2, 3, 8, 12, 16, 24, 27, 32, 36, 48, 64, 81, 96, 108, 144, 162, 192, 216]]
[1272, [2, 3, 6, 9, 24, 27, 36, 48, 54, 64, 72, 81, 96, 108, 162, 192, 288]]
[1273, [2, 4, 6, 9, 12, 16, 27, 32, 54, 64, 72, 81, 108, 144, 162, 192, 288]]
[1274, [2, 3, 6, 9, 24, 27, 32, 36, 64, 72, 81, 96, 108, 144, 162, 192, 216]]
[1275, [2, 4, 6, 9, 12, 16, 18, 32, 54, 72, 96, 108, 144, 162, 216, 324]]
[1276, [2, 4, 6, 9, 16, 18, 24, 27, 32, 54, 64, 72, 108, 144, 192, 216, 288]]
[1277, [2, 4, 8, 9, 12, 18, 24, 27, 32, 48, 54, 64, 81, 108, 144, 162, 192, 288]]
[1278, [2, 3, 4, 18, 24, 32, 36, 48, 64, 72, 81, 108, 144, 162, 192, 288]]
[1279, [2, 4, 6, 12, 16, 18, 24, 32, 36, 48, 54, 64, 72, 81, 96, 144, 162, 192, 216]]
[1280, [2, 3, 4, 16, 18, 27, 48, 54, 64, 96, 108, 144, 192, 216, 288]]
[1281, [2, 3, 9, 12, 16, 18, 24, 27, 32, 54, 64, 72, 108, 144, 192, 216, 288]]
[1282, [1, 12, 18, 24, 32, 36, 48, 64, 72, 81, 108, 144, 162, 192, 288]]
[1283, [2, 3, 8, 9, 12, 18, 24, 64, 72, 81, 96, 108, 144, 162, 192, 288]]
[1284, [3, 4, 6, 8, 9, 12, 18, 24, 27, 32, 48, 54, 64, 81, 108, 144, 162, 192, 288]]
[1285, [2, 4, 6, 9, 12, 24, 27, 36, 48, 54, 64, 72, 81, 96, 108, 162, 192, 288]]
[1286, [2, 3, 8, 9, 16, 24, 27, 32, 54, 64, 72, 81, 108, 144, 162, 192, 288]]
[1287, [2, 4, 8, 9, 16, 18, 24, 27, 32, 36, 48, 64, 81, 96, 108, 144, 162, 192, 216]]
[1288, [2, 3, 6, 8, 24, 27, 32, 48, 54, 64, 72, 108, 144, 192, 216, 288]]
[1289, [1, 12, 16, 27, 32, 36, 54, 64, 72, 81, 108, 144, 162, 192, 288]]
[1290, [1, 8, 24, 27, 32, 36, 64, 72, 96, 108, 144, 162, 192, 324]]
[1291, [2, 4, 6, 9, 12, 18, 24, 27, 54, 64, 81, 96, 108, 144, 162, 192, 288]]
[1292, [3, 4, 6, 8, 9, 12, 16, 24, 27, 36, 48, 64, 72, 81, 96, 144, 162, 192, 288]]
[1293, [2, 3, 6, 8, 16, 24, 27, 64, 81, 96, 108, 162, 192, 216, 288]]
[1294, [3, 4, 6, 8, 9, 16, 18, 24, 27, 32, 36, 48, 64, 81, 96, 108, 144, 162, 192, 216]]
[1295, [2, 3, 4, 16, 18, 24, 48, 64, 72, 96, 108, 144, 192, 216, 288]]
[1296, [2, 4, 6, 8, 16, 18, 27, 32, 48, 64, 72, 81, 96, 108, 144, 162, 192, 216]]
[1297, [2, 4, 6, 9, 16, 18, 24, 27, 32, 48, 64, 81, 108, 162, 192, 216, 288]]
[1298, [2, 4, 6, 8, 18, 24, 27, 32, 36, 48, 54, 64, 81, 108, 144, 162, 192, 288]]
[1299, [2, 4, 8, 9, 12, 16, 24, 27, 32, 54, 64, 72, 81, 108, 144, 162, 192, 288]]
[1300, [2, 3, 8, 9, 12, 24, 27, 32, 64, 72, 81, 108, 162, 192, 216, 288]]
[1301, [2, 6, 8, 9, 12, 16, 18, 24, 27, 32, 36, 48, 64, 81, 96, 108, 144, 162, 192, 216]]
[1302, [2, 4, 6, 8, 12, 18, 27, 36, 54, 64, 81, 96, 108, 144, 162, 192, 288]]
[1303, [2, 3, 8, 12, 18, 24, 27, 32, 36, 48, 54, 64, 81, 108, 144, 162, 192, 288]]
[1304, [2, 3, 6, 8, 18, 24, 36, 64, 72, 81, 96, 108, 144, 162, 192, 288]]
[1305, [1, 8, 18, 27, 36, 48, 72, 81, 96, 108, 144, 162, 216, 288]]
[1306, [3, 4, 6, 8, 9, 12, 16, 24, 27, 32, 54, 64, 72, 81, 108, 144, 162, 192, 288]]
[1307, [1, 12, 18, 24, 27, 36, 54, 64, 81, 96, 108, 144, 162, 192, 288]]
[1308, [2, 4, 6, 8, 16, 18, 24, 27, 36, 72, 81, 96, 108, 144, 162, 216, 288]]
[1309, [2, 3, 6, 9, 16, 18, 48, 64, 72, 81, 96, 108, 144, 162, 192, 288]]
[1310, [1, 9, 12, 27, 54, 64, 72, 81, 96, 108, 144, 162, 192, 288]]
[1311, [2, 3, 6, 16, 18, 24, 27, 32, 48, 64, 72, 81, 96, 108, 144, 162, 192, 216]]
[1312, [2, 4, 6, 8, 12, 16, 27, 48, 54, 64, 81, 96, 108, 144, 162, 192, 288]]
[1313, [2, 3, 4, 16, 24, 27, 48, 54, 64, 81, 96, 108, 144, 162, 192, 288]]
[1314, [2, 3, 6, 8, 16, 24, 48, 64, 72, 81, 96, 108, 144, 162, 192, 288]]
[1315, [2, 4, 6, 9, 16, 18, 27, 32, 36, 54, 64, 72, 81, 108, 144, 162, 192, 288]]
[1316, [2, 3, 8, 9, 16, 27, 32, 36, 48, 64, 72, 81, 96, 108, 144, 162, 192, 216]]
[1317, [1, 8, 27, 32, 36, 48, 54, 64, 72, 81, 108, 144, 162, 192, 288]]
[1318, [2, 4, 6, 9, 12, 16, 27, 32, 48, 64, 72, 96, 108, 144, 162, 192, 324]]
[1319, [1, 8, 18, 32, 36, 48, 54, 72, 96, 108, 144, 162, 216, 324]]
[1320, [2, 3, 9, 12, 16, 18, 27, 32, 36, 54, 64, 72, 81, 108, 144, 162, 192, 288]]
[1321, [2, 3, 6, 9, 16, 24, 36, 54, 64, 72, 81, 96, 162, 192, 216, 288]]
[1322, [2, 4, 6, 9, 12, 16, 18, 48, 64, 72, 81, 96, 108, 144, 162, 192, 288]]
[1323, [2, 3, 6, 9, 18, 24, 27, 54, 64, 72, 96, 108, 144, 192, 216, 288]]
[1324, [2, 4, 6, 12, 16, 18, 24, 27, 32, 48, 64, 72, 81, 96, 108, 144, 162, 192, 216]]
[1325, [2, 3, 8, 12, 16, 24, 27, 32, 36, 54, 64, 72, 81, 108, 144, 162, 192, 288]]
[1326, [2, 3, 6, 9, 16, 27, 32, 48, 64, 72, 81, 108, 162, 192, 216, 288]]
[1327, [2, 3, 6, 8, 27, 32, 36, 48, 54, 64, 72, 81, 108, 144, 162, 192, 288]]
[1328, [2, 4, 6, 8, 12, 18, 27, 36, 48, 72, 81, 96, 108, 144, 162, 216, 288]]
[1329, [2, 4, 8, 9, 12, 16, 27, 32, 36, 48, 64, 72, 81, 96, 108, 144, 162, 192, 216]]
[1330, [2, 3, 4, 16, 27, 32, 36, 48, 64, 72, 96, 108, 144, 162, 192, 324]]
[1331, [1, 6, 27, 36, 54, 64, 72, 81, 96, 108, 144, 162, 192, 288]]
[1332, [2, 3, 6, 9, 16, 18, 32, 48, 64, 96, 144, 162, 192, 216, 324]]
[1333, [2, 4, 8, 9, 12, 16, 18, 27, 48, 54, 64, 81, 96, 108, 144, 162, 192, 288]]
[1334, [2, 3, 4, 16, 18, 36, 48, 64, 72, 81, 96, 108, 144, 162, 192, 288]]
[1335, [2, 3, 8, 9, 16, 18, 24, 48, 64, 72, 81, 96, 108, 144, 162, 192, 288]]
[1336, [3, 4, 6, 8, 9, 12, 16, 27, 32, 36, 48, 64, 72, 81, 96, 108, 144, 162, 192, 216]]
[1337, [2, 4, 6, 9, 12, 16, 24, 36, 48, 64, 72, 96, 108, 144, 192, 216, 288]]
[1338, [1, 12, 16, 18, 36, 48, 64, 72, 81, 96, 108, 144, 162, 192, 288]]
[1339, [2, 4, 6, 9, 16, 24, 27, 32, 36, 48, 64, 72, 81, 96, 108, 144, 162, 192, 216]]
[1340, [2, 4, 6, 8, 12, 27, 32, 36, 48, 54, 64, 72, 81, 108, 144, 162, 192, 288]]
[1341, [2, 4, 8, 9, 16, 18, 24, 27, 32, 36, 54, 64, 72, 81, 108, 144, 162, 192, 288]]
[1342, [2, 3, 8, 9, 18, 24, 27, 32, 36, 64, 72, 81, 108, 162, 192, 216, 288]]
[1343, [2, 4, 6, 9, 16, 18, 24, 27, 48, 54, 64, 81, 96, 108, 144, 162, 192, 288]]
[1344, [2, 3, 9, 12, 16, 24, 27, 32, 36, 48, 64, 72, 81, 96, 108, 144, 162, 192, 216]]
[1345, [1, 12, 24, 27, 32, 36, 48, 54, 64, 72, 81, 108, 144, 162, 192, 288]]
[1346, [2, 3, 8, 9, 12, 24, 27, 54, 64, 72, 81, 96, 108, 144, 162, 192, 288]]
[1347, [2, 4, 6, 8, 12, 18, 27, 36, 54, 64, 72, 96, 108, 144, 192, 216, 288]]
[1348, [3, 4, 6, 8, 9, 16, 18, 24, 27, 32, 36, 54, 64, 72, 81, 108, 144, 162, 192, 288]]
[1349, [2, 3, 8, 9, 12, 24, 27, 36, 54, 64, 72, 144, 162, 192, 216, 324]]
[1350, [2, 4, 6, 8, 9, 16, 32, 54, 64, 72, 81, 144, 162, 192, 216, 288]]
[1351, [2, 3, 4, 16, 27, 32, 36, 48, 64, 72, 81, 108, 162, 192, 216, 288]]
[1352, [1, 9, 18, 27, 36, 54, 64, 72, 81, 96, 108, 144, 162, 192, 288]]
[1353, [2, 3, 8, 12, 16, 18, 24, 27, 36, 64, 81, 96, 108, 162, 192, 216, 288]]
[1354, [2, 4, 6, 8, 16, 18, 27, 36, 48, 54, 64, 81, 96, 108, 144, 162, 192, 288]]
[1355, [2, 6, 8, 9, 12, 16, 18, 24, 27, 32, 36, 54, 64, 72, 81, 108, 144, 162, 192, 288]]
[1356, [2, 3, 8, 9, 12, 16, 27, 64, 72, 81, 96, 108, 162, 192, 216, 288]]
[1357, [1, 8, 24, 27, 36, 54, 64, 72, 81, 96, 108, 144, 162, 192, 288]]
[1358, [2, 3, 4, 16, 24, 27, 48, 54, 64, 72, 96, 108, 144, 192, 216, 288]]
[1359, [2, 3, 8, 12, 16, 18, 27, 36, 48, 54, 64, 81, 96, 108, 144, 162, 192, 288]]
[1360, [2, 4, 6, 9, 16, 18, 27, 32, 36, 48, 64, 72, 96, 108, 144, 162, 192, 324]]
[1361, [2, 4, 8, 9, 12, 18, 27, 32, 36, 48, 54, 64, 72, 81, 108, 144, 162, 192, 288]]
[1362, [2, 3, 6, 9, 18, 27, 36, 54, 64, 72, 81, 96, 108, 144, 162, 192, 288]]
[1363, [2, 3, 8, 9, 12, 24, 27, 36, 48, 72, 96, 108, 144, 162, 288, 324]]
[1364, [2, 4, 8, 9, 12, 18, 24, 27, 32, 48, 54, 64, 72, 96, 162, 192, 216, 324]]
[1365, [2, 3, 8, 9, 16, 18, 27, 48, 54, 64, 72, 96, 108, 144, 192, 216, 288]]
[1366, [2, 3, 6, 9, 16, 24, 27, 64, 72, 81, 96, 108, 162, 192, 216, 288]]
[1367, [2, 3, 6, 8, 24, 27, 36, 54, 64, 72, 81, 96, 108, 144, 162, 192, 288]]
[1368, [3, 4, 6, 8, 9, 12, 18, 27, 32, 36, 48, 54, 64, 72, 81, 108, 144, 162, 192, 288]]
[1369, [2, 3, 6, 16, 18, 24, 27, 36, 48, 54, 64, 81, 96, 108, 144, 162, 192, 288]]
[1370, [2, 3, 8, 12, 16, 24, 27, 32, 36, 48, 64, 72, 96, 108, 144, 162, 192, 324]]
[1371, [2, 4, 6, 9, 18, 24, 27, 32, 36, 48, 54, 64, 72, 81, 108, 144, 162, 192, 288]]
[1372, [2, 3, 6, 9, 16, 27, 48, 54, 64, 72, 81, 96, 108, 144, 162, 192, 288]]
[1373, [1, 12, 18, 24, 27, 36, 48, 64, 81, 96, 108, 162, 192, 216, 288]]
[1374, [2, 3, 8, 12, 16, 18, 24, 36, 48, 64, 72, 81, 96, 108, 144, 162, 192, 288]]
[1375, [2, 4, 6, 9, 12, 18, 27, 36, 54, 64, 72, 81, 96, 108, 144, 162, 192, 288]]
[1376, [2, 3, 9, 12, 18, 24, 27, 32, 36, 48, 54, 64, 72, 81, 108, 144, 162, 192, 288]]
[1377, [2, 3, 6, 8, 16, 27, 36, 64, 72, 81, 96, 108, 162, 192, 216, 288]]
[1378, [2, 4, 8, 9, 12, 16, 18, 27, 48, 54, 64, 72, 96, 108, 144, 192, 216, 288]]
[1379, [2, 4, 6, 9, 12, 16, 24, 27, 64, 72, 81, 96, 108, 162, 192, 216, 288]]
[1380, [2, 4, 6, 8, 12, 24, 27, 36, 54, 64, 72, 81, 96, 108, 144, 162, 192, 288]]
[1381, [2, 4, 6, 9, 16, 18, 27, 32, 36, 48, 64, 72, 81, 108, 162, 192, 216, 288]]
[1382, [2, 4, 6, 12, 16, 18, 24, 27, 36, 48, 54, 64, 81, 96, 108, 144, 162, 192, 288]]
[1383, [2, 3, 6, 12, 18, 24, 27, 36, 48, 64, 81, 96, 108, 162, 192, 216, 288]]
[1384, [1, 8, 18, 24, 36, 54, 64, 81, 96, 144, 162, 192, 216, 288]]
[1385, [2, 4, 6, 9, 12, 16, 27, 48, 54, 64, 72, 81, 96, 108, 144, 162, 192, 288]]
[1386, [2, 3, 9, 12, 16, 18, 27, 32, 36, 48, 64, 72, 81, 108, 162, 192, 216, 288]]
[1387, [1, 8, 9, 54, 64, 72, 81, 96, 144, 162, 192, 216, 288]]
[1388, [2, 3, 8, 9, 18, 24, 27, 36, 54, 64, 72, 81, 96, 108, 144, 162, 192, 288]]
[1389, [2, 4, 6, 8, 12, 16, 32, 36, 54, 64, 72, 81, 144, 162, 192, 216, 288]]
[1390, [2, 4, 6, 8, 12, 16, 27, 36, 64, 72, 81, 96, 108, 162, 192, 216, 288]]
[1391, [2, 3, 8, 12, 16, 24, 27, 32, 36, 48, 64, 72, 81, 108, 162, 192, 216, 288]]
[1392, [2, 4, 6, 8, 16, 18, 24, 27, 32, 64, 81, 108, 144, 162, 192, 216, 288]]
[1393, [2, 3, 9, 12, 16, 18, 24, 27, 48, 54, 64, 72, 96, 108, 144, 192, 216, 288]]
[1394, [1, 12, 16, 24, 32, 36, 54, 64, 72, 81, 144, 162, 192, 216, 288]]
[1395, [1, 12, 16, 24, 27, 36, 64, 72, 81, 96, 108, 162, 192, 216, 288]]
[1396, [1, 6, 32, 36, 48, 54, 64, 72, 81, 144, 162, 192, 216, 288]]
[1397, [2, 3, 4, 16, 27, 36, 48, 54, 64, 72, 81, 96, 108, 144, 162, 192, 288]]
[1398, [2, 3, 8, 9, 16, 24, 27, 48, 54, 64, 72, 81, 96, 108, 144, 162, 192, 288]]
[1399, [2, 4, 6, 8, 16, 18, 27, 36, 48, 54, 64, 72, 96, 108, 144, 192, 216, 288]]
[1400, [2, 6, 8, 9, 12, 16, 18, 24, 27, 32, 36, 48, 64, 72, 96, 108, 144, 162, 192, 324]]
[1401, [2, 4, 8, 9, 12, 18, 24, 27, 36, 54, 64, 72, 81, 96, 108, 144, 162, 192, 288]]
[1402, [1, 8, 12, 27, 48, 64, 72, 96, 108, 162, 192, 288, 324]]
[1403, [1, 6, 18, 27, 64, 81, 96, 108, 144, 162, 192, 216, 288]]
[1404, [2, 3, 8, 12, 16, 18, 27, 36, 48, 54, 64, 72, 96, 108, 144, 192, 216, 288]]
[1405, [2, 3, 6, 12, 16, 24, 27, 36, 64, 72, 81, 96, 108, 162, 192, 216, 288]]
[1406, [2, 4, 6, 8, 9, 24, 32, 48, 54, 64, 72, 81, 144, 162, 192, 216, 288]]
[1407, [2, 4, 8, 9, 16, 18, 24, 27, 32, 36, 48, 64, 72, 81, 108, 162, 192, 216, 288]]
[1408, [3, 4, 6, 8, 9, 12, 18, 24, 27, 36, 54, 64, 72, 81, 96, 108, 144, 162, 192, 288]]
[1409, [1, 12, 16, 24, 32, 36, 54, 64, 72, 96, 108, 162, 192, 216, 324]]
[1410, [2, 4, 8, 9, 12, 16, 18, 32, 36, 54, 64, 72, 81, 144, 162, 192, 216, 288]]
[1411, [2, 4, 8, 9, 12, 16, 24, 27, 48, 54, 64, 72, 81, 96, 108, 144, 162, 192, 288]]
[1412, [2, 3, 8, 9, 12, 24, 27, 48, 64, 72, 81, 96, 108, 162, 192, 216, 288]]
[1413, [2, 3, 4, 18, 24, 27, 32, 48, 64, 81, 108, 144, 162, 192, 216, 288]]
[1414, [2, 3, 6, 16, 18, 24, 27, 36, 48, 54, 64, 72, 96, 108, 144, 192, 216, 288]]
[1415, [1, 9, 12, 24, 54, 64, 72, 81, 96, 144, 162, 192, 216, 288]]
[1416, [1, 12, 16, 18, 27, 36, 64, 72, 96, 108, 162, 192, 288, 324]]
[1417, [3, 4, 6, 8, 9, 12, 16, 18, 32, 36, 54, 64, 72, 81, 144, 162, 192, 216, 288]]
[1418, [3, 4, 6, 8, 9, 12, 16, 24, 27, 48, 54, 64, 72, 81, 96, 108, 144, 162, 192, 288]]
[1419, [2, 3, 6, 12, 16, 24, 32, 36, 54, 64, 72, 96, 108, 162, 192, 216, 324]]
[1420, [2, 4, 6, 9, 16, 18, 24, 32, 36, 54, 64, 72, 81, 144, 162, 192, 216, 288]]
[1421, [2, 6, 8, 9, 12, 16, 18, 24, 27, 32, 36, 48, 64, 72, 81, 108, 162, 192, 216, 288]]
[1422, [1, 8, 24, 32, 36, 48, 54, 64, 72, 81, 144, 162, 192, 216, 288]]
[1423, [1, 8, 24, 27, 36, 48, 64, 72, 81, 96, 108, 162, 192, 216, 288]]
[1424, [2, 3, 4, 16, 18, 36, 48, 54, 64, 81, 96, 144, 162, 192, 216, 288]]
[1425, [2, 3, 9, 12, 16, 18, 24, 32, 36, 54, 64, 72, 81, 144, 162, 192, 216, 288]]
[1426, [2, 3, 9, 12, 16, 18, 24, 27, 36, 64, 72, 81, 96, 108, 162, 192, 216, 288]]
[1427, [2, 4, 6, 9, 16, 18, 27, 36, 48, 54, 64, 72, 81, 96, 108, 144, 162, 192, 288]]
[1428, [2, 3, 6, 9, 18, 27, 36, 48, 64, 72, 81, 96, 108, 162, 192, 216, 288]]
[1429, [1, 8, 18, 24, 27, 64, 81, 96, 108, 144, 162, 192, 216, 288]]
[1430, [1, 12, 16, 24, 27, 32, 36, 64, 108, 144, 162, 192, 288, 324]]
[1431, [3, 4, 6, 8, 9, 12, 18, 24, 27, 32, 36, 54, 64, 96, 144, 162, 192, 216, 324]]
[1432, [2, 3, 9, 12, 16, 18, 27, 36, 48, 54, 64, 72, 81, 96, 108, 144, 162, 192, 288]]
[1433, [2, 3, 6, 8, 24, 27, 36, 48, 64, 72, 81, 96, 108, 162, 192, 216, 288]]
[1434, [2, 4, 6, 8, 12, 16, 27, 32, 64, 72, 81, 108, 144, 162, 192, 216, 288]]
[1435, [2, 3, 4, 16, 24, 27, 32, 64, 72, 81, 108, 144, 162, 192, 216, 288]]
[1436, [2, 3, 6, 8, 12, 36, 54, 64, 72, 81, 96, 144, 162, 192, 216, 288]]
[1437, [2, 3, 8, 12, 16, 24, 27, 36, 48, 54, 64, 72, 81, 96, 108, 144, 162, 192, 288]]
[1438, [2, 4, 8, 9, 12, 16, 18, 24, 48, 54, 64, 81, 96, 144, 162, 192, 216, 288]]
[1439, [1, 12, 16, 24, 27, 32, 64, 72, 81, 108, 144, 162, 192, 216, 288]]
[1440, [2, 4, 6, 9, 12, 18, 32, 36, 48, 54, 64, 72, 81, 144, 162, 192, 216, 288]]
[1441, [2, 4, 6, 9, 12, 18, 27, 36, 48, 64, 72, 81, 96, 108, 162, 192, 216, 288]]
[1442, [2, 3, 6, 9, 24, 27, 32, 36, 48, 64, 81, 108, 144, 162, 192, 216, 288]]
[1443, [2, 3, 6, 8, 16, 24, 48, 54, 64, 72, 108, 144, 162, 192, 216, 324]]
[1444, [1, 8, 18, 27, 36, 48, 64, 72, 96, 108, 162, 192, 288, 324]]
[1445, [2, 4, 6, 8, 12, 24, 32, 36, 48, 54, 64, 72, 81, 144, 162, 192, 216, 288]]
[1446, [2, 4, 6, 8, 12, 24, 27, 36, 48, 64, 72, 81, 96, 108, 162, 192, 216, 288]]
[1447, [2, 3, 6, 8, 24, 32, 36, 48, 54, 64, 72, 96, 108, 162, 192, 216, 324]]
[1448, [2, 3, 6, 12, 18, 24, 27, 32, 54, 64, 72, 96, 144, 162, 192, 216, 324]]
[1449, [2, 3, 6, 12, 16, 24, 27, 32, 64, 72, 81, 108, 144, 162, 192, 216, 288]]
[1450, [2, 3, 4, 12, 24, 36, 54, 64, 72, 81, 96, 144, 162, 192, 216, 288]]
[1451, [2, 4, 6, 9, 12, 16, 18, 48, 54, 64, 72, 108, 144, 162, 192, 216, 324]]
[1452, [2, 4, 6, 8, 9, 18, 36, 54, 64, 72, 81, 96, 144, 162, 192, 216, 288]]
[1453, [2, 4, 8, 9, 16, 18, 24, 27, 36, 48, 54, 64, 72, 81, 96, 108, 144, 162, 192, 288]]
[1454, [2, 3, 8, 9, 18, 24, 27, 36, 48, 64, 72, 81, 96, 108, 162, 192, 216, 288]]
[1455, [2, 4, 6, 9, 12, 24, 27, 32, 36, 48, 64, 81, 108, 144, 162, 192, 216, 288]]
[1456, [2, 4, 6, 8, 12, 16, 24, 48, 54, 64, 72, 108, 144, 162, 192, 216, 324]]
[1457, [2, 3, 8, 9, 12, 18, 36, 54, 64, 72, 81, 96, 144, 162, 192, 216, 288]]
[1458, [2, 3, 8, 9, 12, 16, 36, 48, 54, 64, 96, 144, 162, 192, 288, 324]]
[1459, [2, 4, 6, 8, 16, 18, 24, 36, 48, 54, 64, 81, 96, 144, 162, 192, 216, 288]]
[1460, [3, 4, 6, 8, 9, 16, 18, 24, 27, 36, 48, 54, 64, 72, 81, 96, 108, 144, 162, 192, 288]]
[1461, [2, 3, 9, 12, 16, 18, 24, 27, 32, 36, 64, 108, 144, 162, 192, 288, 324]]
[1462, [2, 4, 6, 8, 9, 16, 48, 54, 64, 72, 81, 96, 144, 162, 192, 216, 288]]
[1463, [2, 3, 6, 9, 24, 27, 32, 36, 54, 64, 72, 96, 144, 162, 192, 216, 324]]
[1464, [2, 3, 8, 12, 16, 18, 24, 36, 48, 54, 64, 81, 96, 144, 162, 192, 216, 288]]
[1465, [2, 4, 6, 9, 16, 18, 24, 27, 32, 64, 72, 81, 108, 144, 162, 192, 216, 288]]
[1466, [2, 4, 8, 9, 12, 18, 24, 32, 36, 48, 54, 64, 72, 81, 144, 162, 192, 216, 288]]
[1467, [2, 6, 8, 9, 12, 16, 18, 24, 27, 36, 48, 54, 64, 72, 81, 96, 108, 144, 162, 192, 288]]
[1468, [2, 3, 8, 9, 18, 24, 32, 36, 48, 54, 64, 72, 96, 108, 162, 192, 216, 324]]
[1469, [2, 3, 4, 16, 18, 27, 48, 64, 81, 96, 108, 144, 162, 192, 216, 288]]
[1470, [2, 3, 9, 12, 16, 18, 24, 27, 32, 64, 72, 81, 108, 144, 162, 192, 216, 288]]
[1471, [1, 8, 12, 27, 64, 72, 81, 96, 108, 144, 162, 192, 216, 288]]
[1472, [2, 3, 6, 9, 18, 27, 32, 48, 64, 72, 81, 108, 144, 162, 192, 216, 288]]
[1473, [3, 4, 6, 8, 9, 12, 18, 24, 32, 36, 48, 54, 64, 72, 81, 144, 162, 192, 216, 288]]
[1474, [3, 4, 6, 8, 9, 12, 18, 24, 27, 36, 48, 64, 72, 81, 96, 108, 162, 192, 216, 288]]
[1475, [1, 9, 16, 27, 32, 36, 64, 72, 108, 144, 162, 192, 288, 324]]
[1476, [2, 4, 6, 8, 16, 18, 27, 32, 36, 64, 72, 81, 108, 144, 162, 192, 216, 288]]
[1477, [2, 3, 6, 9, 16, 24, 48, 54, 64, 72, 81, 96, 144, 162, 192, 216, 288]]
[1478, [1, 8, 16, 36, 48, 54, 64, 72, 81, 96, 144, 162, 192, 216, 288]]
[1479, [2, 3, 4, 16, 24, 27, 36, 48, 81, 96, 108, 128, 144, 162, 216, 384]]
[1480, [2, 4, 6, 9, 12, 18, 24, 36, 54, 64, 72, 81, 96, 144, 162, 192, 216, 288]]
[1481, [2, 3, 8, 12, 16, 18, 27, 32, 36, 64, 72, 81, 108, 144, 162, 192, 216, 288]]
[1482, [2, 3, 6, 12, 18, 24, 27, 36, 48, 64, 72, 96, 108, 162, 192, 288, 324]]
[1483, [2, 3, 6, 12, 16, 18, 27, 48, 64, 81, 96, 108, 144, 162, 192, 216, 288]]
[1484, [3, 4, 6, 8, 9, 12, 16, 18, 24, 48, 54, 64, 72, 108, 144, 162, 192, 216, 324]]
[1485, [2, 4, 6, 9, 12, 18, 27, 32, 48, 64, 72, 81, 108, 144, 162, 192, 216, 288]]
[1486, [2, 3, 8, 9, 12, 24, 32, 36, 54, 64, 96, 108, 144, 162, 192, 216, 324]]
[1487, [1, 12, 16, 18, 32, 48, 54, 64, 96, 108, 144, 162, 192, 216, 324]]
[1488, [2, 3, 6, 8, 16, 36, 48, 54, 64, 72, 81, 96, 144, 162, 192, 216, 288]]
[1489, [2, 3, 8, 9, 18, 24, 27, 32, 36, 48, 64, 108, 144, 162, 192, 288, 324]]
[1490, [2, 4, 6, 9, 12, 16, 24, 48, 54, 64, 72, 81, 96, 144, 162, 192, 216, 288]]
[1491, [2, 3, 6, 16, 18, 24, 27, 32, 36, 64, 72, 81, 108, 144, 162, 192, 216, 288]]
[1492, [1, 8, 12, 27, 48, 54, 64, 96, 162, 192, 216, 288, 324]]
[1493, [2, 3, 6, 8, 18, 24, 36, 54, 64, 72, 96, 144, 162, 192, 288, 324]]
[1494, [1, 8, 18, 27, 36, 48, 54, 72, 96, 144, 162, 216, 288, 324]]
[1495, [2, 3, 4, 12, 24, 27, 64, 72, 81, 96, 108, 144, 162, 192, 216, 288]]
[1496, [2, 3, 8, 12, 16, 18, 24, 27, 32, 64, 72, 108, 144, 162, 192, 288, 324]]
[1497, [2, 3, 4, 18, 27, 32, 36, 48, 64, 72, 81, 108, 144, 162, 192, 216, 288]]
[1498, [2, 3, 8, 9, 18, 24, 27, 32, 48, 64, 72, 81, 108, 144, 162, 192, 216, 288]]
[1499, [1, 12, 16, 18, 24, 36, 54, 96, 108, 144, 162, 216, 288, 324]]
[1500, [2, 3, 6, 16, 18, 24, 27, 32, 48, 54, 64, 72, 96, 144, 162, 192, 216, 324]]
[1501, [2, 4, 6, 8, 12, 16, 36, 48, 54, 64, 72, 81, 96, 144, 162, 192, 216, 288]]
[1502, [2, 3, 4, 16, 24, 36, 48, 54, 64, 72, 81, 96, 144, 162, 192, 216, 288]]
[1503, [2, 3, 8, 12, 16, 18, 24, 36, 48, 54, 64, 72, 108, 144, 162, 192, 216, 324]]
[1504, [2, 4, 6, 12, 16, 18, 24, 27, 32, 36, 64, 72, 81, 108, 144, 162, 192, 216, 288]]
[1505, [2, 3, 8, 9, 16, 27, 32, 36, 48, 54, 64, 72, 96, 144, 162, 192, 216, 324]]
[1506, [1, 12, 16, 24, 36, 48, 54, 64, 72, 81, 96, 144, 162, 192, 216, 288]]
[1507, [1, 8, 12, 24, 48, 64, 72, 96, 162, 192, 216, 288, 324]]
[1508, [2, 3, 6, 9, 16, 24, 32, 48, 54, 72, 108, 144, 162, 216, 288, 324]]
[1509, [2, 3, 8, 9, 16, 18, 36, 48, 54, 64, 72, 81, 96, 144, 162, 192, 216, 288]]
[1510, [2, 3, 6, 8, 24, 27, 32, 36, 54, 64, 72, 162, 192, 216, 288, 324]]
[1511, [2, 4, 8, 9, 12, 18, 24, 27, 32, 48, 64, 72, 81, 108, 144, 162, 192, 216, 288]]
[1512, [2, 3, 6, 9, 18, 24, 27, 64, 72, 81, 96, 108, 144, 162, 192, 216, 288]]
[1513, [1, 8, 18, 27, 36, 64, 72, 81, 96, 108, 144, 162, 192, 216, 288]]
[1514, [1, 8, 16, 27, 36, 48, 64, 96, 108, 144, 162, 192, 288, 324]]
[1515, [2, 3, 4, 12, 18, 36, 48, 54, 96, 108, 144, 162, 216, 288, 324]]
[1516, [2, 3, 6, 12, 16, 24, 36, 48, 54, 64, 72, 81, 96, 144, 162, 192, 216, 288]]
[1517, [2, 4, 6, 8, 12, 18, 27, 36, 48, 54, 72, 96, 144, 162, 216, 288, 324]]
[1518, [3, 4, 6, 8, 9, 12, 18, 24, 27, 32, 48, 64, 72, 81, 108, 144, 162, 192, 216, 288]]
[1519, [2, 3, 6, 8, 16, 32, 36, 48, 54, 72, 108, 144, 162, 216, 288, 324]]
[1520, [2, 3, 8, 9, 16, 18, 24, 36, 64, 72, 96, 108, 128, 144, 192, 216, 384]]
[1521, [2, 4, 6, 9, 12, 16, 24, 32, 48, 54, 72, 108, 144, 162, 216, 288, 324]]
[1522, [2, 4, 8, 9, 12, 16, 18, 36, 48, 54, 64, 72, 81, 96, 144, 162, 192, 216, 288]]
[1523, [2, 3, 6, 8, 18, 27, 36, 64, 72, 81, 96, 108, 144, 162, 192, 216, 288]]
[1524, [2, 3, 8, 9, 16, 24, 27, 36, 48, 64, 81, 96, 108, 144, 162, 192, 216, 288]]
[1525, [2, 4, 6, 9, 12, 18, 24, 27, 64, 72, 81, 96, 108, 144, 162, 192, 216, 288]]
[1526, [2, 3, 6, 9, 18, 24, 32, 54, 64, 72, 96, 108, 144, 162, 192, 216, 324]]
[1527, [1, 8, 18, 32, 36, 54, 64, 72, 96, 108, 144, 162, 192, 216, 324]]
[1528, [2, 4, 6, 9, 16, 24, 27, 32, 36, 48, 54, 64, 72, 96, 144, 162, 192, 216, 324]]
[1529, [3, 4, 6, 8, 9, 12, 16, 18, 36, 48, 54, 64, 72, 81, 96, 144, 162, 192, 216, 288]]
[1530, [1, 8, 9, 48, 54, 72, 96, 108, 144, 162, 216, 288, 324]]
[1531, [3, 4, 6, 8, 9, 12, 16, 24, 27, 32, 36, 64, 72, 108, 144, 162, 192, 288, 324]]
[1532, [2, 4, 6, 9, 16, 18, 24, 36, 48, 54, 64, 72, 81, 96, 144, 162, 192, 216, 288]]
[1533, [2, 3, 6, 8, 16, 27, 48, 64, 72, 81, 96, 108, 144, 162, 192, 216, 288]]
[1534, [1, 8, 18, 27, 36, 48, 54, 64, 96, 162, 192, 216, 288, 324]]
[1535, [1, 9, 12, 27, 36, 64, 72, 96, 108, 144, 162, 192, 288, 324]]
[1536, [2, 4, 6, 8, 12, 18, 27, 36, 64, 72, 81, 96, 108, 144, 162, 192, 216, 288]]
[1537, [2, 3, 9, 12, 16, 18, 24, 36, 48, 54, 64, 72, 81, 96, 144, 162, 192, 216, 288]]
[1538, [2, 3, 8, 9, 16, 24, 32, 36, 48, 54, 64, 96, 108, 144, 162, 192, 216, 324]]
[1539, [2, 4, 6, 9, 12, 18, 24, 32, 54, 64, 72, 96, 108, 144, 162, 192, 216, 324]]
[1540, [2, 3, 8, 9, 16, 18, 32, 36, 48, 54, 72, 108, 144, 162, 216, 288, 324]]
[1541, [1, 12, 18, 24, 27, 36, 64, 72, 81, 96, 108, 144, 162, 192, 216, 288]]
[1542, [1, 12, 16, 24, 27, 36, 48, 64, 96, 108, 144, 162, 192, 288, 324]]
[1543, [1, 12, 18, 24, 27, 48, 54, 64, 81, 96, 108, 128, 144, 162, 192, 384]]
[1544, [3, 4, 6, 8, 9, 12, 16, 24, 27, 36, 48, 64, 81, 96, 108, 144, 162, 192, 216, 288]]
[1545, [2, 3, 8, 9, 16, 18, 27, 36, 48, 64, 96, 108, 144, 162, 192, 288, 324]]
[1546, [2, 4, 6, 8, 12, 16, 27, 48, 64, 72, 81, 96, 108, 144, 162, 192, 216, 288]]
[1547, [2, 3, 4, 16, 24, 27, 48, 64, 72, 81, 96, 108, 144, 162, 192, 216, 288]]
[1548, [2, 3, 6, 9, 16, 24, 32, 48, 54, 64, 108, 162, 192, 216, 288, 324]]
[1549, [1, 8, 16, 24, 36, 54, 72, 96, 108, 144, 162, 216, 288, 324]]
[1550, [2, 4, 6, 8, 12, 18, 32, 36, 54, 64, 72, 96, 108, 144, 162, 192, 216, 324]]
[1551, [2, 3, 6, 12, 18, 24, 27, 36, 64, 72, 81, 96, 108, 144, 162, 192, 216, 288]]
[1552, [2, 3, 6, 12, 16, 24, 27, 36, 48, 64, 96, 108, 144, 162, 192, 288, 324]]
[1553, [2, 4, 8, 9, 12, 16, 18, 32, 36, 48, 54, 72, 108, 144, 162, 216, 288, 324]]
[1554, [2, 3, 8, 9, 16, 18, 27, 48, 64, 72, 81, 96, 108, 144, 162, 192, 216, 288]]
[1555, [1, 12, 18, 24, 32, 36, 54, 64, 72, 96, 108, 144, 162, 192, 216, 324]]
[1556, [1, 8, 16, 27, 36, 54, 64, 72, 96, 162, 192, 216, 288, 324]]
[1557, [2, 4, 6, 8, 12, 18, 27, 36, 48, 54, 64, 96, 162, 192, 216, 288, 324]]
[1558, [3, 4, 6, 8, 9, 12, 16, 24, 32, 36, 48, 54, 64, 96, 108, 144, 162, 192, 216, 324]]
[1559, [2, 3, 6, 8, 16, 24, 36, 54, 72, 96, 108, 144, 162, 216, 288, 324]]
[1560, [2, 4, 6, 8, 12, 16, 32, 48, 54, 64, 72, 96, 108, 144, 162, 192, 216, 324]]
[1561, [2, 3, 6, 12, 16, 24, 27, 48, 64, 72, 81, 96, 108, 144, 162, 192, 216, 288]]
[1562, [1, 12, 18, 24, 27, 36, 48, 54, 64, 96, 162, 192, 216, 288, 324]]
[1563, [2, 3, 8, 12, 16, 18, 24, 36, 48, 54, 64, 72, 96, 144, 162, 192, 288, 324]]
[1564, [2, 3, 8, 9, 16, 24, 27, 36, 48, 72, 81, 96, 108, 128, 144, 162, 216, 384]]
[1565, [2, 3, 6, 12, 18, 24, 32, 36, 54, 64, 72, 96, 108, 144, 162, 192, 216, 324]]
[1566, [2, 4, 6, 8, 9, 24, 27, 36, 64, 72, 96, 108, 144, 162, 192, 288, 324]]
[1567, [2, 4, 8, 9, 12, 16, 18, 27, 48, 64, 72, 81, 96, 108, 144, 162, 192, 216, 288]]
[1568, [2, 3, 8, 9, 16, 18, 32, 48, 54, 64, 72, 96, 108, 144, 162, 192, 216, 324]]
[1569, [1, 8, 12, 36, 48, 54, 72, 96, 108, 144, 162, 216, 288, 324]]
[1570, [2, 4, 6, 9, 16, 18, 27, 32, 36, 48, 54, 64, 72, 162, 192, 216, 288, 324]]
[1571, [2, 3, 8, 9, 12, 24, 27, 36, 64, 72, 96, 108, 144, 162, 192, 288, 324]]
[1572, [1, 12, 16, 18, 27, 48, 64, 72, 96, 108, 144, 162, 192, 288, 324]]
[1573, [2, 3, 9, 12, 16, 18, 24, 27, 36, 48, 64, 96, 108, 144, 162, 192, 288, 324]]
[1574, [3, 4, 6, 8, 9, 12, 16, 18, 27, 48, 64, 72, 81, 96, 108, 144, 162, 192, 216, 288]]
[1575, [2, 3, 6, 12, 16, 24, 32, 48, 54, 64, 72, 96, 108, 144, 162, 192, 216, 324]]
[1576, [2, 4, 6, 8, 9, 18, 32, 54, 64, 72, 81, 128, 144, 162, 192, 216, 384]]
[1577, [2, 4, 6, 9, 16, 18, 24, 27, 48, 64, 72, 81, 96, 108, 144, 162, 192, 216, 288]]
[1578, [2, 3, 8, 9, 12, 16, 24, 54, 64, 96, 108, 162, 192, 216, 288, 324]]
[1579, [2, 3, 6, 8, 12, 36, 48, 54, 72, 96, 108, 144, 162, 216, 288, 324]]
[1580, [2, 3, 8, 9, 16, 18, 24, 36, 54, 72, 96, 108, 144, 162, 216, 288, 324]]
[1581, [2, 4, 8, 9, 12, 16, 18, 32, 48, 54, 64, 72, 96, 108, 144, 162, 192, 216, 324]]
[1582, [2, 3, 9, 12, 16, 18, 24, 27, 48, 64, 72, 81, 96, 108, 144, 162, 192, 216, 288]]
[1583, [2, 3, 8, 9, 16, 24, 27, 36, 54, 64, 72, 96, 108, 128, 144, 192, 216, 384]]
[1584, [1, 12, 16, 24, 27, 36, 54, 64, 72, 96, 162, 192, 216, 288, 324]]
[1585, [1, 8, 24, 27, 32, 48, 54, 81, 96, 108, 128, 144, 162, 288, 384]]
[1586, [1, 6, 27, 36, 48, 54, 64, 72, 96, 162, 192, 216, 288, 324]]
[1587, [1, 9, 16, 27, 36, 48, 64, 72, 96, 108, 144, 162, 192, 288, 324]]
[1588, [2, 4, 6, 8, 16, 18, 27, 36, 48, 64, 72, 81, 96, 108, 144, 162, 192, 216, 288]]
[1589, [1, 8, 16, 24, 36, 54, 64, 96, 108, 162, 192, 216, 288, 324]]
[1590, [2, 3, 6, 9, 16, 24, 32, 36, 64, 72, 144, 162, 192, 216, 288, 324]]
[1591, [2, 4, 6, 9, 16, 18, 24, 32, 48, 54, 64, 72, 96, 108, 144, 162, 192, 216, 324]]
[1592, [1, 6, 18, 27, 54, 64, 96, 144, 162, 192, 216, 288, 324]]
[1593, [2, 3, 8, 12, 16, 18, 27, 36, 48, 64, 72, 81, 96, 108, 144, 162, 192, 216, 288]]
[1594, [2, 3, 6, 12, 16, 24, 27, 36, 54, 64, 72, 96, 162, 192, 216, 288, 324]]
[1595, [2, 4, 6, 8, 9, 18, 36, 48, 54, 72, 96, 108, 144, 162, 216, 288, 324]]
[1596, [2, 3, 9, 12, 16, 18, 24, 32, 48, 54, 64, 72, 96, 108, 144, 162, 192, 216, 324]]
[1597, [2, 3, 6, 9, 16, 27, 36, 48, 64, 72, 96, 108, 144, 162, 192, 288, 324]]
[1598, [1, 9, 12, 24, 48, 54, 64, 96, 108, 162, 192, 216, 288, 324]]
[1599, [2, 3, 6, 8, 16, 24, 36, 54, 64, 96, 108, 162, 192, 216, 288, 324]]
[1600, [3, 4, 6, 8, 9, 12, 16, 18, 24, 36, 54, 72, 96, 108, 144, 162, 216, 288, 324]]
[1601, [2, 3, 8, 9, 12, 24, 27, 48, 54, 64, 72, 96, 162, 192, 216, 288, 324]]
[1602, [2, 4, 6, 8, 16, 18, 32, 36, 48, 54, 64, 72, 96, 108, 144, 162, 192, 216, 324]]
[1603, [2, 3, 6, 16, 18, 24, 27, 36, 48, 64, 72, 81, 96, 108, 144, 162, 192, 216, 288]]
[1604, [2, 3, 8, 9, 16, 24, 27, 36, 48, 64, 81, 96, 108, 128, 162, 192, 216, 384]]
[1605, [2, 3, 4, 8, 36, 48, 54, 64, 96, 108, 162, 192, 216, 288, 324]]
[1606, [2, 3, 8, 9, 12, 24, 32, 36, 54, 64, 72, 108, 162, 192, 216, 288, 324]]
[1607, [2, 3, 8, 12, 16, 18, 32, 36, 48, 54, 64, 72, 96, 108, 144, 162, 192, 216, 324]]
[1608, [2, 3, 8, 12, 16, 18, 24, 27, 48, 64, 72, 96, 108, 144, 162, 192, 288, 324]]
[1609, [1, 8, 12, 36, 48, 54, 64, 96, 108, 162, 192, 216, 288, 324]]
[1610, [2, 4, 6, 9, 12, 16, 27, 36, 48, 64, 72, 96, 108, 144, 162, 192, 288, 324]]
[1611, [2, 4, 6, 9, 12, 18, 27, 48, 54, 64, 72, 81, 96, 108, 128, 144, 162, 192, 384]]
[1612, [1, 8, 24, 27, 36, 48, 54, 64, 72, 96, 162, 192, 216, 288, 324]]
[1613, [2, 3, 6, 9, 24, 27, 36, 48, 54, 64, 72, 96, 108, 128, 144, 192, 216, 384]]
[1614, [2, 4, 8, 9, 12, 16, 24, 27, 32, 36, 54, 64, 144, 162, 192, 216, 288, 324]]
[1615, [2, 3, 9, 12, 16, 18, 24, 27, 36, 54, 64, 72, 96, 162, 192, 216, 288, 324]]
[1616, [2, 4, 6, 12, 16, 18, 24, 27, 36, 48, 64, 72, 81, 96, 108, 144, 162, 192, 216, 288]]
[1617, [2, 3, 6, 16, 18, 24, 32, 36, 48, 54, 64, 72, 96, 108, 144, 162, 192, 216, 324]]
[1618, [1, 8, 18, 24, 27, 54, 64, 96, 144, 162, 192, 216, 288, 324]]
[1619, [2, 3, 6, 8, 12, 36, 48, 54, 64, 96, 108, 162, 192, 216, 288, 324]]
[1620, [2, 3, 8, 9, 16, 18, 24, 36, 54, 64, 96, 108, 162, 192, 216, 288, 324]]
[1621, [3, 4, 6, 8, 9, 12, 16, 24, 27, 32, 36, 54, 64, 144, 162, 192, 216, 288, 324]]
[1622, [2, 3, 6, 8, 24, 27, 36, 48, 54, 64, 72, 96, 162, 192, 216, 288, 324]]
[1623, [2, 3, 8, 9, 16, 24, 27, 36, 48, 64, 72, 96, 108, 144, 162, 192, 288, 324]]
[1624, [2, 3, 4, 16, 24, 27, 32, 54, 64, 72, 144, 162, 192, 216, 288, 324]]
[1625, [1, 9, 12, 27, 36, 54, 64, 96, 144, 162, 192, 216, 288, 324]]
[1626, [2, 4, 6, 9, 12, 24, 27, 36, 48, 54, 64, 72, 96, 108, 128, 144, 192, 216, 384]]
[1627, [1, 12, 18, 27, 36, 48, 54, 64, 72, 81, 96, 108, 128, 144, 162, 192, 384]]
[1628, [1, 12, 16, 24, 27, 32, 54, 64, 72, 144, 162, 192, 216, 288, 324]]
[1629, [2, 3, 6, 8, 16, 18, 54, 64, 72, 96, 108, 162, 192, 216, 288, 324]]
[1630, [2, 4, 6, 12, 16, 18, 24, 32, 36, 48, 54, 64, 72, 96, 108, 144, 162, 192, 216, 324]]
[1631, [2, 3, 6, 9, 24, 27, 32, 36, 48, 54, 64, 144, 162, 192, 216, 288, 324]]
[1632, [2, 3, 6, 9, 16, 32, 36, 48, 54, 64, 72, 108, 162, 192, 216, 288, 324]]
[1633, [2, 4, 8, 9, 12, 16, 18, 24, 36, 54, 64, 96, 108, 162, 192, 216, 288, 324]]
[1634, [2, 3, 8, 9, 16, 18, 27, 48, 64, 72, 81, 96, 108, 128, 162, 192, 216, 384]]
[1635, [2, 4, 6, 8, 12, 24, 27, 36, 48, 54, 64, 72, 96, 162, 192, 216, 288, 324]]
[1636, [2, 4, 8, 9, 12, 16, 24, 27, 36, 48, 64, 72, 96, 108, 144, 162, 192, 288, 324]]
[1637, [2, 4, 6, 9, 12, 16, 18, 36, 48, 64, 96, 144, 162, 192, 216, 288, 324]]
[1638, [2, 4, 6, 8, 16, 18, 24, 32, 48, 54, 64, 72, 108, 162, 192, 216, 288, 324]]