[1, 0]
[2, 0]
[3, 0]
[4, 0]
[5, [2, 3]]
[6, 0]
[7, 0]
[8, 0]
[9, 0]
[10, 0]
[11, 0]
[12, 0]
[13, 0]
[14, 0]
[15, 0]
[16, 0]
[17, 0]
[18, 0]
[19, 0]
[20, 0]
[21, 0]
[22, 0]
[23, 0]
[24, 0]
[25, 0]
[26, 0]
[27, 0]
[28, 0]
[29, 0]
[30, 0]
[31, 0]
[32, 0]
[33, [2, 6, 10, 15]]
[34, 0]
[35, [2, 6, 9, 18]]
[36, 0]
[37, 0]
[38, 0]
[39, 0]
[40, 0]
[41, 0]
[42, 0]
[43, 0]
[44, 0]
[45, 0]
[46, 0]
[47, [2, 5, 10, 30]]
[48, 0]
[49, 0]
[50, 0]
[51, 0]
[52, 0]
[53, 0]
[54, [2, 9, 10, 15, 18]]
[55, 0]
[56, 0]
[57, [2, 6, 7, 42]]
[58, 0]
[59, 0]
[60, 0]
[61, [2, 5, 9, 45]]
[62, 0]
[63, 0]
[64, 0]
[65, 0]
[66, 0]
[67, 0]
[68, [3, 5, 6, 9, 45]]
[69, 0]
[70, 0]
[71, 0]
[72, [2, 6, 14, 15, 35]]
[73, 0]
[74, [2, 6, 11, 22, 33]]
[75, [3, 5, 9, 10, 18, 30]]
[76, [2, 7, 10, 15, 42]]
[77, 0]
[78, [2, 7, 9, 18, 42]]
[79, 0]
[80, 0]
[81, 0]
[82, 0]
[83, [3, 6, 7, 10, 15, 42]]
[84, 0]
[85, [3, 6, 7, 9, 18, 42]]
[86, [2, 5, 14, 30, 35]]
[87, [3, 5, 9, 10, 15, 45]]
[88, 0]
[89, 0]
[90, 0]
[91, 0]
[92, [2, 6, 9, 30, 45]]
[93, [2, 9, 14, 15, 18, 35]]
[94, 0]
[95, [2, 9, 11, 18, 22, 33]]
[96, 0]
[97, [3, 5, 7, 10, 30, 42]]
[98, [2, 6, 9, 27, 54]]
[99, 0]
[100, [3, 6, 9, 14, 15, 18, 35]]
[101, 0]
[102, [3, 6, 9, 11, 18, 22, 33]]
[103, 0]
[104, [3, 7, 9, 10, 15, 18, 42]]
[105, 0]
[106, 0]
[107, 0]
[108, 0]
[109, 0]
[110, 0]
[111, [2, 9, 10, 15, 30, 45]]
[112, [2, 5, 14, 21, 70]]
[113, 0]
[114, [3, 5, 9, 14, 18, 30, 35]]
[115, [2, 7, 14, 15, 35, 42]]
[116, 0]
[117, [2, 7, 11, 22, 33, 42]]
[118, [3, 6, 9, 10, 15, 30, 45]]
[119, [3, 5, 6, 14, 21, 70]]
[120, 0]
[121, [2, 6, 15, 21, 35, 42]]
[122, [3, 6, 7, 14, 15, 35, 42]]
[123, 0]
[124, [3, 6, 7, 11, 22, 33, 42]]
[125, [2, 7, 14, 18, 21, 63]]
[126, [2, 6, 10, 18, 90]]
[127, [5, 6, 7, 9, 10, 18, 30, 42]]
[128, [3, 5, 9, 11, 22, 33, 45]]
[129, 0]
[130, [2, 5, 15, 18, 90]]
[131, 0]
[132, [2, 11, 14, 15, 22, 33, 35]]
[133, 0]
[134, 0]
[135, [2, 5, 21, 30, 35, 42]]
[136, [3, 5, 7, 14, 30, 35, 42]]
[137, [3, 5, 6, 15, 18, 90]]
[138, [2, 5, 10, 55, 66]]
[139, [2, 6, 15, 18, 35, 63]]
[140, [3, 5, 9, 14, 18, 21, 70]]
[141, [2, 7, 9, 27, 42, 54]]
[142, [2, 5, 10, 50, 75]]
[143, [2, 6, 14, 21, 30, 70]]
[144, [2, 6, 11, 15, 110]]
[145, [2, 6, 14, 18, 42, 63]]
[146, 0]
[147, 0]
[148, [3, 6, 7, 9, 27, 42, 54]]
[149, [3, 5, 6, 10, 50, 75]]
[150, [2, 9, 14, 15, 30, 35, 45]]
[151, [2, 5, 18, 27, 45, 54]]
[152, [2, 5, 10, 45, 90]]
[153, [2, 5, 18, 30, 35, 63]]
[154, 0]
[155, 0]
[156, [2, 9, 14, 15, 27, 35, 54]]
[157, [2, 9, 10, 15, 22, 99]]
[158, [2, 5, 11, 30, 110]]
[159, [2, 6, 15, 17, 34, 85]]
[160, [3, 5, 6, 18, 30, 35, 63]]
[161, [2, 6, 10, 35, 45, 63]]
[162, [2, 10, 14, 15, 21, 30, 70]]
[163, [3, 5, 9, 18, 21, 30, 35, 42]]
[164, [2, 5, 10, 42, 105]]
[165, [2, 5, 15, 35, 45, 63]]
[166, [3, 5, 9, 10, 18, 55, 66]]
[167, [3, 7, 9, 10, 15, 27, 42, 54]]
[168, [5, 6, 9, 10, 14, 15, 18, 21, 70]]
[169, [2, 5, 15, 35, 42, 70]]
[170, [3, 5, 9, 10, 18, 50, 75]]
[171, [2, 5, 14, 42, 45, 63]]
[172, [3, 5, 6, 15, 35, 45, 63]]
[173, [2, 5, 15, 30, 55, 66]]
[174, [5, 6, 7, 10, 14, 18, 21, 30, 63]]
[175, [2, 7, 10, 21, 30, 105]]
[176, [2, 9, 14, 15, 21, 45, 70]]
[177, [2, 5, 14, 35, 55, 66]]
[178, [3, 5, 6, 14, 42, 45, 63]]
[179, [2, 5, 18, 21, 63, 70]]
[180, [2, 7, 15, 21, 30, 35, 70]]
[181, [2, 5, 14, 35, 50, 75]]
[182, [2, 6, 18, 27, 30, 45, 54]]
[183, [2, 6, 9, 45, 55, 66]]
[184, [2, 6, 7, 78, 91]]
[185, [3, 5, 10, 14, 18, 30, 42, 63]]
[186, [2, 5, 10, 39, 130]]
[187, [2, 5, 15, 30, 45, 90]]
[188, [2, 7, 14, 21, 27, 54, 63]]
[189, [2, 6, 10, 27, 54, 90]]
[190, [2, 6, 7, 70, 105]]
[191, [2, 5, 14, 35, 45, 90]]
[192, [3, 5, 7, 10, 42, 50, 75]]
[193, [2, 5, 15, 27, 54, 90]]
[194, [2, 9, 10, 18, 30, 50, 75]]
[195, [2, 6, 10, 30, 42, 105]]
[196, [2, 6, 15, 30, 35, 45, 63]]
[197, [3, 5, 9, 14, 21, 30, 45, 70]]
[198, [3, 5, 6, 14, 35, 45, 90]]
[199, [2, 5, 15, 30, 42, 105]]
[200, [2, 6, 15, 30, 35, 42, 70]]
[201, [2, 10, 15, 18, 27, 30, 45, 54]]
[202, [2, 6, 14, 30, 42, 45, 63]]
[203, [2, 5, 14, 35, 42, 105]]
[204, [2, 6, 7, 63, 126]]
[205, [2, 6, 9, 35, 63, 90]]
[206, [2, 9, 10, 15, 45, 50, 75]]
[207, [2, 7, 9, 21, 42, 126]]
[208, [2, 6, 14, 27, 42, 54, 63]]
[209, [2, 6, 9, 42, 45, 105]]
[210, [2, 6, 18, 21, 30, 63, 70]]
[211, [2, 7, 9, 18, 70, 105]]
[212, [2, 5, 9, 70, 126]]
[213, [3, 5, 9, 15, 17, 34, 45, 85]]
[214, [2, 6, 18, 21, 35, 42, 90]]
[215, [2, 6, 9, 33, 66, 99]]
[216, [2, 5, 27, 30, 35, 54, 63]]
[217, [2, 5, 18, 21, 45, 126]]
[218, [3, 5, 7, 14, 18, 45, 126]]
[219, [3, 5, 6, 9, 70, 126]]
[220, [3, 5, 11, 18, 22, 30, 33, 35, 63]]
[221, [2, 5, 13, 39, 45, 117]]
[222, [2, 6, 14, 30, 35, 45, 90]]
[223, [2, 7, 10, 15, 63, 126]]
[224, [2, 6, 15, 27, 30, 54, 90]]
[225, [2, 5, 14, 35, 39, 130]]
[226, [2, 5, 21, 35, 42, 55, 66]]
[227, [2, 9, 14, 21, 27, 30, 54, 70]]
[228, [2, 6, 14, 27, 35, 54, 90]]
[229, [2, 5, 15, 23, 69, 115]]
[230, [2, 5, 21, 35, 42, 50, 75]]
[231, [2, 5, 11, 66, 70, 77]]
[232, [2, 7, 10, 27, 42, 54, 90]]
[233, [2, 5, 15, 22, 90, 99]]
[234, [2, 6, 14, 21, 55, 66, 70]]
[235, [3, 5, 10, 13, 18, 30, 39, 117]]
[236, [2, 5, 21, 30, 45, 63, 70]]
[237, [2, 6, 11, 18, 90, 110]]
[238, [2, 6, 14, 21, 50, 70, 75]]
[239, [2, 7, 15, 30, 35, 42, 45, 63]]
[240, [2, 5, 21, 35, 42, 45, 90]]
[241, [2, 9, 14, 15, 35, 45, 55, 66]]
[242, [2, 5, 21, 27, 54, 63, 70]]
[243, [2, 6, 9, 30, 70, 126]]
[244, [2, 5, 18, 35, 55, 63, 66]]
[245, [2, 5, 13, 30, 65, 130]]
[246, [2, 7, 15, 18, 27, 42, 135]]
[247, [2, 5, 15, 25, 50, 150]]
[248, [2, 5, 18, 35, 50, 63, 75]]
[249, [2, 5, 11, 55, 66, 110]]
[250, [2, 7, 11, 22, 33, 70, 105]]
[251, [2, 7, 14, 30, 35, 42, 55, 66]]
[252, [2, 6, 13, 30, 39, 45, 117]]
[253, [2, 5, 11, 50, 75, 110]]
[254, [2, 5, 22, 27, 45, 54, 99]]
[255, [2, 6, 9, 34, 51, 153]]
[256, [2, 5, 22, 30, 35, 63, 99]]
[257, [2, 6, 21, 30, 35, 42, 55, 66]]
[258, [2, 6, 7, 54, 189]]
[259, [2, 5, 15, 21, 90, 126]]
[260, [2, 6, 14, 21, 42, 70, 105]]
[261, [2, 6, 21, 30, 35, 42, 50, 75]]
[262, [2, 5, 10, 35, 210]]
[263, [2, 5, 11, 45, 90, 110]]
[264, [2, 6, 11, 14, 231]]
[265, [2, 7, 14, 30, 35, 42, 45, 90]]
[266, [2, 5, 18, 30, 55, 66, 90]]
[267, [2, 7, 14, 27, 30, 54, 63, 70]]
[268, [2, 5, 15, 50, 55, 66, 75]]
[269, [2, 6, 9, 27, 90, 135]]
[270, [2, 5, 18, 30, 50, 75, 90]]
[271, [2, 6, 10, 22, 66, 165]]
[272, [2, 6, 11, 35, 45, 63, 110]]
[273, [2, 6, 18, 27, 45, 54, 55, 66]]
[274, [2, 5, 21, 35, 39, 42, 130]]
[275, [2, 5, 11, 42, 105, 110]]
[276, [2, 6, 11, 35, 42, 70, 110]]
[277, [2, 7, 10, 15, 54, 189]]
[278, [2, 5, 15, 45, 55, 66, 90]]
[279, [2, 7, 9, 18, 54, 189]]
[280, [2, 5, 21, 27, 45, 54, 126]]
[281, [2, 6, 10, 21, 77, 165]]
[282, [2, 5, 15, 45, 50, 75, 90]]
[283, [2, 7, 10, 14, 75, 175]]
[284, [2, 5, 18, 26, 65, 78, 90]]
[285, [2, 5, 15, 21, 77, 165]]
[286, [2, 6, 10, 42, 55, 66, 105]]
[287, [2, 6, 9, 27, 81, 162]]
[288, [2, 6, 15, 23, 35, 46, 161]]
[289, [2, 6, 10, 21, 75, 175]]
[290, [2, 5, 15, 42, 55, 66, 105]]
[291, [2, 5, 10, 78, 91, 105]]
[292, [2, 5, 17, 30, 51, 85, 102]]
[293, [2, 5, 15, 21, 75, 175]]
[294, [2, 5, 15, 42, 50, 75, 105]]
[295, [2, 6, 13, 14, 78, 182]]
[296, [2, 5, 15, 35, 70, 78, 91]]
[297, [2, 5, 11, 39, 110, 130]]
[298, [2, 5, 14, 45, 63, 78, 91]]
[299, [2, 6, 15, 30, 50, 55, 66, 75]]
[300, [2, 6, 10, 42, 45, 90, 105]]
[301, [2, 6, 11, 18, 66, 198]]
[302, [2, 5, 14, 42, 70, 78, 91]]
[303, [2, 5, 10, 70, 90, 126]]
[304, [2, 6, 7, 51, 238]]
[305, [2, 5, 18, 25, 30, 225]]
[306, [2, 5, 10, 34, 255]]
[307, [2, 6, 9, 35, 45, 210]]
[308, [2, 5, 18, 27, 55, 66, 135]]
[309, [2, 5, 30, 35, 42, 50, 70, 75]]
[310, [2, 5, 15, 33, 66, 90, 99]]
[311, [2, 5, 10, 63, 105, 126]]
[312, [2, 5, 15, 33, 70, 77, 110]]
[313, [2, 6, 10, 25, 45, 225]]
[314, [2, 5, 18, 30, 39, 90, 130]]
[315, [2, 6, 15, 27, 54, 55, 66, 90]]
[316, [2, 5, 15, 35, 63, 70, 126]]
[317, [2, 5, 15, 25, 45, 225]]
[318, [2, 6, 9, 55, 70, 77, 99]]
[319, [2, 5, 13, 26, 78, 195]]
[320, [2, 5, 21, 22, 45, 99, 126]]
[321, [2, 5, 27, 35, 45, 54, 63, 90]]
[322, [2, 5, 14, 42, 63, 70, 126]]
[323, [2, 5, 15, 21, 70, 210]]
[324, [2, 6, 13, 18, 65, 90, 130]]
[325, [2, 7, 9, 18, 51, 238]]
[326, [2, 5, 15, 30, 78, 91, 105]]
[327, [2, 5, 11, 45, 66, 198]]
[328, [2, 5, 21, 23, 46, 70, 161]]
[329, [2, 5, 10, 70, 77, 165]]
[330, [2, 5, 14, 35, 78, 91, 105]]
[331, [2, 5, 14, 21, 119, 170]]
[332, [2, 6, 15, 21, 27, 126, 135]]
[333, [2, 5, 26, 35, 39, 65, 70, 91]]
[334, [2, 5, 18, 27, 42, 105, 135]]
[335, [2, 7, 13, 14, 26, 273]]
[336, [2, 5, 13, 55, 65, 66, 130]]
[337, [2, 5, 10, 70, 75, 175]]
[338, [2, 5, 15, 30, 70, 90, 126]]
[339, [2, 6, 14, 35, 42, 45, 90, 105]]
[340, [2, 5, 9, 54, 270]]
[341, [2, 5, 15, 30, 34, 255]]
[342, [2, 5, 14, 35, 70, 90, 126]]
[343, [2, 6, 13, 39, 45, 55, 66, 117]]
[344, [2, 5, 14, 38, 57, 95, 133]]
[345, [2, 5, 14, 34, 35, 255]]
[346, [2, 5, 14, 33, 77, 105, 110]]
[347, [2, 5, 10, 55, 110, 165]]
[348, [2, 6, 9, 45, 70, 90, 126]]
[349, [2, 5, 30, 35, 39, 45, 63, 130]]
[350, [2, 5, 13, 45, 65, 90, 130]]
[351, [2, 6, 9, 34, 45, 255]]
[352, [2, 6, 14, 25, 35, 45, 225]]
[353, [2, 5, 21, 35, 55, 66, 78, 91]]
[354, [2, 6, 9, 42, 78, 91, 126]]
[355, [2, 5, 10, 65, 78, 195]]
[356, [2, 5, 18, 27, 39, 130, 135]]
[357, [2, 5, 11, 45, 63, 231]]
[358, [2, 6, 7, 49, 294]]
[359, [2, 5, 10, 57, 95, 190]]
[360, [2, 6, 9, 42, 70, 105, 126]]
[361, [2, 5, 10, 55, 102, 187]]
[362, [2, 5, 13, 42, 65, 105, 130]]
[363, [2, 5, 21, 35, 50, 70, 75, 105]]
[364, [2, 5, 15, 30, 70, 77, 165]]
[365, [2, 5, 10, 54, 105, 189]]
[366, [2, 6, 10, 35, 54, 70, 189]]
[367, [2, 5, 21, 35, 45, 78, 90, 91]]
[368, [2, 5, 14, 35, 70, 77, 165]]
[369, [2, 5, 10, 55, 99, 198]]
[370, [2, 5, 15, 35, 54, 70, 189]]
[371, [2, 6, 9, 30, 54, 270]]
[372, [2, 5, 13, 39, 70, 117, 126]]
[373, [2, 5, 11, 35, 110, 210]]
[374, [2, 5, 15, 26, 91, 105, 130]]
[375, [2, 5, 21, 39, 45, 63, 70, 130]]
[376, [2, 5, 14, 35, 70, 75, 175]]
[377, [2, 6, 10, 21, 65, 273]]
[378, [2, 6, 9, 19, 342]]
[379, [2, 7, 9, 18, 49, 294]]
[380, [2, 5, 10, 33, 330]]
[381, [2, 5, 15, 21, 65, 273]]
[382, [2, 5, 15, 27, 81, 90, 162]]
[383, [2, 5, 17, 51, 55, 66, 85, 102]]
[384, [2, 6, 10, 35, 42, 119, 170]]
[385, [2, 5, 14, 21, 98, 245]]
[386, [2, 5, 14, 35, 55, 110, 165]]
[387, [3, 5, 6, 10, 33, 330]]
[388, [2, 5, 13, 45, 63, 78, 182]]
[389, [2, 5, 11, 33, 143, 195]]
[390, [2, 5, 15, 30, 65, 78, 195]]
[391, [2, 5, 18, 45, 50, 70, 75, 126]]
[392, [2, 5, 13, 42, 70, 78, 182]]
[393, [2, 5, 21, 38, 42, 57, 95, 133]]
[394, [2, 5, 14, 35, 65, 78, 195]]
[395, [2, 5, 21, 30, 55, 66, 90, 126]]
[396, [2, 5, 15, 30, 55, 102, 187]]
[397, [2, 6, 10, 18, 171, 190]]
[398, [2, 5, 14, 30, 77, 105, 165]]
[399, [2, 6, 10, 18, 165, 198]]
[400, [2, 5, 14, 35, 55, 102, 187]]
[401, [2, 5, 15, 18, 171, 190]]
[402, [2, 5, 11, 78, 91, 105, 110]]
[403, [2, 5, 14, 21, 95, 266]]
[404, [2, 5, 14, 35, 54, 105, 189]]
[405, [2, 5, 18, 33, 70, 77, 90, 110]]
[406, [2, 5, 14, 30, 75, 105, 175]]
[407, [2, 6, 9, 27, 66, 297]]
[408, [2, 5, 14, 35, 55, 99, 198]]
[409, [2, 6, 7, 105, 119, 170]]
[410, [2, 5, 14, 30, 70, 119, 170]]
[411, [2, 5, 10, 51, 105, 238]]
[412, [2, 5, 18, 34, 35, 63, 255]]
[413, [2, 5, 15, 55, 70, 77, 90, 99]]
[414, [2, 5, 11, 70, 90, 110, 126]]
[415, [2, 5, 15, 18, 150, 225]]
[416, [2, 5, 15, 33, 42, 154, 165]]
[417, [2, 5, 11, 34, 110, 255]]
[418, [2, 5, 14, 45, 51, 63, 238]]
[419, [2, 5, 14, 33, 35, 330]]
[420, [2, 5, 13, 35, 78, 105, 182]]
[421, [2, 5, 15, 19, 95, 285]]
[422, [2, 5, 11, 63, 105, 110, 126]]
[423, [2, 5, 10, 45, 171, 190]]
[424, [2, 5, 18, 19, 95, 114, 171]]
[425, [2, 5, 10, 45, 165, 198]]
[426, [2, 7, 13, 14, 39, 78, 273]]
[427, [2, 5, 21, 35, 54, 55, 66, 189]]
[428, [2, 5, 14, 30, 65, 130, 182]]
[429, [2, 5, 15, 22, 55, 330]]
[430, [2, 5, 14, 30, 78, 91, 210]]
[431, [2, 5, 9, 119, 126, 170]]
[432, [2, 5, 14, 33, 70, 77, 231]]
[433, [2, 5, 15, 50, 70, 75, 90, 126]]
[434, [2, 5, 18, 30, 34, 90, 255]]
[435, [2, 6, 10, 25, 42, 350]]
[436, [2, 5, 14, 30, 70, 105, 210]]
[437, [2, 5, 10, 45, 150, 225]]
[438, [2, 5, 11, 66, 90, 99, 165]]
[439, [2, 5, 15, 25, 42, 350]]
[440, [2, 5, 11, 70, 77, 110, 165]]
[441, [2, 5, 9, 102, 153, 170]]
[442, [2, 5, 14, 39, 42, 130, 210]]
[443, [2, 5, 18, 35, 63, 70, 75, 175]]
[444, [2, 5, 15, 35, 54, 63, 270]]
[445, [2, 5, 9, 105, 135, 189]]
[446, [2, 5, 15, 30, 51, 105, 238]]
[447, [2, 5, 14, 21, 90, 315]]
[448, [2, 5, 11, 70, 75, 110, 175]]
[449, [2, 5, 14, 63, 70, 78, 91, 126]]
[450, [2, 5, 11, 66, 77, 119, 170]]
[451, [2, 5, 15, 45, 63, 90, 105, 126]]
[452, [2, 5, 14, 38, 57, 70, 266]]
[453, [2, 5, 9, 99, 143, 195]]
[454, [2, 5, 11, 70, 77, 102, 187]]
[455, [2, 5, 15, 42, 70, 90, 105, 126]]
[456, [2, 6, 9, 45, 51, 105, 238]]
[457, [2, 5, 9, 105, 126, 210]]
[458, [2, 5, 14, 30, 66, 110, 231]]
[459, [2, 5, 15, 50, 70, 75, 77, 165]]
[460, [2, 5, 13, 35, 65, 130, 210]]
[461, [2, 5, 18, 27, 78, 91, 105, 135]]
[462, [2, 5, 11, 70, 77, 99, 198]]
[463, [2, 6, 7, 98, 105, 245]]
[464, [2, 5, 14, 30, 70, 98, 245]]
[465, [2, 5, 10, 49, 105, 294]]
[466, [2, 5, 11, 65, 78, 110, 195]]
[467, [2, 5, 9, 90, 171, 190]]
[468, [2, 5, 15, 25, 70, 126, 225]]
[469, [2, 5, 9, 90, 165, 198]]
[470, [2, 5, 11, 57, 95, 110, 190]]
[471, [2, 5, 14, 27, 45, 378]]
[472, [2, 5, 11, 55, 102, 110, 187]]
[473, [2, 5, 15, 19, 90, 342]]
[474, [2, 5, 15, 26, 65, 114, 247]]
[475, [2, 6, 7, 75, 175, 210]]
[476, [2, 5, 11, 54, 105, 110, 189]]
[477, [2, 5, 15, 26, 39, 390]]
[478, [2, 5, 11, 66, 70, 126, 198]]
[479, [2, 5, 18, 38, 42, 70, 133, 171]]
[480, [2, 5, 11, 55, 99, 110, 198]]
[481, [2, 5, 9, 90, 150, 225]]
[482, [2, 5, 13, 35, 63, 130, 234]]
[483, [2, 5, 14, 55, 66, 77, 110, 154]]
[484, [2, 6, 9, 30, 99, 143, 195]]
[485, [2, 5, 9, 98, 126, 245]]
[486, [2, 5, 18, 33, 35, 63, 330]]
[487, [2, 5, 14, 50, 75, 77, 110, 154]]
[488, [2, 5, 11, 70, 78, 91, 231]]
[489, [2, 5, 11, 30, 210, 231]]
[490, [2, 6, 9, 35, 63, 150, 225]]
[491, [2, 5, 11, 33, 110, 330]]
[492, [2, 5, 13, 39, 70, 77, 286]]
[493, [2, 5, 14, 50, 75, 77, 105, 165]]
[494, [2, 5, 14, 30, 65, 105, 273]]
[495, [2, 5, 13, 65, 78, 90, 99, 143]]
[496, [2, 5, 18, 21, 50, 175, 225]]
[497, [2, 5, 14, 45, 77, 90, 110, 154]]
[498, [2, 5, 15, 22, 102, 165, 187]]
[499, [2, 5, 15, 42, 55, 105, 110, 165]]
[500, [2, 5, 13, 39, 54, 117, 270]]
[501, [2, 5, 13, 26, 65, 390]]
[502, [2, 5, 14, 25, 105, 126, 225]]
[503, [2, 5, 9, 95, 126, 266]]
[504, [2, 5, 11, 66, 77, 98, 245]]
[505, [2, 5, 14, 50, 70, 75, 119, 170]]
[506, [2, 5, 10, 99, 117, 130, 143]]
[507, [2, 5, 15, 42, 65, 78, 105, 195]]
[508, [2, 5, 11, 63, 70, 126, 231]]
[509, [2, 5, 9, 85, 153, 255]]
[510, [2, 5, 13, 39, 55, 110, 286]]
[511, [2, 5, 9, 90, 135, 270]]
[512, [2, 6, 9, 30, 90, 150, 225]]
[513, [2, 7, 10, 13, 91, 390]]
[514, [2, 5, 11, 55, 77, 154, 210]]
[515, [2, 5, 14, 45, 70, 90, 119, 170]]
[516, [2, 5, 9, 50, 450]]
[517, [2, 7, 9, 15, 99, 385]]
[518, [2, 5, 15, 22, 99, 150, 225]]
[519, [2, 5, 14, 55, 65, 66, 130, 182]]
[520, [2, 5, 13, 30, 78, 182, 210]]
[521, [2, 5, 14, 42, 77, 90, 126, 165]]
[522, [2, 5, 10, 90, 119, 126, 170]]
[523, [2, 5, 9, 78, 195, 234]]
[524, [2, 6, 11, 18, 102, 187, 198]]
[525, [2, 6, 7, 90, 105, 315]]
[526, [2, 5, 14, 30, 57, 133, 285]]
[527, [2, 6, 14, 21, 22, 462]]
[528, [2, 5, 14, 33, 45, 198, 231]]
[529, [2, 5, 9, 81, 162, 270]]
[530, [2, 5, 13, 45, 50, 90, 325]]
[531, [2, 5, 14, 39, 77, 110, 130, 154]]
[532, [2, 5, 10, 90, 102, 153, 170]]
[533, [2, 5, 14, 45, 65, 90, 130, 182]]
[534, [2, 5, 11, 45, 110, 171, 190]]
[535, [2, 5, 13, 65, 70, 75, 130, 175]]
[536, [2, 5, 10, 90, 105, 135, 189]]
[537, [2, 5, 13, 63, 65, 90, 117, 182]]
[538, [2, 5, 10, 91, 105, 130, 195]]
[539, [2, 7, 9, 14, 234, 273]]
[540, [2, 6, 9, 27, 135, 171, 190]]
[541, [2, 5, 11, 33, 105, 385]]
[542, [2, 5, 11, 46, 110, 138, 230]]
[543, [2, 5, 10, 42, 154, 330]]
[544, [2, 6, 7, 46, 483]]
[545, [2, 6, 9, 21, 234, 273]]
[546, [2, 5, 13, 27, 130, 135, 234]]
[547, [2, 5, 9, 90, 126, 315]]
[548, [2, 5, 10, 77, 119, 165, 170]]
[549, [2, 5, 13, 35, 39, 455]]
[550, [2, 5, 11, 45, 102, 187, 198]]
[551, [2, 5, 14, 42, 63, 102, 153, 170]]
[552, [2, 5, 11, 42, 143, 154, 195]]
[553, [2, 5, 14, 50, 66, 75, 110, 231]]
[554, [2, 5, 10, 81, 105, 162, 189]]
[555, [2, 5, 9, 99, 110, 330]]
[556, [2, 5, 10, 75, 119, 170, 175]]
[557, [2, 5, 10, 54, 81, 405]]
[558, [2, 5, 15, 30, 46, 115, 345]]
[559, [2, 5, 10, 42, 150, 350]]
[560, [2, 5, 19, 21, 45, 126, 342]]
[561, [2, 7, 9, 14, 207, 322]]
[562, [2, 5, 11, 54, 70, 189, 231]]
[563, [2, 6, 7, 65, 210, 273]]
[564, [2, 5, 10, 91, 105, 117, 234]]
[565, [2, 6, 10, 18, 115, 414]]
[566, [2, 5, 11, 66, 77, 90, 315]]
[567, [2, 5, 9, 95, 114, 342]]
[568, [2, 5, 10, 77, 110, 154, 210]]
[569, [2, 5, 10, 45, 117, 390]]
[570, [2, 5, 14, 27, 63, 189, 270]]
[571, [2, 5, 14, 35, 90, 102, 153, 170]]
[572, [2, 5, 14, 26, 70, 182, 273]]
[573, [2, 5, 9, 77, 165, 315]]
[574, [2, 5, 10, 70, 126, 171, 190]]
[575, [2, 5, 14, 22, 70, 462]]
[576, [2, 5, 10, 70, 126, 165, 198]]
[577, [2, 5, 14, 35, 91, 105, 130, 195]]
[578, [2, 5, 11, 45, 110, 135, 270]]
[579, [2, 5, 10, 55, 78, 429]]
[580, [2, 5, 11, 42, 119, 170, 231]]
[581, [2, 5, 9, 75, 175, 315]]
[582, [2, 5, 10, 75, 105, 175, 210]]
[583, [2, 5, 14, 35, 90, 99, 143, 195]]
[584, [2, 5, 10, 77, 105, 154, 231]]
[585, [2, 5, 10, 39, 230, 299]]
[586, [2, 5, 10, 66, 143, 165, 195]]
[587, [2, 5, 11, 30, 154, 385]]
[588, [2, 5, 10, 70, 126, 150, 225]]
[589, [2, 6, 7, 90, 99, 385]]
[590, [2, 6, 10, 30, 42, 150, 350]]
[591, [2, 5, 10, 45, 115, 414]]
[592, [2, 5, 11, 55, 90, 99, 330]]
[593, [2, 5, 9, 70, 234, 273]]
[594, [2, 5, 10, 90, 95, 126, 266]]
[595, [2, 5, 13, 55, 66, 90, 130, 234]]
[596, [2, 5, 14, 35, 54, 81, 405]]
[597, [2, 5, 14, 39, 66, 110, 130, 231]]
[598, [2, 5, 14, 30, 63, 99, 385]]
[599, [2, 7, 9, 14, 189, 378]]
[600, [2, 5, 10, 85, 90, 153, 255]]
[601, [2, 5, 13, 39, 102, 117, 153, 170]]
[602, [2, 5, 10, 77, 98, 165, 245]]
[603, [2, 6, 7, 63, 210, 315]]
[604, [2, 5, 10, 65, 130, 182, 210]]
[605, [2, 5, 9, 99, 105, 385]]
[606, [2, 5, 11, 42, 105, 210, 231]]
[607, [2, 5, 10, 50, 90, 450]]
[608, [2, 5, 11, 51, 70, 231, 238]]
[609, [2, 5, 13, 51, 65, 105, 130, 238]]
[610, [2, 5, 10, 75, 98, 175, 245]]
[611, [2, 5, 9, 70, 210, 315]]
[612, [2, 5, 14, 22, 143, 195, 231]]
[613, [2, 5, 9, 90, 117, 390]]
[614, [2, 5, 10, 63, 135, 189, 210]]
[615, [2, 5, 9, 70, 207, 322]]
[616, [2, 5, 18, 21, 45, 210, 315]]
[617, [2, 5, 11, 99, 110, 117, 130, 143]]
[618, [2, 5, 10, 70, 126, 135, 270]]
[619, [2, 5, 13, 45, 78, 99, 143, 234]]
[620, [2, 5, 10, 77, 95, 165, 266]]
[621, [2, 5, 14, 25, 50, 525]]
[622, [2, 5, 14, 27, 70, 126, 378]]
[623, [2, 5, 13, 45, 65, 130, 165, 198]]
[624, [2, 5, 14, 34, 42, 170, 357]]
[625, [2, 5, 13, 45, 70, 126, 130, 234]]
[626, [2, 5, 10, 63, 130, 182, 234]]
[627, [2, 6, 9, 22, 126, 462]]
[628, [2, 5, 10, 65, 117, 195, 234]]
[629, [2, 5, 13, 39, 90, 117, 165, 198]]
[630, [2, 5, 14, 35, 45, 115, 414]]
[631, [2, 6, 7, 66, 165, 385]]
[632, [2, 5, 15, 21, 105, 154, 330]]
[633, [2, 5, 10, 38, 255, 323]]
[634, [2, 5, 10, 66, 110, 210, 231]]
[635, [2, 5, 9, 90, 115, 414]]
[636, [2, 5, 11, 54, 63, 231, 270]]
[637, [2, 5, 9, 69, 207, 345]]
[638, [2, 5, 10, 65, 114, 195, 247]]
[639, [2, 5, 13, 42, 70, 130, 182, 195]]
[640, [2, 5, 10, 70, 98, 210, 245]]
[641, [2, 5, 10, 39, 195, 390]]
[642, [2, 5, 10, 66, 130, 143, 286]]
[643, [2, 5, 11, 90, 102, 110, 153, 170]]
[644, [2, 5, 10, 65, 119, 170, 273]]
[645, [2, 5, 11, 33, 99, 495]]
[646, [2, 5, 10, 90, 99, 110, 330]]
[647, [2, 5, 11, 90, 105, 110, 135, 189]]
[648, [2, 5, 11, 45, 90, 165, 330]]
[649, [2, 5, 9, 66, 270, 297]]
[650, [2, 5, 14, 35, 55, 77, 462]]
[651, [2, 5, 10, 46, 105, 483]]
[652, [2, 5, 11, 42, 95, 231, 266]]
[653, [2, 5, 9, 70, 189, 378]]
[654, [2, 5, 11, 42, 110, 154, 330]]
[655, [2, 5, 11, 90, 99, 110, 143, 195]]
[656, [2, 5, 14, 25, 70, 225, 315]]
[657, [2, 7, 9, 14, 175, 450]]
[658, [2, 5, 10, 70, 95, 210, 266]]
[659, [2, 5, 11, 77, 110, 119, 165, 170]]
[660, [2, 5, 11, 42, 105, 165, 330]]
[661, [2, 5, 11, 90, 99, 102, 165, 187]]
[662, [2, 5, 10, 70, 115, 138, 322]]
[663, [2, 5, 10, 51, 85, 510]]
[664, [2, 5, 10, 77, 90, 165, 315]]
[665, [2, 5, 11, 81, 105, 110, 162, 189]]
[666, [2, 6, 9, 30, 90, 115, 414]]
[667, [2, 5, 10, 45, 110, 495]]
[668, [2, 5, 11, 54, 81, 110, 405]]
[669, [2, 5, 9, 65, 273, 315]]
[670, [2, 5, 10, 65, 105, 210, 273]]
[671, [2, 5, 13, 39, 90, 117, 135, 270]]
[672, [2, 5, 10, 75, 90, 175, 315]]
[673, [3, 5, 7, 10, 18, 630]]
[674, [2, 5, 10, 66, 105, 189, 297]]
[675, [2, 5, 11, 91, 105, 110, 117, 234]]
[676, [2, 5, 10, 70, 105, 154, 330]]
[677, [2, 5, 13, 45, 66, 117, 143, 286]]
[678, [2, 5, 10, 55, 165, 210, 231]]
[679, [2, 5, 11, 78, 91, 143, 154, 195]]
[680, [2, 5, 11, 45, 110, 117, 390]]
[681, [2, 5, 11, 77, 99, 119, 170, 198]]
[682, [2, 5, 10, 66, 99, 225, 275]]
[683, [2, 5, 13, 39, 78, 117, 195, 234]]
[684, [2, 5, 10, 55, 170, 187, 255]]
[685, [2, 6, 11, 18, 54, 594]]
[686, [2, 5, 10, 78, 91, 150, 350]]
[687, [2, 5, 14, 18, 270, 378]]
[688, [2, 5, 10, 66, 110, 165, 330]]
[689, [2, 5, 13, 39, 81, 117, 162, 270]]
[690, [2, 6, 7, 45, 630]]
[691, [2, 5, 9, 75, 150, 450]]
[692, [2, 5, 10, 63, 105, 234, 273]]
[693, [2, 5, 10, 39, 182, 455]]
[694, [2, 6, 10, 21, 115, 126, 414]]
[695, [2, 5, 11, 77, 105, 110, 154, 231]]
[696, [2, 5, 10, 90, 99, 105, 385]]
[697, [2, 5, 10, 55, 75, 550]]
[698, [2, 5, 10, 65, 98, 245, 273]]
[699, [2, 5, 11, 63, 126, 143, 154, 195]]
[700, [2, 5, 13, 30, 65, 195, 390]]
[701, [2, 5, 11, 70, 102, 126, 187, 198]]
[702, [2, 5, 10, 54, 171, 190, 270]]
[703, [2, 6, 7, 63, 175, 450]]
[704, [2, 5, 10, 54, 165, 198, 270]]
[705, [2, 5, 9, 65, 234, 390]]
[706, [2, 5, 10, 63, 126, 150, 350]]
[707, [2, 5, 11, 66, 102, 153, 170, 198]]
[708, [2, 5, 15, 27, 54, 110, 495]]
[709, [2, 7, 9, 15, 91, 585]]
[710, [2, 5, 10, 63, 105, 210, 315]]
[711, [2, 5, 9, 70, 175, 450]]
[712, [2, 5, 10, 55, 154, 189, 297]]
[713, [2, 5, 11, 70, 105, 119, 170, 231]]
[714, [2, 5, 10, 63, 105, 207, 322]]
[715, [2, 6, 10, 17, 170, 510]]
[716, [2, 5, 10, 54, 150, 225, 270]]
[717, [2, 5, 13, 42, 75, 105, 150, 325]]
[718, [2, 5, 10, 55, 153, 187, 306]]
[719, [2, 5, 15, 17, 170, 510]]
[720, [2, 5, 10, 70, 117, 126, 390]]
[721, [2, 5, 11, 75, 98, 110, 175, 245]]
[722, [2, 5, 11, 55, 77, 110, 462]]
[723, [2, 5, 11, 66, 99, 150, 165, 225]]
[724, [2, 5, 13, 26, 90, 273, 315]]
[725, [2, 5, 14, 18, 245, 441]]
[726, [2, 5, 11, 39, 130, 154, 385]]
[727, [2, 5, 9, 63, 270, 378]]
[728, [2, 5, 10, 69, 90, 207, 345]]
[729, [2, 5, 11, 70, 110, 126, 135, 270]]
[730, [2, 5, 15, 22, 70, 231, 385]]
[731, [2, 5, 11, 65, 105, 130, 182, 231]]
[732, [2, 5, 10, 66, 110, 154, 385]]
[733, [2, 5, 11, 66, 90, 171, 190, 198]]
[734, [2, 5, 14, 25, 65, 273, 350]]
[735, [2, 5, 10, 42, 130, 546]]
[736, [2, 5, 14, 21, 154, 210, 330]]
[737, [2, 6, 7, 57, 266, 399]]
[738, [2, 5, 10, 63, 98, 245, 315]]
[739, [2, 5, 11, 65, 110, 117, 195, 234]]
[740, [2, 5, 9, 165, 171, 190, 198]]
[741, [2, 5, 11, 63, 105, 135, 189, 231]]
[742, [2, 5, 10, 70, 115, 126, 414]]
[743, [2, 5, 14, 19, 133, 570]]
[744, [2, 5, 10, 54, 154, 189, 330]]
[745, [2, 5, 11, 70, 90, 126, 210, 231]]
[746, [2, 5, 13, 27, 78, 270, 351]]
[747, [2, 5, 11, 66, 90, 150, 198, 225]]
[748, [2, 5, 11, 34, 210, 231, 255]]
[749, [2, 5, 11, 55, 135, 154, 189, 198]]
[750, [2, 5, 10, 70, 91, 182, 390]]
[751, [2, 5, 11, 66, 98, 126, 198, 245]]
[752, [2, 5, 9, 150, 171, 190, 225]]
[753, [2, 7, 9, 15, 90, 630]]
[754, [2, 5, 9, 150, 165, 198, 225]]
[755, [2, 7, 10, 14, 57, 665]]
[756, [2, 5, 10, 63, 95, 266, 315]]
[757, [2, 5, 13, 42, 65, 130, 150, 350]]
[758, [2, 5, 11, 35, 165, 210, 330]]
[759, [2, 5, 13, 39, 70, 130, 175, 325]]
[760, [2, 5, 10, 54, 150, 189, 350]]
[761, [2, 6, 7, 70, 130, 546]]
[762, [2, 5, 11, 46, 105, 110, 483]]
[763, [2, 6, 11, 15, 135, 594]]
[764, [2, 5, 11, 55, 70, 126, 495]]
[765, [2, 5, 9, 63, 245, 441]]
[766, [2, 5, 10, 57, 114, 255, 323]]
[767, [2, 6, 7, 66, 147, 539]]
[768, [2, 5, 11, 35, 154, 231, 330]]
[769, [2, 5, 11, 66, 95, 126, 198, 266]]
[770, [2, 5, 13, 42, 45, 117, 546]]
[771, [2, 6, 10, 18, 105, 630]]
[772, [2, 5, 9, 130, 182, 210, 234]]
[773, [2, 5, 11, 33, 95, 627]]
[774, [2, 5, 10, 63, 99, 210, 385]]
[775, [2, 5, 9, 66, 198, 495]]
[776, [2, 5, 10, 55, 154, 165, 385]]
[777, [2, 5, 11, 30, 135, 594]]
[778, [2, 5, 15, 21, 98, 147, 490]]
[779, [2, 5, 11, 65, 91, 154, 165, 286]]
[780, [2, 6, 7, 102, 170, 238, 255]]
[781, [2, 5, 15, 23, 46, 690]]
[782, [2, 5, 9, 135, 171, 190, 270]]
[783, [2, 5, 11, 75, 90, 110, 175, 315]]
[784, [2, 5, 9, 135, 165, 198, 270]]
[785, [2, 6, 7, 55, 330, 385]]
[786, [2, 5, 10, 54, 130, 234, 351]]
[787, [2, 5, 11, 70, 105, 110, 154, 330]]
[788, [2, 5, 10, 55, 138, 187, 391]]
[789, [2, 5, 14, 18, 225, 525]]
[790, [2, 5, 10, 51, 154, 238, 330]]
[791, [2, 5, 13, 55, 65, 66, 195, 390]]
[792, [2, 5, 9, 126, 182, 195, 273]]
[793, [2, 5, 10, 119, 126, 170, 171, 190]]
[794, [2, 5, 10, 54, 135, 210, 378]]
[795, [2, 5, 10, 119, 126, 165, 170, 198]]
[796, [2, 5, 9, 135, 150, 225, 270]]
[797, [2, 5, 9, 91, 105, 585]]
[798, [2, 5, 10, 55, 121, 242, 363]]
[799, [2, 5, 11, 51, 143, 154, 195, 238]]
[800, [2, 5, 11, 45, 77, 198, 462]]
[801, [2, 5, 11, 57, 95, 190, 210, 231]]
[802, [2, 5, 10, 50, 175, 210, 350]]
[803, [2, 5, 10, 102, 153, 170, 171, 190]]
[804, [2, 5, 10, 66, 105, 154, 462]]
[805, [2, 5, 9, 63, 231, 495]]
[806, [2, 5, 9, 114, 195, 234, 247]]
[807, [2, 6, 7, 63, 162, 567]]
[808, [2, 5, 11, 42, 99, 154, 495]]
[809, [2, 5, 9, 78, 130, 585]]
[810, [2, 5, 10, 63, 105, 175, 450]]
[811, [2, 5, 11, 55, 99, 198, 210, 231]]
[812, [2, 5, 9, 117, 195, 198, 286]]
[813, [2, 5, 11, 54, 110, 171, 190, 270]]
[814, [2, 5, 18, 21, 42, 231, 495]]
[815, [2, 5, 9, 70, 162, 567]]
[816, [2, 5, 9, 110, 207, 230, 253]]
[817, [2, 5, 10, 99, 143, 165, 195, 198]]
[818, [2, 5, 9, 126, 171, 190, 315]]
[819, [2, 5, 10, 105, 126, 171, 190, 210]]
[820, [2, 5, 9, 126, 165, 198, 315]]
[821, [2, 5, 10, 54, 75, 675]]
[822, [2, 5, 10, 50, 150, 275, 330]]
[823, [2, 5, 11, 55, 110, 154, 189, 297]]
[824, [2, 5, 9, 110, 198, 225, 275]]
[825, [2, 5, 11, 50, 126, 175, 225, 231]]
[826, [2, 5, 10, 55, 130, 195, 429]]
[827, [2, 5, 11, 51, 119, 170, 231, 238]]
[828, [2, 5, 9, 126, 147, 245, 294]]
[829, [2, 5, 9, 63, 225, 525]]
[830, [2, 5, 9, 117, 170, 221, 306]]
[831, [2, 5, 10, 90, 165, 171, 190, 198]]
[832, [2, 5, 9, 126, 150, 225, 315]]
[833, [2, 5, 10, 105, 126, 150, 210, 225]]
[834, [2, 5, 9, 119, 170, 207, 322]]
[835, [2, 5, 11, 54, 98, 189, 231, 245]]
[836, [2, 5, 9, 126, 154, 210, 330]]
[837, [2, 5, 9, 95, 99, 627]]
[838, [2, 5, 9, 105, 210, 234, 273]]
[839, [2, 5, 11, 66, 77, 165, 198, 315]]
[840, [2, 5, 9, 135, 150, 189, 350]]
[841, [2, 5, 9, 90, 105, 630]]
[842, [2, 5, 10, 50, 150, 250, 375]]
[843, [2, 5, 10, 90, 150, 171, 190, 225]]
[844, [2, 5, 10, 49, 154, 294, 330]]
[845, [2, 5, 10, 90, 150, 165, 198, 225]]
[846, [2, 5, 11, 34, 154, 255, 385]]
[847, [2, 5, 10, 98, 126, 171, 190, 245]]
[848, [2, 5, 10, 54, 117, 270, 390]]
[849, [2, 5, 10, 98, 126, 165, 198, 245]]
[850, [2, 5, 15, 30, 38, 190, 570]]
[851, [2, 5, 10, 105, 117, 153, 221, 238]]
[852, [2, 5, 9, 126, 150, 210, 350]]
[853, [2, 5, 11, 49, 143, 154, 195, 294]]
[854, [2, 5, 14, 21, 126, 245, 441]]
[855, [2, 5, 10, 117, 119, 126, 221, 255]]
[856, [2, 5, 10, 63, 90, 245, 441]]
[857, [2, 5, 10, 102, 110, 187, 210, 231]]
[858, [2, 5, 9, 110, 165, 270, 297]]
[859, [2, 5, 10, 98, 119, 170, 210, 245]]
[860, [2, 5, 9, 105, 207, 210, 322]]
[861, [2, 5, 9, 65, 195, 585]]
[862, [2, 5, 9, 126, 135, 270, 315]]
[863, [2, 5, 10, 90, 130, 182, 210, 234]]
[864, [2, 5, 10, 65, 85, 255, 442]]
[865, [2, 5, 10, 95, 126, 171, 190, 266]]
[866, [2, 5, 9, 98, 234, 245, 273]]
[867, [2, 5, 10, 95, 126, 165, 198, 266]]
[868, [2, 5, 9, 138, 153, 170, 391]]
[869, [2, 5, 11, 63, 77, 165, 231, 315]]
[870, [2, 5, 10, 50, 153, 225, 425]]
[871, [2, 5, 10, 85, 153, 171, 190, 255]]
[872, [2, 5, 9, 102, 187, 270, 297]]
[873, [2, 5, 10, 85, 153, 165, 198, 255]]
[874, [2, 5, 10, 66, 105, 147, 539]]
[875, [2, 5, 10, 90, 135, 165, 198, 270]]
[876, [2, 5, 13, 25, 91, 350, 390]]
[877, [2, 5, 10, 95, 119, 170, 210, 266]]
[878, [2, 5, 10, 50, 135, 325, 351]]
[879, [2, 5, 14, 18, 210, 630]]
[880, [2, 5, 9, 99, 198, 270, 297]]
[881, [2, 5, 10, 115, 119, 138, 170, 322]]
[882, [2, 5, 10, 63, 126, 130, 546]]
[883, [2, 5, 10, 90, 126, 182, 195, 273]]
[884, [2, 5, 9, 95, 234, 266, 273]]
[885, [2, 6, 9, 21, 154, 693]]
[886, [2, 5, 9, 99, 210, 231, 330]]
[887, [2, 5, 10, 78, 165, 195, 198, 234]]
[888, [2, 5, 9, 98, 207, 245, 322]]
[889, [2, 5, 14, 21, 77, 770]]
[890, [2, 5, 14, 21, 119, 270, 459]]
[891, [2, 5, 10, 81, 162, 171, 190, 270]]
[892, [2, 5, 10, 45, 225, 275, 330]]
[893, [2, 5, 11, 30, 130, 715]]
[894, [2, 5, 11, 42, 105, 135, 594]]
[895, [2, 5, 10, 99, 126, 143, 195, 315]]
[896, [2, 5, 10, 63, 90, 231, 495]]
[897, [2, 5, 10, 35, 390, 455]]
[898, [2, 5, 9, 105, 189, 210, 378]]
[899, [2, 5, 10, 35, 385, 462]]
[900, [2, 5, 10, 78, 90, 130, 585]]
[901, [2, 5, 9, 75, 135, 675]]
[902, [2, 5, 9, 95, 210, 266, 315]]
[903, [2, 6, 10, 18, 102, 765]]
[904, [2, 5, 15, 21, 105, 126, 630]]
[905, [2, 6, 9, 21, 153, 714]]
[906, [2, 5, 9, 95, 207, 266, 322]]
[907, [2, 5, 15, 18, 102, 765]]
[908, [2, 5, 9, 110, 153, 255, 374]]
[909, [2, 5, 11, 27, 270, 594]]
[910, [2, 5, 13, 25, 90, 325, 450]]
[911, [2, 5, 14, 26, 45, 819]]
[912, [2, 5, 10, 45, 225, 250, 375]]
[913, [2, 5, 11, 50, 110, 175, 210, 350]]
[914, [2, 5, 10, 46, 207, 230, 414]]
[915, [2, 6, 10, 22, 50, 825]]
[916, [2, 5, 11, 39, 130, 135, 594]]
[917, [2, 5, 10, 75, 175, 182, 195, 273]]
[918, [2, 5, 14, 21, 126, 225, 525]]
[919, [2, 5, 9, 63, 210, 630]]
[920, [2, 5, 9, 105, 154, 315, 330]]
[921, [2, 5, 10, 90, 117, 170, 221, 306]]
[922, [2, 5, 10, 50, 135, 270, 450]]
[923, [2, 5, 10, 90, 126, 150, 225, 315]]
[924, [2, 5, 13, 30, 55, 390, 429]]
[925, [2, 6, 7, 63, 154, 693]]
[926, [2, 5, 9, 98, 189, 245, 378]]
[927, [2, 5, 10, 35, 350, 525]]
[928, [2, 5, 9, 90, 234, 273, 315]]
[929, [2, 5, 10, 45, 102, 765]]
[930, [2, 5, 9, 119, 170, 175, 450]]
[931, [2, 5, 10, 90, 135, 150, 189, 350]]
[932, [2, 5, 11, 54, 75, 110, 675]]
[933, [2, 5, 9, 70, 154, 693]]
[934, [2, 5, 15, 30, 35, 385, 462]]
[935, [2, 5, 10, 77, 165, 171, 190, 315]]
[936, [2, 5, 9, 90, 225, 275, 330]]
[937, [2, 5, 10, 91, 105, 195, 230, 299]]
[938, [2, 5, 13, 34, 51, 170, 663]]
[939, [2, 5, 10, 117, 119, 126, 170, 390]]
[940, [2, 5, 14, 30, 42, 385, 462]]
[941, [2, 5, 10, 77, 165, 175, 182, 325]]
[942, [2, 5, 9, 126, 143, 195, 462]]
[943, [2, 5, 10, 75, 171, 175, 190, 315]]
[944, [2, 5, 9, 95, 189, 266, 378]]
[945, [2, 6, 7, 63, 153, 714]]
[946, [2, 5, 10, 54, 110, 270, 495]]
[947, [2, 6, 7, 57, 210, 665]]
[948, [2, 5, 10, 49, 147, 245, 490]]
[949, [2, 5, 10, 77, 150, 165, 225, 315]]
[950, [2, 5, 9, 90, 207, 315, 322]]
[951, [2, 5, 10, 77, 126, 225, 231, 275]]
[952, [2, 5, 10, 50, 150, 210, 525]]
[953, [2, 5, 9, 70, 153, 714]]
[954, [2, 5, 11, 45, 66, 330, 495]]
[955, [2, 5, 10, 70, 171, 190, 234, 273]]
[956, [2, 5, 9, 90, 225, 250, 375]]
[957, [2, 5, 15, 17, 153, 765]]
[958, [2, 5, 10, 45, 210, 245, 441]]
[959, [2, 5, 10, 75, 150, 182, 210, 325]]
[960, [2, 5, 11, 35, 130, 231, 546]]
[961, [2, 5, 10, 69, 161, 230, 231, 253]]
[962, [2, 5, 14, 21, 110, 315, 495]]
[963, [2, 5, 10, 78, 119, 221, 255, 273]]
[964, [2, 5, 9, 90, 210, 270, 378]]
[965, [2, 5, 10, 77, 130, 182, 273, 286]]
[966, [2, 5, 10, 55, 135, 165, 594]]
[967, [2, 6, 7, 77, 105, 770]]
[968, [2, 5, 14, 30, 42, 350, 525]]
[969, [2, 6, 7, 54, 270, 630]]
[970, [2, 5, 10, 66, 77, 315, 495]]
[971, [2, 5, 10, 66, 198, 207, 230, 253]]
[972, [2, 5, 13, 22, 195, 273, 462]]
[973, [2, 5, 9, 90, 102, 765]]
[974, [2, 6, 7, 98, 126, 294, 441]]
[975, [2, 5, 10, 70, 165, 198, 210, 315]]
[976, [2, 5, 15, 18, 210, 231, 495]]
[977, [2, 5, 10, 70, 171, 190, 207, 322]]
[978, [2, 5, 18, 26, 45, 63, 819]]
[979, [2, 5, 10, 70, 165, 198, 207, 322]]
[980, [2, 5, 9, 90, 198, 286, 390]]
[981, [2, 5, 10, 99, 105, 150, 225, 385]]
[982, [2, 5, 9, 110, 171, 190, 495]]
[983, [2, 5, 10, 70, 147, 210, 245, 294]]
[984, [2, 5, 9, 98, 175, 245, 450]]
[985, [2, 5, 9, 57, 342, 570]]
[986, [2, 5, 9, 115, 126, 315, 414]]
[987, [2, 5, 10, 70, 150, 210, 225, 315]]
[988, [2, 5, 9, 90, 189, 315, 378]]
[989, [2, 5, 9, 77, 126, 770]]
[990, [2, 5, 9, 119, 126, 270, 459]]
[991, [2, 5, 10, 70, 150, 207, 225, 322]]
[992, [2, 5, 9, 126, 150, 175, 525]]
[993, [2, 5, 10, 90, 95, 210, 266, 315]]
[994, [2, 5, 9, 91, 182, 315, 390]]
[995, [2, 5, 10, 65, 195, 198, 234, 286]]
[996, [2, 5, 9, 110, 150, 225, 495]]
[997, [2, 5, 10, 35, 315, 630]]
[998, [2, 5, 9, 102, 187, 198, 495]]
[999, [2, 5, 10, 65, 190, 195, 247, 285]]
[1000, [2, 5, 9, 99, 150, 350, 385]]
[1001, [2, 5, 10, 63, 207, 230, 231, 253]]
[1002, [2, 5, 9, 90, 210, 245, 441]]
[1003, [2, 5, 10, 65, 182, 210, 230, 299]]
[1004, [2, 5, 13, 22, 175, 325, 462]]
[1005, [2, 6, 11, 14, 378, 594]]
[1006, [2, 5, 9, 91, 210, 234, 455]]
[1007, [2, 5, 14, 18, 198, 770]]
[1008, [2, 5, 11, 35, 110, 390, 455]]
[1009, [2, 5, 10, 63, 198, 225, 231, 275]]
[1010, [2, 5, 10, 50, 138, 230, 575]]
[1011, [2, 5, 10, 66, 171, 190, 270, 297]]
[1012, [2, 5, 15, 21, 85, 170, 714]]
[1013, [2, 5, 10, 65, 170, 221, 234, 306]]
[1014, [2, 5, 10, 42, 275, 330, 350]]
[1015, [2, 5, 10, 70, 171, 189, 190, 378]]
[1016, [2, 5, 9, 130, 135, 189, 546]]
[1017, [2, 5, 10, 70, 135, 210, 270, 315]]
[1018, [2, 6, 7, 85, 170, 238, 510]]
[1019, [2, 5, 10, 66, 165, 210, 231, 330]]
[1020, [2, 5, 11, 45, 66, 297, 594]]
[1021, [2, 5, 10, 70, 135, 207, 270, 322]]
[1022, [2, 5, 9, 105, 153, 238, 510]]
[1023, [2, 5, 10, 91, 98, 182, 245, 390]]
[1024, [2, 5, 10, 50, 117, 390, 450]]
[1025, [2, 6, 10, 27, 35, 945]]
[1026, [2, 5, 9, 110, 135, 270, 495]]
[1027, [2, 5, 10, 78, 117, 175, 315, 325]]
[1028, [2, 5, 9, 126, 130, 210, 546]]
[1029, [2, 5, 15, 27, 35, 945]]
[1030, [2, 5, 10, 46, 154, 330, 483]]
[1031, [2, 5, 10, 65, 171, 190, 273, 315]]
[1032, [2, 5, 9, 85, 234, 255, 442]]
[1033, [2, 5, 10, 65, 165, 198, 273, 315]]
[1034, [2, 5, 9, 119, 162, 170, 567]]
[1035, [2, 5, 14, 27, 42, 945]]
[1036, [2, 5, 9, 102, 153, 255, 510]]
[1037, [2, 5, 10, 65, 171, 195, 247, 342]]
[1038, [2, 5, 10, 55, 99, 306, 561]]
[1039, [2, 5, 15, 17, 150, 850]]
[1040, [2, 5, 11, 33, 138, 345, 506]]
[1041, [2, 5, 10, 65, 147, 245, 273, 294]]
[1042, [2, 5, 9, 90, 210, 231, 495]]
[1043, [2, 5, 10, 63, 165, 231, 270, 297]]
[1044, [2, 5, 9, 110, 126, 330, 462]]
[1045, [2, 5, 10, 63, 182, 195, 273, 315]]
[1046, [2, 5, 9, 90, 175, 315, 450]]
[1047, [2, 5, 9, 63, 198, 770]]
[1048, [2, 5, 10, 45, 170, 306, 510]]
[1049, [2, 5, 10, 65, 154, 210, 273, 330]]
[1050, [2, 5, 17, 18, 90, 153, 765]]
[1051, [2, 5, 10, 78, 105, 221, 273, 357]]
[1052, [2, 5, 9, 115, 117, 390, 414]]
[1053, [2, 5, 9, 57, 315, 665]]
[1054, [2, 5, 10, 57, 105, 210, 665]]
[1055, [2, 9, 10, 11, 33, 990]]
[1056, [2, 5, 10, 70, 85, 170, 714]]
[1057, [2, 6, 10, 25, 39, 975]]
[1058, [2, 5, 11, 30, 275, 350, 385]]
[1059, [2, 5, 10, 65, 182, 195, 210, 390]]
[1060, [2, 5, 9, 105, 162, 210, 567]]
[1061, [2, 5, 15, 25, 39, 975]]
[1062, [2, 5, 9, 110, 126, 315, 495]]
[1063, [2, 5, 10, 66, 153, 198, 255, 374]]
[1064, [2, 5, 14, 30, 45, 198, 770]]
[1065, [2, 5, 10, 65, 150, 210, 273, 350]]
[1066, [2, 5, 9, 90, 210, 225, 525]]
[1067, [2, 6, 9, 21, 147, 882]]
[1068, [2, 5, 11, 50, 55, 450, 495]]
[1069, [2, 5, 10, 65, 161, 182, 299, 345]]
[1070, [2, 5, 14, 27, 54, 198, 770]]
[1071, [2, 5, 9, 55, 450, 550]]
[1072, [2, 5, 9, 78, 273, 315, 390]]
[1073, [2, 5, 10, 70, 135, 175, 325, 351]]
[1074, [2, 5, 15, 18, 154, 385, 495]]
[1075, [2, 5, 10, 65, 135, 270, 273, 315]]
[1076, [2, 5, 10, 45, 195, 234, 585]]
[1077, [2, 5, 10, 63, 175, 182, 315, 325]]
[1078, [2, 5, 9, 95, 150, 342, 475]]
[1079, [2, 5, 10, 69, 126, 207, 315, 345]]
[1080, [2, 5, 10, 70, 102, 126, 765]]
[1081, [2, 5, 10, 35, 294, 735]]
[1082, [2, 5, 9, 91, 195, 234, 546]]
[1083, [2, 5, 10, 63, 153, 238, 255, 357]]
[1084, [2, 5, 9, 77, 286, 315, 390]]
[1085, [2, 5, 9, 55, 429, 585]]
[1086, [2, 5, 15, 19, 114, 266, 665]]
[1087, [2, 5, 10, 63, 150, 234, 273, 350]]
[1088, [2, 5, 9, 98, 162, 245, 567]]
[1089, [2, 5, 10, 63, 154, 210, 315, 330]]
[1090, [2, 5, 9, 78, 270, 297, 429]]
[1091, [2, 5, 10, 63, 165, 198, 270, 378]]
[1092, [2, 5, 9, 90, 170, 306, 510]]
[1093, [2, 5, 9, 63, 195, 819]]
[1094, [2, 5, 9, 105, 126, 385, 462]]
[1095, [2, 5, 10, 66, 130, 234, 297, 351]]
[1096, [2, 5, 9, 90, 165, 330, 495]]
[1097, [2, 5, 10, 65, 135, 230, 299, 351]]
[1098, [2, 5, 11, 45, 63, 378, 594]]
[1099, [2, 6, 15, 18, 23, 1035]]
[1100, [2, 5, 10, 42, 231, 315, 495]]
[1101, [2, 5, 10, 70, 117, 234, 273, 390]]
[1102, [2, 5, 10, 50, 115, 345, 575]]
[1103, [2, 5, 13, 19, 494, 570]]
[1104, [2, 5, 9, 99, 138, 345, 506]]
[1105, [2, 5, 10, 63, 150, 210, 315, 350]]
[1106, [2, 5, 9, 95, 162, 266, 567]]
[1107, [2, 6, 7, 63, 147, 882]]
[1108, [2, 5, 9, 110, 154, 198, 630]]
[1109, [2, 5, 10, 63, 150, 207, 322, 350]]
[1110, [2, 5, 11, 30, 270, 297, 495]]
[1111, [2, 5, 10, 65, 135, 234, 270, 390]]
[1112, [2, 5, 9, 105, 130, 315, 546]]
[1113, [2, 5, 18, 23, 30, 1035]]
[1114, [2, 5, 9, 105, 126, 357, 510]]
[1115, [2, 5, 9, 70, 147, 882]]
[1116, [2, 5, 10, 42, 210, 385, 462]]
[1117, [2, 5, 10, 66, 154, 165, 330, 385]]
[1118, [2, 5, 10, 45, 165, 297, 594]]
[1119, [2, 5, 10, 70, 117, 210, 315, 390]]
[1120, [2, 5, 9, 90, 195, 234, 585]]
[1121, [2, 6, 10, 23, 45, 1035]]
[1122, [2, 5, 9, 77, 270, 297, 462]]
[1123, [2, 6, 7, 50, 483, 575]]
[1124, [2, 5, 10, 42, 225, 315, 525]]
[1125, [2, 5, 15, 23, 45, 1035]]
[1126, [2, 5, 9, 105, 150, 225, 630]]
[1127, [2, 6, 9, 27, 57, 1026]]
[1128, [2, 5, 9, 110, 117, 390, 495]]
[1129, [2, 5, 15, 18, 99, 990]]
[1130, [2, 5, 9, 126, 133, 190, 665]]
[1131, [2, 5, 11, 33, 90, 990]]
[1132, [2, 5, 9, 90, 171, 285, 570]]
[1133, [2, 6, 11, 14, 330, 770]]
[1134, [2, 5, 9, 90, 153, 425, 450]]
[1135, [2, 5, 10, 35, 285, 798]]
[1136, [2, 5, 10, 42, 210, 357, 510]]
[1137, [2, 6, 7, 51, 357, 714]]
[1138, [2, 5, 9, 90, 165, 306, 561]]
[1139, [2, 6, 9, 22, 110, 990]]
[1140, [2, 5, 9, 90, 154, 385, 495]]
[1141, [2, 5, 10, 63, 150, 225, 245, 441]]
[1142, [2, 5, 11, 35, 154, 165, 770]]
[1143, [2, 5, 10, 70, 110, 231, 330, 385]]
[1144, [2, 5, 10, 42, 210, 350, 525]]
[1145, [2, 6, 7, 50, 450, 630]]
[1146, [2, 5, 9, 75, 275, 330, 450]]
[1147, [2, 5, 9, 207, 210, 230, 231, 253]]
[1148, [2, 5, 14, 22, 105, 175, 825]]
[1149, [2, 5, 9, 55, 385, 693]]
[1150, [2, 5, 9, 90, 162, 315, 567]]
[1151, [2, 5, 10, 45, 99, 990]]
[1152, [2, 5, 9, 119, 154, 170, 693]]
[1153, [2, 5, 9, 54, 513, 570]]
[1154, [2, 5, 11, 30, 231, 350, 525]]
[1155, [2, 5, 9, 198, 210, 225, 231, 275]]
[1156, [2, 5, 9, 105, 135, 270, 630]]
[1157, [2, 7, 9, 17, 51, 1071]]
[1158, [2, 5, 10, 49, 147, 210, 735]]
[1159, [2, 5, 9, 54, 495, 594]]
[1160, [2, 5, 13, 30, 70, 130, 910]]
[1161, [2, 5, 10, 63, 126, 275, 330, 350]]
[1162, [2, 5, 9, 90, 165, 297, 594]]
[1163, [2, 5, 10, 54, 234, 270, 273, 315]]
[1164, [2, 5, 10, 45, 171, 266, 665]]
[1165, [2, 6, 9, 23, 90, 1035]]
[1166, [2, 5, 9, 75, 250, 375, 450]]
[1167, [2, 5, 11, 38, 66, 1045]]
[1168, [2, 5, 10, 69, 70, 322, 690]]
[1169, [2, 5, 10, 63, 126, 270, 315, 378]]
[1170, [2, 5, 15, 18, 150, 350, 630]]
[1171, [2, 5, 9, 182, 210, 230, 234, 299]]
[1172, [2, 5, 9, 119, 153, 170, 714]]
[1173, [2, 5, 14, 18, 189, 945]]
[1174, [2, 5, 9, 99, 135, 330, 594]]
[1175, [2, 5, 10, 77, 90, 286, 315, 390]]
[1176, [2, 5, 9, 90, 195, 225, 650]]
[1177, [2, 5, 10, 65, 117, 273, 315, 390]]
[1178, [2, 5, 9, 105, 154, 210, 693]]
[1179, [2, 5, 10, 66, 115, 270, 297, 414]]
[1180, [2, 5, 10, 63, 77, 330, 693]]
[1181, [2, 5, 10, 39, 150, 975]]
[1182, [2, 5, 10, 63, 114, 133, 855]]
[1183, [2, 5, 10, 55, 189, 275, 297, 350]]
[1184, [2, 5, 9, 90, 147, 441, 490]]
[1185, [2, 5, 10, 54, 207, 270, 315, 322]]
[1186, [2, 5, 15, 30, 45, 99, 990]]
[1187, [2, 5, 10, 63, 150, 182, 325, 450]]
[1188, [2, 5, 17, 25, 34, 255, 850]]
[1189, [2, 7, 9, 15, 85, 1071]]
[1190, [2, 5, 10, 42, 195, 390, 546]]
[1191, [2, 5, 9, 182, 195, 210, 273, 315]]
[1192, [2, 5, 9, 75, 234, 425, 442]]
[1193, [2, 5, 10, 63, 165, 198, 225, 525]]
[1194, [2, 5, 15, 33, 34, 170, 935]]
[1195, [2, 5, 9, 54, 450, 675]]
[1196, [2, 5, 9, 102, 126, 357, 595]]
[1197, [2, 6, 11, 22, 34, 1122]]
[1198, [2, 5, 9, 99, 126, 462, 495]]
[1199, [2, 5, 9, 171, 190, 234, 273, 315]]
[1200, [2, 6, 7, 65, 273, 385, 462]]
[1201, [2, 5, 9, 165, 198, 234, 273, 315]]
[1202, [2, 5, 10, 65, 77, 273, 770]]
[1203, [2, 5, 10, 65, 119, 270, 273, 459]]
[1204, [2, 5, 13, 27, 65, 390, 702]]
[1205, [2, 5, 9, 171, 195, 234, 247, 342]]
[1206, [2, 5, 9, 98, 154, 245, 693]]
[1207, [2, 5, 9, 171, 190, 225, 275, 330]]
[1208, [2, 5, 13, 18, 1170]]
[1209, [2, 5, 9, 147, 234, 245, 273, 294]]
[1210, [2, 5, 14, 21, 110, 253, 805]]
[1211, [2, 5, 10, 63, 135, 231, 270, 495]]
[1212, [2, 6, 10, 30, 39, 150, 975]]
[1213, [2, 5, 9, 57, 285, 855]]
[1214, [2, 5, 10, 42, 210, 315, 630]]
[1215, [3, 5, 6, 13, 18, 1170]]
[1216, [2, 5, 9, 78, 198, 429, 495]]
[1217, [2, 5, 9, 154, 210, 234, 273, 330]]
[1218, [2, 5, 10, 42, 190, 399, 570]]
[1219, [2, 5, 10, 55, 187, 238, 323, 399]]
[1220, [2, 5, 9, 90, 154, 330, 630]]
[1221, [2, 5, 11, 27, 231, 945]]
[1222, [2, 5, 10, 46, 130, 483, 546]]
[1223, [2, 5, 9, 165, 198, 207, 315, 322]]
[1224, [2, 5, 9, 95, 154, 266, 693]]
[1225, [2, 6, 7, 54, 238, 918]]
[1226, [2, 5, 9, 98, 153, 245, 714]]
[1227, [2, 5, 9, 147, 210, 245, 294, 315]]
[1228, [2, 5, 15, 22, 57, 462, 665]]
[1229, [2, 5, 9, 153, 187, 270, 297, 306]]
[1230, [2, 5, 9, 99, 143, 270, 702]]
[1231, [2, 5, 9, 147, 207, 245, 294, 322]]
[1232, [2, 6, 7, 95, 110, 385, 627]]
[1233, [2, 5, 9, 150, 210, 234, 273, 350]]
[1234, [2, 5, 15, 22, 90, 110, 990]]
[1235, [2, 5, 10, 35, 273, 910]]
[1236, [2, 5, 9, 90, 150, 350, 630]]
[1237, [2, 5, 9, 66, 165, 990]]
[1238, [2, 5, 10, 51, 150, 170, 850]]
[1239, [2, 6, 13, 18, 30, 1170]]
[1240, [2, 5, 10, 39, 351, 378, 455]]
[1241, [2, 5, 10, 54, 195, 234, 351, 390]]
[1242, [2, 5, 10, 42, 182, 455, 546]]
[1243, [2, 7, 10, 14, 55, 1155]]
[1244, [2, 5, 9, 78, 207, 345, 598]]
[1245, [2, 6, 7, 75, 105, 1050]]
[1246, [2, 5, 9, 70, 315, 390, 455]]
[1247, [2, 6, 7, 49, 546, 637]]
[1248, [2, 5, 9, 70, 315, 385, 462]]
[1249, [2, 6, 10, 21, 55, 1155]]
[1250, [2, 5, 10, 54, 90, 495, 594]]
[1251, [2, 5, 10, 51, 78, 1105]]
[1252, [2, 5, 10, 42, 225, 275, 693]]
[1253, [2, 5, 15, 21, 55, 1155]]
[1254, [2, 5, 10, 42, 195, 350, 650]]
[1255, [2, 5, 9, 150, 207, 210, 322, 350]]
[1256, [2, 5, 9, 99, 126, 385, 630]]
[1257, [2, 5, 10, 55, 198, 210, 315, 462]]
[1258, [2, 5, 9, 102, 150, 225, 765]]
[1259, [2, 5, 9, 171, 189, 190, 315, 378]]
[1260, [2, 5, 9, 99, 165, 210, 770]]
[1261, [2, 6, 7, 85, 90, 1071]]
[1262, [2, 5, 11, 45, 99, 110, 990]]
[1263, [2, 5, 9, 130, 230, 273, 299, 315]]
[1264, [2, 5, 9, 78, 195, 390, 585]]
[1265, [2, 5, 10, 38, 165, 1045]]
[1266, [2, 5, 10, 42, 238, 255, 714]]
[1267, [2, 5, 9, 75, 126, 1050]]
[1268, [2, 5, 9, 70, 315, 357, 510]]
[1269, [2, 5, 9, 147, 189, 245, 294, 378]]
[1270, [2, 5, 9, 99, 154, 231, 770]]
[1271, [2, 5, 13, 27, 54, 1170]]
[1272, [2, 5, 13, 26, 70, 442, 714]]
[1273, [2, 5, 9, 150, 189, 225, 315, 378]]
[1274, [2, 5, 13, 30, 51, 510, 663]]
[1275, [2, 6, 7, 50, 385, 825]]
[1276, [2, 5, 9, 70, 315, 350, 525]]
[1277, [2, 5, 9, 85, 105, 1071]]
[1278, [2, 5, 11, 50, 55, 330, 825]]
[1279, [2, 5, 9, 133, 210, 255, 323, 342]]
[1280, [2, 5, 9, 105, 115, 414, 630]]
[1281, [2, 5, 9, 150, 175, 250, 315, 375]]
[1282, [2, 5, 9, 105, 162, 189, 810]]
[1283, [2, 5, 9, 154, 190, 209, 315, 399]]
[1284, [2, 5, 9, 90, 198, 210, 770]]
[1285, [2, 5, 9, 54, 405, 810]]
[1286, [2, 5, 10, 45, 135, 495, 594]]
[1287, [2, 6, 7, 57, 189, 1026]]
[1288, [2, 5, 9, 90, 153, 315, 714]]
[1289, [2, 6, 7, 49, 490, 735]]
[1290, [2, 5, 9, 99, 130, 330, 715]]
[1291, [2, 5, 9, 175, 182, 195, 273, 450]]
[1292, [2, 5, 9, 115, 126, 230, 805]]
[1293, [2, 5, 9, 126, 231, 253, 322, 345]]
[1294, [2, 5, 11, 42, 90, 154, 990]]
[1295, [2, 5, 9, 135, 189, 275, 330, 350]]
[1296, [2, 5, 9, 75, 225, 350, 630]]
[1297, [2, 5, 10, 55, 70, 1155]]
[1298, [2, 5, 10, 42, 210, 294, 735]]
[1299, [2, 5, 9, 130, 230, 234, 299, 390]]
[1300, [2, 5, 9, 75, 234, 325, 650]]
[1301, [2, 5, 9, 153, 170, 231, 357, 374]]
[1302, [2, 5, 10, 46, 126, 483, 630]]
[1303, [2, 5, 9, 135, 189, 270, 315, 378]]
[1304, [2, 5, 10, 45, 138, 414, 690]]
[1305, [2, 5, 9, 153, 170, 230, 345, 391]]
[1306, [2, 5, 9, 77, 198, 385, 630]]
[1307, [2, 5, 9, 126, 210, 275, 330, 350]]
[1308, [2, 5, 10, 65, 70, 442, 714]]
[1309, [2, 5, 9, 121, 242, 270, 297, 363]]
[1310, [2, 5, 9, 110, 126, 253, 805]]
[1311, [2, 5, 13, 22, 99, 1170]]
[1312, [2, 6, 7, 78, 138, 483, 598]]
[1313, [2, 5, 9, 138, 207, 230, 285, 437]]
[1314, [2, 5, 10, 42, 175, 450, 630]]
[1315, [2, 6, 7, 50, 375, 875]]
[1316, [2, 5, 9, 78, 182, 455, 585]]
[1317, [2, 5, 9, 135, 175, 315, 325, 351]]
[1318, [2, 6, 7, 70, 175, 483, 575]]
[1319, [2, 5, 9, 126, 207, 270, 322, 378]]
[1320, [2, 5, 9, 85, 207, 230, 782]]
[1321, [2, 5, 9, 135, 195, 234, 351, 390]]
[1322, [2, 5, 10, 45, 135, 450, 675]]
[1323, [2, 5, 9, 143, 195, 209, 342, 418]]
[1324, [2, 5, 9, 90, 135, 513, 570]]
[1325, [2, 5, 10, 54, 153, 325, 351, 425]]
[1326, [2, 5, 9, 77, 210, 330, 693]]
[1327, [2, 5, 9, 119, 238, 270, 306, 378]]
[1328, [2, 5, 9, 70, 270, 405, 567]]
[1329, [2, 5, 9, 126, 210, 255, 323, 399]]
[1330, [2, 5, 9, 90, 135, 495, 594]]
[1331, [2, 5, 9, 126, 198, 286, 315, 390]]
[1332, [2, 5, 10, 50, 110, 330, 825]]
[1333, [2, 5, 9, 150, 182, 210, 325, 450]]
[1334, [2, 5, 9, 70, 273, 390, 585]]
[1335, [2, 5, 9, 114, 255, 285, 323, 342]]
[1336, [2, 5, 14, 27, 49, 294, 945]]
[1337, [2, 5, 13, 21, 126, 1170]]
[1338, [2, 5, 18, 26, 39, 78, 1170]]
[1339, [2, 5, 9, 126, 195, 273, 351, 378]]
[1340, [2, 6, 7, 70, 175, 450, 630]]
[1341, [2, 5, 9, 75, 125, 1125]]
[1342, [2, 5, 9, 78, 195, 351, 702]]
[1343, [2, 5, 9, 115, 230, 315, 322, 345]]
[1344, [2, 5, 13, 25, 90, 234, 975]]
[1345, [2, 5, 9, 117, 234, 273, 315, 390]]
[1346, [2, 5, 10, 54, 102, 255, 918]]
[1347, [2, 5, 14, 17, 595, 714]]
[1348, [2, 5, 9, 81, 162, 495, 594]]
[1349, [2, 5, 9, 135, 187, 255, 297, 459]]
[1350, [2, 5, 14, 19, 198, 342, 770]]
[1351, [2, 5, 9, 130, 175, 315, 325, 390]]
[1352, [2, 5, 10, 42, 210, 285, 798]]
[1353, [2, 5, 9, 117, 225, 275, 330, 390]]
[1354, [2, 5, 9, 75, 210, 378, 675]]
[1355, [2, 5, 9, 114, 247, 273, 315, 390]]
[1356, [2, 5, 9, 105, 110, 495, 630]]
[1357, [2, 5, 9, 126, 207, 245, 322, 441]]
[1358, [2, 5, 10, 75, 90, 126, 1050]]
[1359, [2, 5, 9, 117, 221, 270, 357, 378]]
[1360, [2, 5, 9, 105, 147, 210, 882]]
[1361, [2, 5, 9, 110, 253, 315, 322, 345]]
[1362, [2, 5, 11, 30, 231, 285, 798]]
[1363, [2, 5, 9, 117, 234, 270, 297, 429]]
[1364, [2, 5, 9, 70, 270, 378, 630]]
[1365, [2, 6, 11, 15, 121, 1210]]
[1366, [2, 5, 9, 90, 135, 450, 675]]
[1367, [2, 5, 9, 115, 234, 273, 315, 414]]
[1368, [2, 5, 9, 91, 130, 546, 585]]
[1369, [2, 5, 9, 57, 270, 1026]]
[1370, [2, 5, 9, 77, 234, 273, 770]]
[1371, [2, 5, 9, 119, 234, 270, 273, 459]]
[1372, [2, 5, 9, 78, 195, 342, 741]]
[1373, [2, 5, 10, 33, 630, 693]]
[1374, [2, 5, 15, 17, 306, 315, 714]]
[1375, [2, 5, 9, 115, 225, 275, 330, 414]]
[1376, [2, 5, 10, 54, 90, 405, 810]]
[1377, [2, 5, 9, 126, 210, 225, 350, 450]]
[1378, [2, 5, 9, 70, 285, 342, 665]]
[1379, [2, 5, 11, 30, 121, 1210]]
[1380, [2, 5, 10, 42, 165, 561, 595]]
[1381, [2, 5, 9, 78, 117, 1170]]
[1382, [2, 5, 10, 50, 105, 385, 825]]
[1383, [2, 5, 9, 143, 189, 195, 378, 462]]
[1384, [2, 5, 9, 81, 162, 450, 675]]
[1385, [2, 5, 9, 126, 210, 221, 357, 455]]
[1386, [2, 5, 9, 75, 195, 450, 650]]
[1387, [2, 6, 7, 49, 441, 882]]
[1388, [2, 5, 9, 77, 210, 315, 770]]
[1389, [2, 5, 9, 115, 207, 315, 322, 414]]
[1390, [2, 5, 9, 69, 270, 414, 621]]
[1391, [2, 5, 9, 55, 330, 990]]
[1392, [2, 5, 9, 77, 207, 322, 770]]
[1393, [2, 5, 9, 54, 378, 945]]
[1394, [2, 5, 10, 57, 105, 189, 1026]]
[1395, [2, 5, 9, 115, 225, 250, 375, 414]]
[1396, [2, 5, 10, 49, 105, 490, 735]]
[1397, [2, 5, 9, 117, 221, 245, 357, 441]]
[1398, [2, 5, 9, 65, 425, 442, 450]]
[1399, [2, 5, 9, 126, 225, 234, 273, 525]]
[1400, [2, 5, 9, 90, 138, 391, 765]]
[1401, [2, 5, 9, 135, 198, 209, 330, 513]]
[1402, [2, 5, 9, 70, 245, 441, 630]]
[1403, [2, 5, 9, 105, 270, 297, 330, 385]]
[1404, [2, 5, 9, 70, 275, 350, 693]]
[1405, [2, 6, 11, 14, 294, 1078]]
[1406, [2, 5, 9, 95, 147, 266, 882]]
[1407, [2, 5, 9, 119, 234, 255, 273, 510]]
[1408, [2, 5, 10, 46, 126, 414, 805]]
[1409, [2, 5, 9, 130, 182, 234, 385, 462]]
[1410, [2, 5, 10, 77, 165, 231, 253, 322, 345]]
[1411, [2, 5, 9, 105, 250, 315, 350, 375]]
[1412, [2, 5, 9, 66, 330, 450, 550]]
[1413, [2, 5, 14, 17, 525, 850]]
[1414, [2, 5, 17, 18, 63, 595, 714]]
[1415, [2, 5, 9, 126, 175, 270, 378, 450]]
[1416, [2, 5, 10, 39, 255, 442, 663]]
[1417, [2, 5, 9, 126, 210, 225, 315, 525]]
[1418, [2, 5, 10, 39, 270, 390, 702]]
[1419, [2, 5, 9, 115, 198, 286, 390, 414]]
[1420, [2, 5, 10, 46, 161, 230, 966]]
[1421, [2, 5, 9, 126, 207, 225, 322, 525]]
[1422, [2, 5, 9, 114, 153, 170, 969]]
[1423, [2, 5, 9, 147, 154, 270, 297, 539]]
[1424, [2, 5, 14, 23, 69, 345, 966]]
[1425, [2, 5, 10, 33, 550, 825]]
[1426, [2, 5, 9, 66, 315, 490, 539]]
[1427, [2, 5, 18, 25, 27, 1350]]
[1428, [2, 5, 10, 39, 245, 490, 637]]
[1429, [2, 5, 9, 102, 270, 306, 357, 378]]
[1430, [2, 5, 9, 70, 294, 315, 735]]
[1431, [2, 5, 9, 63, 182, 1170]]
[1432, [2, 5, 10, 75, 90, 125, 1125]]
[1433, [2, 5, 9, 143, 165, 234, 325, 550]]
[1434, [2, 5, 9, 95, 126, 399, 798]]
[1435, [2, 6, 7, 55, 210, 1155]]
[1436, [2, 5, 17, 18, 63, 561, 770]]
[1437, [2, 5, 9, 117, 221, 231, 357, 495]]
[1438, [2, 5, 13, 21, 182, 585, 630]]
[1439, [2, 5, 9, 117, 195, 286, 330, 495]]
[1440, [2, 5, 18, 21, 42, 182, 1170]]
[1441, [2, 5, 9, 115, 210, 245, 414, 441]]
[1442, [2, 5, 9, 70, 231, 495, 630]]
[1443, [2, 6, 7, 51, 306, 1071]]
[1444, [2, 5, 9, 66, 306, 495, 561]]
[1445, [2, 5, 9, 119, 175, 325, 351, 459]]
[1446, [2, 5, 9, 90, 130, 495, 715]]
[1447, [2, 5, 9, 110, 207, 322, 330, 462]]
[1448, [2, 5, 9, 91, 126, 585, 630]]
[1449, [2, 5, 9, 130, 198, 234, 286, 585]]
[1450, [2, 5, 9, 90, 147, 315, 882]]
[1451, [2, 5, 9, 110, 225, 275, 330, 495]]
[1452, [2, 5, 10, 42, 210, 273, 910]]
[1453, [2, 5, 9, 126, 161, 322, 345, 483]]
[1454, [2, 5, 9, 110, 143, 195, 990]]
[1455, [2, 5, 9, 99, 275, 330, 350, 385]]
[1456, [2, 5, 9, 81, 198, 270, 891]]
[1457, [2, 5, 9, 147, 165, 198, 441, 490]]
[1458, [2, 5, 13, 26, 99, 143, 1170]]
[1459, [2, 5, 9, 105, 231, 315, 330, 462]]
[1460, [2, 5, 9, 102, 165, 187, 990]]
[1461, [2, 6, 9, 19, 570, 855]]
[1462, [2, 5, 9, 66, 297, 513, 570]]
[1463, [2, 5, 9, 99, 270, 315, 378, 385]]
[1464, [2, 5, 14, 23, 70, 315, 1035]]
[1465, [2, 6, 7, 50, 350, 1050]]
[1466, [2, 5, 9, 70, 225, 525, 630]]
[1467, [2, 5, 9, 102, 245, 306, 357, 441]]
[1468, [2, 5, 9, 66, 297, 495, 594]]
[1469, [2, 5, 9, 105, 221, 315, 357, 455]]
[1470, [2, 5, 11, 55, 66, 121, 1210]]
[1471, [2, 5, 9, 105, 230, 315, 322, 483]]
[1472, [2, 5, 9, 70, 231, 462, 693]]
[1473, [2, 5, 9, 105, 234, 273, 390, 455]]
[1474, [2, 5, 9, 81, 162, 405, 810]]
[1475, [2, 7, 10, 13, 78, 1365]]
[1476, [2, 5, 9, 70, 234, 442, 714]]
[1477, [2, 5, 9, 99, 255, 323, 385, 399]]
[1478, [2, 5, 15, 21, 63, 490, 882]]
[1479, [2, 5, 9, 110, 210, 270, 378, 495]]
[1480, [2, 5, 9, 66, 315, 418, 665]]
[1481, [2, 5, 9, 115, 210, 231, 414, 495]]
[1482, [2, 5, 10, 39, 299, 322, 805]]
[1483, [2, 5, 9, 117, 210, 225, 390, 525]]
[1484, [2, 5, 9, 70, 285, 315, 798]]
[1485, [2, 5, 9, 110, 189, 330, 378, 462]]
[1486, [2, 5, 10, 50, 99, 495, 825]]
[1487, [2, 5, 9, 119, 170, 315, 357, 510]]
[1488, [2, 5, 9, 77, 175, 450, 770]]
[1489, [2, 5, 9, 105, 238, 255, 425, 450]]
[1490, [2, 5, 9, 66, 330, 385, 693]]
[1491, [2, 5, 9, 105, 210, 315, 390, 455]]
[1492, [2, 5, 9, 70, 266, 342, 798]]
[1493, [2, 5, 9, 105, 210, 315, 385, 462]]
[1494, [2, 5, 10, 49, 105, 441, 882]]
[1495, [2, 5, 10, 33, 510, 935]]
[1496, [2, 5, 9, 130, 135, 162, 1053]]
[1497, [2, 5, 10, 35, 255, 1190]]
[1498, [2, 5, 9, 69, 230, 585, 598]]
[1499, [2, 5, 9, 114, 198, 247, 429, 495]]
[1500, [2, 5, 10, 39, 234, 495, 715]]