[1, 0]
[2, 0]
[3, 0]
[4, 0]
[5, [2, 3]]
[6, 0]
[7, 0]
[8, 0]
[9, 0]
[10, 0]
[11, 0]
[12, 0]
[13, 0]
[14, 0]
[15, 0]
[16, 0]
[17, 0]
[18, 0]
[19, 0]
[20, 0]
[21, 0]
[22, 0]
[23, 0]
[24, 0]
[25, 0]
[26, 0]
[27, 0]
[28, 0]
[29, 0]
[30, 0]
[31, 0]
[32, [3, 4, 5, 20]]
[33, 0]
[34, 0]
[35, 0]
[36, 0]
[37, 0]
[38, 0]
[39, 0]
[40, 0]
[41, 0]
[42, 0]
[43, 0]
[44, 0]
[45, 0]
[46, 0]
[47, 0]
[48, 0]
[49, 0]
[50, 0]
[51, 0]
[52, 0]
[53, 0]
[54, 0]
[55, [2, 4, 21, 28]]
[56, [3, 4, 7, 14, 28]]
[57, 0]
[58, 0]
[59, 0]
[60, 0]
[61, [2, 5, 9, 45]]
[62, 0]
[63, 0]
[64, 0]
[65, [3, 4, 8, 10, 40]]
[66, 0]
[67, 0]
[68, 0]
[69, 0]
[70, 0]
[71, 0]
[72, 0]
[73, 0]
[74, 0]
[75, 0]
[76, [2, 5, 20, 21, 28]]
[77, [3, 5, 7, 14, 20, 28]]
[78, 0]
[79, 0]
[80, 0]
[81, [3, 4, 10, 15, 21, 28]]
[82, 0]
[83, 0]
[84, 0]
[85, 0]
[86, [3, 4, 10, 14, 20, 35]]
[87, [3, 5, 9, 10, 15, 45]]
[88, 0]
[89, 0]
[90, 0]
[91, 0]
[92, 0]
[93, [2, 10, 11, 15, 22, 33]]
[94, [2, 7, 8, 21, 56]]
[95, 0]
[96, [3, 4, 9, 15, 20, 45]]
[97, 0]
[98, 0]
[99, 0]
[100, 0]
[101, 0]
[102, [3, 5, 10, 15, 20, 21, 28]]
[103, 0]
[104, [3, 4, 8, 14, 35, 40]]
[105, 0]
[106, 0]
[107, 0]
[108, 0]
[109, [2, 8, 10, 21, 28, 40]]
[110, [3, 4, 5, 28, 70]]
[111, 0]
[112, [2, 5, 14, 21, 70]]
[113, [3, 4, 8, 14, 28, 56]]
[114, 0]
[115, [2, 9, 10, 14, 35, 45]]
[116, 0]
[117, 0]
[118, 0]
[119, 0]
[120, [3, 4, 14, 15, 21, 28, 35]]
[121, [4, 5, 7, 8, 20, 21, 56]]
[122, [3, 5, 8, 10, 16, 80]]
[123, [2, 4, 26, 39, 52]]
[124, [2, 8, 9, 20, 40, 45]]
[125, [3, 5, 8, 14, 20, 35, 40]]
[126, [3, 5, 9, 14, 15, 35, 45]]
[127, 0]
[128, [3, 5, 9, 11, 22, 33, 45]]
[129, 0]
[130, [2, 10, 14, 20, 21, 28, 35]]
[131, [3, 4, 8, 16, 20, 80]]
[132, [2, 11, 14, 15, 22, 33, 35]]
[133, 0]
[134, [3, 5, 8, 14, 20, 28, 56]]
[135, 0]
[136, [2, 7, 10, 21, 40, 56]]
[137, [3, 4, 5, 25, 100]]
[138, [3, 5, 10, 14, 15, 21, 70]]
[139, 0]
[140, [2, 9, 15, 20, 21, 28, 45]]
[141, [3, 5, 14, 15, 20, 21, 28, 35]]
[142, [2, 5, 10, 50, 75]]
[143, [3, 5, 11, 20, 21, 22, 28, 33]]
[144, [2, 5, 20, 26, 39, 52]]
[145, [2, 7, 10, 21, 35, 70]]
[146, 0]
[147, [3, 4, 14, 15, 20, 21, 70]]
[148, [2, 4, 21, 44, 77]]
[149, [3, 4, 7, 14, 44, 77]]
[150, [3, 8, 9, 10, 15, 20, 40, 45]]
[151, [2, 4, 20, 50, 75]]
[152, 0]
[153, 0]
[154, 0]
[155, [3, 4, 10, 14, 28, 40, 56]]
[156, [2, 8, 10, 15, 33, 88]]
[157, [2, 9, 10, 15, 22, 99]]
[158, [2, 4, 19, 57, 76]]
[159, [3, 7, 8, 14, 15, 21, 35, 56]]
[160, [2, 8, 9, 16, 45, 80]]
[161, [3, 5, 8, 14, 16, 35, 80]]
[162, 0]
[163, [4, 5, 7, 10, 20, 21, 40, 56]]
[164, [3, 4, 7, 10, 140]]
[165, [2, 5, 15, 35, 45, 63]]
[166, [5, 7, 8, 9, 10, 14, 28, 40, 45]]
[167, [3, 7, 8, 10, 20, 28, 35, 56]]
[168, [2, 7, 14, 26, 28, 39, 52]]
[169, [2, 5, 20, 21, 44, 77]]
[170, [3, 4, 7, 13, 52, 91]]
[171, 0]
[172, [2, 7, 14, 16, 21, 112]]
[173, [3, 4, 7, 28, 35, 40, 56]]
[174, [3, 4, 9, 15, 28, 45, 70]]
[175, [2, 7, 14, 21, 35, 40, 56]]
[176, [3, 4, 8, 11, 40, 110]]
[177, [2, 8, 10, 26, 39, 40, 52]]
[178, [4, 5, 9, 11, 21, 22, 28, 33, 45]]
[179, [2, 5, 19, 20, 57, 76]]
[180, [2, 7, 15, 20, 28, 45, 63]]
[181, [2, 5, 14, 35, 50, 75]]
[182, [3, 5, 7, 14, 25, 28, 100]]
[183, [2, 5, 15, 33, 40, 88]]
[184, [2, 9, 10, 20, 28, 45, 70]]
[185, [3, 5, 7, 10, 20, 140]]
[186, [2, 5, 10, 39, 130]]
[187, [2, 9, 10, 11, 45, 110]]
[188, [3, 5, 10, 11, 14, 35, 110]]
[189, [2, 7, 9, 21, 45, 105]]
[190, [3, 5, 7, 14, 21, 35, 105]]
[191, [3, 4, 8, 17, 34, 40, 85]]
[192, [3, 4, 11, 15, 21, 28, 110]]
[193, [2, 7, 14, 21, 28, 44, 77]]
[194, [3, 4, 8, 10, 65, 104]]
[195, [2, 4, 20, 39, 130]]
[196, [2, 7, 14, 20, 28, 50, 75]]
[197, [3, 4, 11, 14, 20, 35, 110]]
[198, [3, 5, 9, 11, 15, 45, 110]]
[199, [4, 5, 7, 8, 21, 28, 56, 70]]
[200, [3, 4, 7, 20, 40, 56, 70]]
[201, [3, 4, 9, 15, 25, 45, 100]]
[202, [2, 4, 21, 35, 140]]
[203, [3, 4, 5, 44, 70, 77]]
[204, [4, 5, 8, 10, 20, 26, 39, 40, 52]]
[205, [2, 8, 10, 20, 40, 50, 75]]
[206, [2, 9, 10, 15, 45, 50, 75]]
[207, [3, 4, 15, 16, 21, 28, 40, 80]]
[208, [2, 7, 10, 21, 28, 140]]
[209, [2, 7, 10, 15, 70, 105]]
[210, 0]
[211, [2, 8, 14, 16, 21, 70, 80]]
[212, [2, 7, 15, 20, 28, 35, 105]]
[213, [3, 4, 14, 15, 21, 35, 44, 77]]
[214, [2, 7, 13, 21, 28, 52, 91]]
[215, [3, 5, 8, 10, 20, 65, 104]]
[216, [2, 7, 14, 15, 45, 63, 70]]
[217, [2, 7, 11, 21, 22, 154]]
[218, [3, 4, 8, 16, 35, 40, 112]]
[219, [3, 5, 7, 15, 21, 28, 140]]
[220, [2, 8, 11, 21, 28, 40, 110]]
[221, [2, 5, 13, 39, 45, 117]]
[222, [2, 5, 26, 28, 39, 52, 70]]
[223, [2, 5, 20, 21, 35, 140]]
[224, [3, 5, 7, 14, 20, 35, 140]]
[225, [2, 5, 14, 35, 39, 130]]
[226, [2, 5, 16, 21, 70, 112]]
[227, [3, 4, 8, 13, 52, 56, 91]]
[228, [2, 7, 14, 21, 22, 63, 99]]
[229, [2, 4, 28, 50, 70, 75]]
[230, [3, 5, 7, 14, 35, 40, 56, 70]]
[231, [3, 7, 8, 11, 15, 21, 56, 110]]
[232, [2, 9, 13, 20, 26, 45, 52, 65]]
[233, [3, 4, 8, 14, 35, 65, 104]]
[234, [3, 4, 13, 15, 21, 35, 52, 91]]
[235, [2, 8, 17, 21, 28, 34, 40, 85]]
[236, [3, 4, 7, 16, 56, 70, 80]]
[237, [2, 8, 15, 20, 28, 45, 56, 63]]
[238, [2, 8, 10, 21, 28, 65, 104]]
[239, [3, 4, 5, 35, 80, 112]]
[240, [2, 7, 10, 26, 39, 65, 91]]
[241, [2, 8, 10, 16, 50, 75, 80]]
[242, [3, 5, 8, 10, 20, 56, 140]]
[243, [2, 8, 16, 20, 26, 39, 52, 80]]
[244, [3, 5, 7, 9, 45, 70, 105]]
[245, [3, 4, 10, 13, 20, 65, 130]]
[246, [2, 8, 9, 21, 45, 56, 105]]
[247, [2, 4, 28, 45, 63, 105]]
[248, [3, 4, 5, 40, 56, 140]]
[249, [2, 5, 25, 26, 39, 52, 100]]
[250, [2, 5, 20, 28, 50, 70, 75]]
[251, [2, 8, 14, 19, 35, 40, 57, 76]]
[252, [3, 4, 14, 15, 21, 25, 70, 100]]
[253, [2, 5, 11, 50, 75, 110]]
[254, [3, 4, 5, 22, 220]]
[255, [3, 4, 10, 15, 28, 50, 70, 75]]
[256, [2, 4, 25, 50, 75, 100]]
[257, [3, 4, 5, 35, 70, 140]]
[258, [2, 7, 14, 15, 33, 77, 110]]
[259, [2, 9, 11, 20, 40, 44, 45, 88]]
[260, [3, 4, 8, 14, 35, 56, 140]]
[261, [2, 8, 9, 22, 33, 88, 99]]
[262, [3, 5, 7, 11, 21, 105, 110]]
[263, [3, 4, 7, 16, 44, 77, 112]]
[264, [2, 7, 15, 28, 33, 35, 56, 88]]
[265, [2, 5, 21, 28, 38, 76, 95]]
[266, [2, 4, 15, 105, 140]]
[267, [2, 8, 11, 15, 33, 88, 110]]
[268, [2, 5, 16, 40, 50, 75, 80]]
[269, [2, 8, 15, 20, 28, 35, 56, 105]]
[270, [2, 5, 21, 28, 45, 52, 117]]
[271, [2, 7, 16, 21, 35, 40, 70, 80]]
[272, [3, 4, 7, 20, 28, 70, 140]]
[273, [2, 4, 28, 39, 70, 130]]
[274, [2, 5, 21, 25, 44, 77, 100]]
[275, [2, 7, 10, 14, 77, 165]]
[276, [2, 7, 10, 26, 39, 52, 140]]
[277, [2, 5, 20, 25, 50, 75, 100]]
[278, [2, 7, 9, 28, 52, 63, 117]]
[279, [2, 7, 14, 26, 35, 39, 65, 91]]
[280, [2, 7, 8, 21, 88, 154]]
[281, [3, 4, 7, 20, 26, 91, 130]]
[282, [2, 5, 21, 22, 63, 70, 99]]
[283, [2, 4, 21, 32, 224]]
[284, [2, 8, 10, 11, 88, 165]]
[285, [2, 5, 15, 21, 77, 165]]
[286, [2, 7, 8, 45, 56, 63, 105]]
[287, [2, 5, 15, 20, 105, 140]]
[288, [2, 8, 11, 26, 39, 40, 52, 110]]
[289, [2, 4, 21, 70, 80, 112]]
[290, [2, 8, 10, 15, 51, 68, 136]]
[291, [2, 7, 15, 20, 33, 56, 70, 88]]
[292, [2, 5, 21, 22, 55, 77, 110]]
[293, [2, 5, 15, 21, 75, 175]]
[294, [2, 5, 20, 28, 39, 70, 130]]
[295, [2, 5, 16, 35, 50, 75, 112]]
[296, [2, 4, 22, 52, 99, 117]]
[297, [2, 5, 11, 39, 110, 130]]
[298, [2, 5, 21, 22, 28, 220]]
[299, [3, 4, 7, 20, 25, 100, 140]]
[300, [2, 4, 25, 39, 100, 130]]
[301, [2, 7, 11, 15, 35, 231]]
[302, [3, 4, 5, 40, 50, 200]]
[303, [2, 7, 8, 39, 52, 91, 104]]
[304, [2, 5, 20, 21, 32, 224]]
[305, [3, 4, 8, 11, 65, 104, 110]]
[306, [2, 5, 10, 34, 255]]
[307, [2, 7, 13, 21, 44, 52, 77, 91]]
[308, [3, 4, 10, 14, 22, 35, 220]]
[309, [3, 4, 10, 15, 21, 32, 224]]
[310, [2, 5, 20, 21, 70, 80, 112]]
[311, [2, 4, 28, 35, 77, 165]]
[312, [2, 5, 15, 33, 65, 88, 104]]
[313, [3, 4, 8, 9, 136, 153]]
[314, [2, 7, 9, 22, 70, 99, 105]]
[315, [2, 4, 20, 34, 255]]
[316, [2, 5, 15, 39, 50, 75, 130]]
[317, [2, 5, 15, 25, 45, 225]]
[318, [3, 4, 9, 15, 22, 45, 220]]
[319, [2, 4, 28, 35, 75, 175]]
[320, [3, 4, 8, 16, 17, 272]]
[321, [2, 5, 20, 25, 39, 100, 130]]
[322, [2, 4, 44, 50, 70, 75, 77]]
[323, [2, 7, 10, 15, 51, 238]]
[324, [2, 5, 26, 39, 40, 56, 65, 91]]
[325, [2, 4, 21, 56, 88, 154]]
[326, [3, 4, 7, 14, 56, 88, 154]]
[327, [2, 7, 15, 20, 35, 45, 63, 140]]
[328, [2, 5, 21, 23, 46, 70, 161]]
[329, [2, 5, 10, 70, 77, 165]]
[330, [3, 4, 8, 15, 25, 75, 200]]
[331, [2, 5, 14, 21, 119, 170]]
[332, [2, 5, 20, 28, 35, 77, 165]]
[333, [2, 5, 26, 35, 39, 65, 70, 91]]
[334, [2, 8, 9, 20, 45, 50, 200]]
[335, [2, 7, 13, 14, 26, 273]]
[336, [2, 4, 20, 62, 93, 155]]
[337, [2, 5, 10, 70, 75, 175]]
[338, [2, 4, 20, 70, 77, 165]]
[339, [2, 5, 15, 33, 56, 88, 140]]
[340, [2, 4, 38, 50, 75, 76, 95]]
[341, [3, 4, 8, 14, 26, 104, 182]]
[342, [2, 5, 21, 28, 39, 52, 195]]
[343, [2, 5, 20, 44, 50, 70, 75, 77]]
[344, [2, 5, 14, 38, 57, 95, 133]]
[345, [2, 5, 14, 34, 35, 255]]
[346, [2, 4, 20, 70, 75, 175]]
[347, [2, 4, 22, 44, 110, 165]]
[348, [2, 4, 39, 52, 56, 91, 104]]
[349, [2, 7, 13, 21, 39, 45, 105, 117]]
[350, [2, 7, 8, 35, 56, 77, 165]]
[351, [2, 5, 22, 35, 50, 63, 75, 99]]
[352, [2, 4, 21, 50, 100, 175]]
[353, [3, 4, 7, 14, 50, 100, 175]]
[354, [2, 5, 21, 40, 50, 56, 75, 105]]
[355, [3, 4, 9, 10, 40, 136, 153]]
[356, [2, 4, 20, 55, 110, 165]]
[357, [2, 5, 11, 45, 63, 231]]
[358, [2, 8, 9, 14, 45, 280]]
[359, [2, 5, 10, 57, 95, 190]]
[360, [2, 4, 26, 39, 68, 221]]
[361, [2, 5, 15, 40, 46, 69, 184]]
[362, [2, 5, 15, 34, 51, 85, 170]]
[363, [2, 4, 14, 147, 196]]
[364, [2, 7, 10, 21, 35, 119, 170]]
[365, [2, 5, 15, 28, 70, 105, 140]]
[366, [2, 4, 39, 44, 70, 77, 130]]
[367, [2, 4, 40, 50, 56, 75, 140]]
[368, [2, 4, 20, 57, 95, 190]]
[369, [3, 4, 9, 10, 28, 315]]
[370, [2, 4, 21, 49, 98, 196]]
[371, [2, 7, 10, 14, 65, 273]]
[372, [2, 7, 15, 16, 33, 77, 110, 112]]
[373, [2, 4, 22, 50, 75, 220]]
[374, [2, 5, 15, 26, 91, 105, 130]]
[375, [2, 4, 28, 33, 77, 231]]
[376, [2, 4, 35, 50, 70, 75, 140]]
[377, [3, 4, 5, 56, 65, 104, 140]]
[378, [2, 8, 9, 33, 34, 51, 88, 153]]
[379, [2, 4, 21, 55, 77, 220]]
[380, [2, 8, 10, 15, 51, 56, 238]]
[381, [2, 5, 15, 21, 65, 273]]
[382, [2, 4, 15, 76, 285]]
[383, [2, 4, 16, 57, 304]]
[384, [2, 5, 14, 20, 147, 196]]
[385, [2, 5, 14, 21, 98, 245]]
[386, [2, 5, 14, 35, 55, 110, 165]]
[387, [2, 8, 11, 14, 33, 88, 231]]
[388, [2, 7, 8, 21, 70, 280]]
[389, [2, 5, 11, 33, 143, 195]]
[390, [3, 5, 9, 10, 20, 28, 315]]
[391, [2, 5, 20, 21, 49, 98, 196]]
[392, [2, 5, 15, 25, 100, 105, 140]]
[393, [2, 4, 28, 34, 70, 255]]
[394, [2, 4, 35, 45, 63, 105, 140]]
[395, [2, 4, 28, 38, 57, 266]]
[396, [2, 4, 26, 39, 65, 260]]
[397, [2, 7, 8, 28, 63, 136, 153]]
[398, [2, 4, 40, 44, 55, 88, 165]]
[399, [2, 5, 21, 34, 51, 63, 70, 153]]
[400, [2, 5, 20, 21, 55, 77, 220]]
[401, [3, 4, 5, 26, 143, 220]]
[402, [2, 4, 35, 39, 80, 112, 130]]
[403, [2, 5, 14, 21, 95, 266]]
[404, [2, 5, 16, 20, 57, 304]]
[405, [2, 8, 10, 16, 34, 80, 255]]
[406, [2, 5, 22, 33, 44, 55, 105, 140]]
[407, [2, 4, 28, 35, 65, 273]]
[408, [2, 5, 14, 38, 45, 133, 171]]
[409, [2, 5, 21, 25, 32, 100, 224]]
[410, [3, 4, 5, 35, 55, 308]]
[411, [2, 5, 10, 51, 105, 238]]
[412, [2, 4, 33, 40, 88, 105, 140]]
[413, [2, 4, 34, 51, 52, 117, 153]]
[414, [2, 5, 20, 28, 34, 70, 255]]
[415, [2, 7, 10, 21, 25, 350]]
[416, [2, 5, 15, 35, 51, 70, 238]]
[417, [2, 4, 22, 39, 130, 220]]
[418, [2, 5, 14, 45, 51, 63, 238]]
[419, [3, 4, 7, 15, 39, 91, 260]]
[420, [2, 4, 20, 51, 105, 238]]
[421, [2, 5, 15, 19, 95, 285]]
[422, [3, 4, 5, 44, 77, 119, 170]]
[423, [2, 5, 10, 45, 171, 190]]
[424, [2, 5, 16, 50, 56, 75, 80, 140]]
[425, [2, 5, 10, 65, 70, 273]]
[426, [2, 4, 33, 46, 69, 88, 184]]
[427, [2, 5, 21, 28, 35, 56, 280]]
[428, [3, 4, 5, 26, 130, 260]]
[429, [2, 5, 15, 33, 44, 110, 220]]
[430, [2, 7, 10, 21, 40, 70, 280]]
[431, [2, 5, 14, 28, 77, 140, 165]]
[432, [2, 4, 20, 45, 171, 190]]
[433, [2, 4, 21, 56, 70, 280]]
[434, [2, 4, 20, 65, 70, 273]]
[435, [2, 7, 8, 35, 40, 147, 196]]
[436, [2, 5, 15, 34, 50, 75, 255]]
[437, [2, 8, 10, 16, 40, 57, 304]]
[438, [2, 4, 39, 40, 65, 80, 208]]
[439, [2, 5, 14, 28, 75, 140, 175]]
[440, [2, 5, 11, 65, 88, 104, 165]]
[441, [2, 5, 20, 25, 34, 100, 255]]
[442, [2, 4, 21, 40, 175, 200]]
[443, [2, 4, 25, 70, 77, 100, 165]]
[444, [2, 4, 44, 45, 55, 63, 231]]
[445, [2, 5, 9, 105, 135, 189]]
[446, [2, 5, 10, 44, 165, 220]]
[447, [2, 4, 28, 35, 63, 315]]
[448, [2, 4, 28, 50, 75, 119, 170]]
[449, [2, 7, 13, 16, 26, 112, 273]]
[450, [2, 5, 14, 33, 55, 110, 231]]
[451, [2, 4, 21, 40, 160, 224]]
[452, [2, 5, 14, 38, 57, 70, 266]]
[453, [2, 5, 9, 99, 143, 195]]
[454, [2, 5, 20, 21, 56, 70, 280]]
[455, [2, 4, 20, 44, 165, 220]]
[456, [2, 5, 15, 33, 40, 152, 209]]
[457, [2, 4, 32, 50, 70, 75, 224]]
[458, [2, 5, 10, 57, 80, 304]]
[459, [2, 4, 23, 39, 92, 299]]
[460, [2, 4, 21, 55, 70, 308]]
[461, [2, 4, 25, 55, 100, 110, 165]]
[462, [2, 5, 14, 28, 70, 147, 196]]
[463, [2, 5, 20, 21, 40, 175, 200]]
[464, [2, 5, 14, 35, 65, 70, 273]]
[465, [2, 5, 10, 63, 70, 315]]
[466, [2, 5, 14, 40, 50, 75, 280]]
[467, [2, 4, 20, 57, 80, 304]]
[468, [2, 5, 20, 28, 35, 63, 315]]
[469, [2, 5, 16, 33, 80, 88, 105, 140]]
[470, [2, 5, 11, 57, 95, 110, 190]]
[471, [3, 4, 5, 51, 68, 85, 255]]
[472, [2, 4, 33, 51, 56, 88, 238]]
[473, [2, 4, 16, 110, 165, 176]]
[474, [2, 4, 20, 63, 70, 315]]
[475, [2, 4, 25, 65, 75, 104, 200]]
[476, [2, 4, 27, 44, 99, 135, 165]]
[477, [2, 4, 16, 112, 147, 196]]
[478, [2, 5, 14, 50, 75, 80, 112, 140]]
[479, [2, 5, 15, 28, 51, 140, 238]]
[480, [2, 4, 35, 40, 56, 147, 196]]
[481, [2, 5, 15, 28, 70, 76, 285]]
[482, [2, 5, 15, 35, 40, 105, 280]]
[483, [2, 8, 10, 14, 39, 130, 280]]
[484, [2, 8, 14, 15, 28, 56, 76, 285]]
[485, [2, 5, 14, 35, 44, 165, 220]]
[486, [2, 4, 34, 44, 70, 77, 255]]
[487, [2, 4, 21, 40, 140, 280]]
[488, [2, 4, 38, 44, 57, 77, 266]]
[489, [2, 4, 28, 39, 52, 364]]
[490, [2, 5, 15, 46, 65, 69, 104, 184]]
[491, [2, 5, 15, 28, 56, 105, 280]]
[492, [2, 4, 28, 39, 119, 130, 170]]
[493, [2, 5, 14, 50, 75, 77, 105, 165]]
[494, [2, 4, 26, 44, 110, 143, 165]]
[495, [2, 5, 14, 40, 56, 63, 315]]
[496, [2, 7, 10, 15, 77, 154, 231]]
[497, [2, 4, 27, 40, 135, 136, 153]]
[498, [2, 4, 28, 44, 77, 147, 196]]
[499, [2, 5, 16, 21, 80, 175, 200]]
[500, [2, 4, 35, 44, 65, 77, 273]]
[501, [2, 4, 32, 39, 70, 130, 224]]
[502, [2, 4, 25, 56, 75, 140, 200]]
[503, [2, 5, 15, 35, 77, 105, 110, 154]]
[504, [2, 4, 34, 38, 76, 95, 255]]
[505, [2, 5, 14, 50, 70, 75, 119, 170]]
[506, [2, 5, 10, 99, 117, 130, 143]]
[507, [3, 4, 5, 39, 91, 105, 260]]
[508, [2, 4, 21, 77, 110, 140, 154]]
[509, [2, 5, 9, 85, 153, 255]]
[510, [2, 4, 28, 45, 70, 171, 190]]
[511, [2, 4, 27, 28, 135, 315]]
[512, [2, 4, 40, 52, 88, 99, 110, 117]]
[513, [2, 5, 20, 28, 39, 119, 130, 170]]
[514, [2, 4, 21, 77, 105, 140, 165]]
[515, [2, 4, 26, 28, 182, 273]]
[516, [2, 4, 17, 68, 170, 255]]
[517, [2, 7, 9, 15, 99, 385]]
[518, [2, 5, 15, 28, 55, 105, 308]]
[519, [2, 5, 20, 28, 44, 77, 147, 196]]
[520, [2, 4, 26, 50, 75, 143, 220]]
[521, [2, 5, 11, 44, 140, 154, 165]]
[522, [2, 4, 21, 75, 105, 140, 175]]
[523, [2, 5, 10, 46, 115, 345]]
[524, [3, 4, 5, 40, 80, 112, 280]]
[525, [2, 4, 25, 51, 100, 105, 238]]
[526, [2, 4, 21, 70, 119, 140, 170]]
[527, [3, 4, 5, 25, 140, 350]]
[528, [2, 4, 33, 40, 76, 88, 285]]
[529, [2, 4, 35, 50, 55, 75, 308]]
[530, [2, 5, 10, 57, 76, 380]]
[531, [2, 4, 34, 40, 56, 140, 255]]
[532, [2, 4, 20, 46, 115, 345]]
[533, [2, 4, 22, 63, 99, 147, 196]]
[534, [2, 5, 11, 45, 110, 171, 190]]
[535, [2, 7, 10, 15, 76, 140, 285]]
[536, [2, 4, 22, 35, 165, 308]]
[537, [2, 4, 22, 34, 220, 255]]
[538, [2, 5, 10, 91, 105, 130, 195]]
[539, [2, 4, 20, 57, 76, 380]]
[540, [2, 4, 34, 35, 70, 140, 255]]
[541, [2, 5, 11, 33, 105, 385]]
[542, [2, 4, 22, 55, 140, 154, 165]]
[543, [2, 4, 39, 56, 70, 88, 130, 154]]
[544, [2, 5, 8, 184, 345]]
[545, [2, 4, 21, 70, 105, 147, 196]]
[546, [2, 4, 25, 45, 105, 140, 225]]
[547, [2, 4, 20, 91, 105, 130, 195]]
[548, [2, 5, 10, 77, 119, 165, 170]]
[549, [2, 5, 13, 35, 39, 455]]
[550, [2, 4, 15, 69, 460]]
[551, [3, 4, 7, 13, 56, 104, 364]]
[552, [2, 4, 28, 35, 140, 147, 196]]
[553, [2, 4, 21, 77, 88, 152, 209]]
[554, [3, 4, 5, 35, 52, 455]]
[555, [2, 5, 15, 26, 52, 195, 260]]
[556, [2, 5, 10, 75, 119, 170, 175]]
[557, [2, 4, 19, 57, 95, 380]]
[558, [2, 5, 20, 22, 34, 220, 255]]
[559, [2, 5, 14, 50, 70, 75, 98, 245]]
[560, [2, 4, 22, 70, 77, 165, 220]]
[561, [2, 7, 9, 14, 207, 322]]
[562, [2, 4, 21, 80, 98, 112, 245]]
[563, [2, 7, 10, 15, 46, 483]]
[564, [2, 4, 25, 44, 99, 165, 225]]
[565, [2, 4, 20, 75, 119, 170, 175]]
[566, [2, 5, 15, 40, 56, 98, 105, 245]]
[567, [2, 4, 32, 34, 80, 160, 255]]
[568, [2, 4, 22, 70, 75, 175, 220]]
[569, [2, 4, 22, 65, 99, 117, 260]]
[570, [2, 5, 10, 70, 140, 147, 196]]
[571, [2, 5, 15, 20, 69, 460]]
[572, [2, 4, 25, 57, 80, 100, 304]]
[573, [2, 5, 9, 77, 165, 315]]
[574, [2, 4, 21, 76, 91, 133, 247]]
[575, [2, 4, 35, 57, 80, 95, 112, 190]]
[576, [2, 5, 11, 63, 70, 110, 315]]
[577, [2, 4, 33, 56, 88, 105, 119, 170]]
[578, [2, 4, 22, 55, 110, 165, 220]]
[579, [2, 4, 15, 143, 195, 220]]
[580, [2, 4, 21, 65, 104, 160, 224]]
[581, [2, 5, 9, 75, 175, 315]]
[582, [2, 4, 39, 44, 52, 77, 364]]
[583, [2, 5, 17, 33, 51, 68, 187, 220]]
[584, [2, 5, 10, 77, 105, 154, 231]]
[585, [2, 5, 10, 39, 230, 299]]
[586, [2, 5, 10, 40, 184, 345]]
[587, [3, 4, 7, 16, 28, 161, 368]]
[588, [2, 4, 39, 49, 70, 98, 130, 196]]
[589, [2, 4, 21, 68, 91, 182, 221]]
[590, [2, 4, 22, 57, 95, 190, 220]]
[591, [2, 4, 32, 39, 64, 130, 320]]
[592, [2, 7, 10, 21, 40, 64, 448]]
[593, [2, 4, 20, 77, 105, 154, 231]]
[594, [2, 4, 20, 39, 230, 299]]
[595, [2, 4, 20, 40, 184, 345]]
[596, [2, 4, 28, 40, 77, 165, 280]]
[597, [3, 4, 9, 10, 32, 224, 315]]
[598, [2, 4, 21, 56, 140, 175, 200]]
[599, [2, 4, 25, 28, 225, 315]]
[600, [2, 4, 22, 33, 231, 308]]
[601, [2, 5, 14, 25, 75, 200, 280]]
[602, [3, 4, 7, 10, 238, 340]]
[603, [2, 4, 32, 33, 77, 224, 231]]
[604, [2, 4, 21, 52, 70, 455]]
[605, [2, 5, 9, 99, 105, 385]]
[606, [2, 4, 15, 130, 195, 260]]
[607, [2, 4, 21, 56, 140, 160, 224]]
[608, [2, 4, 26, 44, 77, 182, 273]]
[609, [2, 5, 13, 39, 44, 220, 286]]
[610, [2, 4, 21, 65, 105, 140, 273]]
[611, [2, 4, 19, 57, 92, 437]]
[612, [2, 4, 28, 34, 119, 170, 255]]
[613, [2, 5, 11, 45, 55, 495]]
[614, [2, 5, 15, 34, 51, 65, 442]]
[615, [2, 5, 9, 70, 207, 322]]
[616, [2, 4, 21, 65, 104, 140, 280]]
[617, [2, 4, 28, 57, 70, 76, 380]]
[618, [2, 4, 21, 55, 140, 165, 231]]
[619, [2, 4, 20, 75, 98, 175, 245]]
[620, [2, 5, 8, 165, 440]]
[621, [2, 4, 19, 45, 171, 380]]
[622, [2, 4, 33, 50, 88, 105, 140, 200]]
[623, [2, 4, 22, 55, 100, 165, 275]]
[624, [2, 5, 14, 35, 39, 230, 299]]
[625, [2, 4, 21, 65, 91, 182, 260]]
[626, [2, 5, 16, 22, 57, 220, 304]]
[627, [2, 5, 15, 20, 130, 195, 260]]
[628, [2, 4, 17, 44, 561]]
[629, [3, 4, 7, 10, 220, 385]]
[630, [2, 4, 21, 76, 77, 165, 285]]
[631, [2, 4, 16, 80, 184, 345]]
[632, [2, 4, 20, 76, 105, 140, 285]]
[633, [2, 5, 10, 38, 255, 323]]
[634, [2, 4, 21, 56, 133, 152, 266]]
[635, [2, 4, 26, 52, 65, 135, 351]]
[636, [2, 4, 35, 39, 52, 140, 364]]
[637, [2, 5, 9, 69, 207, 345]]
[638, [2, 4, 21, 75, 76, 175, 285]]
[639, [2, 4, 27, 28, 119, 459]]
[640, [2, 4, 21, 35, 238, 340]]
[641, [2, 4, 22, 52, 110, 165, 286]]
[642, [2, 4, 20, 38, 255, 323]]
[643, [2, 5, 16, 21, 70, 161, 368]]
[644, [2, 4, 25, 57, 76, 100, 380]]
[645, [2, 4, 14, 100, 525]]
[646, [2, 4, 25, 50, 75, 140, 350]]
[647, [2, 5, 15, 40, 46, 56, 483]]
[648, [2, 9, 10, 13, 26, 273, 315]]
[649, [2, 5, 17, 20, 44, 561]]
[650, [2, 4, 19, 95, 105, 140, 285]]
[651, [2, 5, 10, 46, 105, 483]]
[652, [2, 4, 21, 56, 119, 170, 280]]
[653, [2, 4, 20, 65, 119, 170, 273]]
[654, [2, 4, 22, 45, 171, 190, 220]]
[655, [2, 4, 40, 44, 50, 75, 440]]
[656, [2, 4, 13, 273, 364]]
[657, [2, 4, 21, 75, 100, 105, 350]]
[658, [2, 4, 20, 63, 136, 153, 280]]
[659, [2, 4, 21, 51, 147, 196, 238]]
[660, [2, 4, 20, 46, 105, 483]]
[661, [2, 4, 21, 50, 160, 200, 224]]
[662, [2, 5, 10, 40, 165, 440]]
[663, [2, 4, 28, 63, 77, 135, 165, 189]]
[664, [2, 4, 20, 75, 88, 200, 275]]
[665, [3, 4, 5, 44, 65, 104, 440]]
[666, [2, 5, 14, 20, 100, 525]]
[667, [2, 4, 21, 35, 220, 385]]
[668, [2, 4, 27, 44, 63, 231, 297]]
[669, [2, 5, 9, 65, 273, 315]]
[670, [2, 4, 15, 110, 231, 308]]
[671, [2, 4, 20, 40, 165, 440]]
[672, [2, 4, 28, 39, 70, 230, 299]]
[673, [2, 4, 28, 40, 70, 184, 345]]
[674, [2, 5, 10, 69, 105, 161, 322]]
[675, [2, 4, 32, 35, 63, 224, 315]]
[676, [2, 4, 20, 45, 110, 495]]
[677, [2, 5, 13, 20, 273, 364]]
[678, [2, 4, 28, 49, 56, 147, 392]]
[679, [2, 4, 21, 55, 119, 170, 308]]
[680, [3, 4, 5, 28, 80, 560]]
[681, [2, 4, 35, 51, 68, 105, 136, 280]]
[682, [2, 5, 14, 21, 80, 560]]
[683, [2, 4, 20, 69, 105, 161, 322]]
[684, [2, 4, 22, 44, 170, 187, 255]]
[685, [2, 4, 33, 40, 105, 140, 152, 209]]
[686, [2, 5, 15, 25, 51, 238, 350]]
[687, [2, 4, 39, 40, 80, 112, 130, 280]]
[688, [2, 5, 20, 21, 35, 220, 385]]
[689, [2, 4, 22, 57, 80, 220, 304]]
[690, [2, 4, 25, 39, 130, 140, 350]]
[691, [2, 4, 20, 75, 100, 140, 350]]
[692, [2, 4, 25, 44, 77, 225, 315]]
[693, [2, 5, 10, 39, 182, 455]]
[694, [2, 4, 33, 55, 77, 105, 110, 308]]
[695, [2, 4, 27, 34, 135, 153, 340]]
[696, [2, 4, 21, 63, 99, 143, 364]]
[697, [2, 4, 16, 75, 200, 400]]
[698, [2, 5, 10, 65, 98, 245, 273]]
[699, [2, 4, 25, 39, 100, 230, 299]]
[700, [2, 4, 22, 55, 88, 184, 345]]
[701, [2, 5, 14, 35, 40, 165, 440]]
[702, [2, 4, 20, 39, 182, 455]]
[703, [2, 7, 10, 15, 69, 140, 460]]
[704, [2, 4, 15, 105, 238, 340]]
[705, [2, 4, 20, 56, 147, 196, 280]]
[706, [2, 4, 20, 55, 75, 550]]
[707, [2, 4, 16, 80, 165, 440]]
[708, [2, 4, 26, 39, 91, 182, 364]]
[709, [2, 7, 9, 15, 91, 585]]
[710, [3, 4, 7, 10, 196, 490]]
[711, [2, 4, 20, 56, 136, 238, 255]]
[712, [2, 4, 22, 44, 154, 189, 297]]
[713, [3, 4, 5, 40, 56, 220, 385]]
[714, [2, 4, 21, 63, 99, 140, 385]]
[715, [2, 4, 17, 63, 153, 476]]
[716, [2, 5, 10, 57, 130, 208, 304]]
[717, [2, 4, 21, 56, 105, 184, 345]]
[718, [2, 4, 40, 44, 45, 88, 495]]
[719, [2, 5, 15, 28, 46, 140, 483]]
[720, [2, 4, 28, 38, 70, 255, 323]]
[721, [2, 4, 20, 55, 154, 189, 297]]
[722, [2, 4, 22, 56, 88, 165, 385]]
[723, [2, 4, 17, 119, 147, 196, 238]]
[724, [2, 4, 20, 65, 104, 184, 345]]
[725, [3, 4, 5, 23, 230, 460]]
[726, [2, 4, 21, 65, 76, 273, 285]]
[727, [2, 5, 10, 76, 95, 140, 399]]
[728, [2, 5, 16, 20, 80, 165, 440]]
[729, [2, 4, 28, 45, 119, 170, 171, 190]]
[730, [2, 4, 21, 38, 133, 532]]
[731, [2, 4, 15, 105, 220, 385]]
[732, [2, 4, 20, 55, 147, 196, 308]]
[733, [2, 4, 21, 55, 98, 245, 308]]
[734, [2, 4, 25, 57, 76, 95, 475]]
[735, [2, 5, 13, 39, 52, 104, 520]]
[736, [2, 4, 20, 76, 95, 140, 399]]
[737, [2, 4, 22, 99, 117, 130, 143, 220]]
[738, [2, 4, 28, 46, 70, 105, 483]]
[739, [2, 4, 21, 40, 112, 560]]
[740, [2, 5, 10, 52, 165, 220, 286]]
[741, [2, 4, 25, 56, 136, 140, 153, 225]]
[742, [2, 4, 21, 50, 140, 175, 350]]
[743, [2, 4, 22, 57, 88, 152, 418]]
[744, [2, 5, 11, 38, 110, 255, 323]]
[745, [3, 4, 5, 45, 63, 100, 525]]
[746, [2, 4, 15, 100, 250, 375]]
[747, [2, 4, 20, 63, 98, 245, 315]]
[748, [2, 4, 21, 35, 196, 490]]
[749, [2, 4, 20, 52, 165, 220, 286]]
[750, [2, 4, 17, 112, 147, 196, 272]]
[751, [2, 4, 20, 56, 140, 184, 345]]
[752, [2, 5, 15, 20, 105, 220, 385]]
[753, [2, 4, 26, 39, 104, 136, 442]]
[754, [2, 4, 22, 46, 115, 220, 345]]
[755, [2, 7, 10, 14, 57, 665]]
[756, [2, 5, 10, 63, 95, 266, 315]]
[757, [2, 4, 21, 112, 119, 136, 176, 187]]
[758, [2, 4, 20, 55, 160, 165, 352]]
[759, [2, 4, 16, 100, 112, 525]]
[760, [2, 5, 14, 21, 140, 238, 340]]
[761, [3, 4, 5, 23, 220, 506]]
[762, [2, 4, 28, 39, 65, 260, 364]]
[763, [2, 4, 21, 52, 112, 208, 364]]
[764, [2, 5, 14, 22, 105, 231, 385]]
[765, [2, 5, 9, 63, 245, 441]]
[766, [2, 4, 21, 63, 76, 285, 315]]
[767, [2, 4, 39, 40, 45, 117, 520]]
[768, [2, 5, 13, 38, 45, 171, 494]]
[769, [2, 4, 21, 56, 98, 196, 392]]
[770, [2, 5, 10, 57, 112, 280, 304]]
[771, [2, 4, 25, 39, 91, 260, 350]]
[772, [2, 5, 10, 75, 80, 200, 400]]
[773, [2, 5, 11, 33, 95, 627]]
[774, [2, 4, 19, 76, 95, 255, 323]]
[775, [2, 4, 21, 34, 238, 476]]
[776, [2, 4, 22, 44, 154, 165, 385]]
[777, [2, 4, 21, 68, 70, 255, 357]]
[778, [2, 4, 21, 65, 91, 140, 455]]
[779, [2, 4, 19, 57, 190, 247, 260]]
[780, [2, 4, 28, 39, 70, 182, 455]]
[781, [2, 4, 15, 95, 285, 380]]
[782, [2, 5, 10, 50, 175, 225, 315]]
[783, [2, 4, 25, 34, 153, 225, 340]]
[784, [2, 4, 21, 35, 190, 532]]
[785, [2, 4, 20, 55, 154, 165, 385]]
[786, [2, 4, 27, 35, 119, 140, 459]]
[787, [2, 4, 21, 56, 110, 154, 440]]
[788, [3, 4, 5, 26, 100, 650]]
[789, [2, 4, 22, 80, 112, 143, 195, 231]]
[790, [2, 4, 25, 44, 75, 200, 440]]
[791, [2, 4, 28, 35, 57, 665]]
[792, [2, 4, 28, 40, 147, 175, 196, 200]]
[793, [2, 4, 21, 40, 110, 616]]
[794, [2, 4, 19, 76, 110, 165, 418]]
[795, [3, 4, 5, 39, 55, 260, 429]]
[796, [2, 4, 21, 56, 88, 275, 350]]
[797, [2, 5, 9, 91, 105, 585]]
[798, [2, 4, 21, 69, 77, 165, 460]]
[799, [2, 4, 28, 50, 75, 80, 560]]
[800, [2, 4, 20, 65, 104, 165, 440]]
[801, [2, 4, 33, 35, 56, 231, 440]]
[802, [2, 5, 15, 20, 95, 285, 380]]
[803, [2, 4, 23, 52, 99, 117, 506]]
[804, [2, 4, 28, 35, 98, 147, 490]]
[805, [2, 5, 9, 63, 231, 495]]
[806, [2, 4, 21, 69, 75, 175, 460]]
[807, [2, 4, 20, 55, 121, 242, 363]]
[808, [2, 5, 11, 55, 75, 110, 550]]
[809, [2, 5, 10, 57, 70, 665]]
[810, [2, 7, 8, 26, 39, 728]]
[811, [2, 4, 25, 55, 75, 100, 550]]
[812, [2, 4, 15, 105, 196, 490]]
[813, [2, 4, 22, 49, 99, 196, 441]]
[814, [2, 4, 14, 189, 297, 308]]
[815, [2, 4, 22, 63, 99, 100, 525]]
[816, [2, 4, 22, 39, 220, 230, 299]]
[817, [2, 4, 22, 40, 184, 220, 345]]
[818, [2, 4, 20, 57, 70, 665]]
[819, [2, 4, 34, 40, 44, 255, 440]]
[820, [2, 9, 13, 14, 15, 182, 585]]
[821, [2, 4, 22, 40, 165, 280, 308]]
[822, [2, 5, 10, 70, 98, 147, 490]]
[823, [2, 4, 16, 75, 176, 550]]
[824, [2, 4, 16, 77, 165, 560]]
[825, [2, 4, 25, 39, 125, 130, 500]]
[826, [2, 4, 20, 75, 100, 125, 500]]
[827, [2, 4, 20, 56, 140, 165, 440]]
[828, [2, 5, 13, 26, 85, 255, 442]]
[829, [2, 4, 14, 184, 280, 345]]
[830, [2, 4, 25, 45, 69, 225, 460]]
[831, [2, 4, 20, 70, 98, 147, 490]]
[832, [2, 4, 16, 75, 175, 560]]
[833, [2, 5, 15, 20, 105, 196, 490]]
[834, [2, 4, 28, 35, 100, 140, 525]]
[835, [2, 4, 15, 92, 285, 437]]
[836, [2, 5, 10, 52, 130, 273, 364]]
[837, [2, 5, 9, 95, 99, 627]]
[838, [2, 4, 16, 154, 176, 189, 297]]
[839, [2, 4, 14, 182, 273, 364]]
[840, [2, 4, 15, 104, 195, 520]]
[841, [2, 4, 25, 35, 75, 700]]
[842, [2, 4, 25, 50, 57, 304, 400]]
[843, [2, 4, 20, 80, 100, 112, 525]]
[844, [2, 4, 23, 50, 75, 230, 460]]
[845, [2, 4, 20, 52, 130, 273, 364]]
[846, [2, 5, 11, 34, 154, 255, 385]]
[847, [2, 4, 21, 50, 70, 700]]
[848, [2, 4, 15, 105, 190, 532]]
[849, [2, 4, 16, 147, 176, 196, 308]]
[850, [2, 4, 20, 51, 136, 280, 357]]
[851, [2, 4, 26, 52, 65, 117, 585]]
[852, [2, 4, 21, 44, 165, 231, 385]]
[853, [2, 4, 20, 57, 105, 266, 399]]
[854, [2, 4, 23, 44, 110, 165, 506]]
[855, [2, 4, 26, 39, 56, 728]]
[856, [2, 5, 15, 20, 92, 285, 437]]
[857, [3, 4, 5, 40, 55, 200, 550]]
[858, [2, 4, 22, 56, 88, 147, 539]]
[859, [2, 4, 17, 55, 220, 561]]
[860, [2, 4, 33, 44, 55, 95, 627]]
[861, [2, 5, 9, 65, 195, 585]]
[862, [2, 4, 22, 45, 140, 154, 495]]
[863, [2, 4, 19, 52, 247, 266, 273]]
[864, [2, 4, 22, 38, 220, 255, 323]]
[865, [2, 4, 19, 75, 100, 190, 475]]
[866, [2, 7, 11, 14, 57, 110, 665]]
[867, [2, 4, 27, 32, 119, 224, 459]]
[868, [2, 4, 21, 65, 104, 112, 560]]
[869, [2, 5, 15, 20, 105, 190, 532]]
[870, [2, 5, 10, 50, 153, 225, 425]]
[871, [2, 5, 17, 22, 44, 220, 561]]
[872, [2, 5, 10, 50, 165, 200, 440]]
[873, [2, 4, 17, 85, 170, 255, 340]]
[874, [2, 5, 9, 99, 220, 231, 308]]
[875, [2, 4, 16, 160, 165, 176, 352]]
[876, [2, 4, 20, 52, 147, 196, 455]]
[877, [2, 4, 21, 50, 125, 175, 500]]
[878, [2, 4, 14, 165, 308, 385]]
[879, [2, 7, 9, 14, 154, 693]]
[880, [2, 4, 23, 50, 75, 220, 506]]
[881, [2, 4, 20, 50, 165, 200, 440]]
[882, [2, 4, 22, 46, 105, 220, 483]]
[883, [2, 4, 21, 76, 133, 140, 247, 260]]
[884, [2, 4, 35, 44, 57, 77, 665]]
[885, [2, 5, 10, 49, 147, 280, 392]]
[886, [2, 4, 21, 44, 143, 308, 364]]
[887, [3, 4, 5, 28, 77, 770]]
[888, [2, 4, 23, 39, 130, 230, 460]]
[889, [2, 5, 14, 21, 77, 770]]
[890, [2, 7, 10, 13, 130, 273, 455]]
[891, [2, 8, 9, 14, 77, 88, 693]]
[892, [2, 5, 14, 22, 99, 225, 525]]
[893, [2, 4, 22, 40, 165, 220, 440]]
[894, [2, 4, 16, 147, 161, 196, 368]]
[895, [2, 4, 21, 44, 160, 224, 440]]
[896, [2, 5, 14, 26, 56, 273, 520]]
[897, [2, 7, 8, 25, 50, 280, 525]]
[898, [2, 4, 19, 56, 152, 266, 399]]
[899, [3, 4, 7, 10, 175, 700]]
[900, [2, 5, 16, 28, 34, 255, 560]]
[901, [2, 5, 9, 75, 135, 675]]
[902, [2, 4, 16, 154, 165, 176, 385]]
[903, [2, 4, 20, 88, 136, 153, 225, 275]]
[904, [2, 4, 17, 80, 184, 272, 345]]
[905, [2, 4, 14, 165, 280, 440]]
[906, [2, 4, 19, 57, 140, 285, 399]]
[907, [2, 4, 17, 51, 357, 476]]
[908, [2, 4, 20, 77, 80, 165, 560]]
[909, [2, 9, 10, 11, 44, 140, 693]]
[910, [2, 5, 9, 136, 153, 165, 440]]
[911, [2, 5, 14, 26, 45, 819]]
[912, [2, 4, 22, 44, 147, 154, 539]]
[913, [2, 4, 21, 56, 80, 350, 400]]
[914, [2, 4, 20, 56, 104, 273, 455]]
[915, [2, 4, 20, 45, 207, 315, 322]]
[916, [2, 4, 20, 69, 76, 285, 460]]
[917, [2, 4, 23, 69, 70, 105, 644]]
[918, [2, 4, 20, 77, 165, 182, 195, 273]]
[919, [2, 5, 15, 22, 50, 825]]
[920, [2, 4, 16, 65, 273, 560]]
[921, [2, 4, 14, 170, 255, 476]]
[922, [2, 4, 17, 52, 286, 561]]
[923, [2, 4, 20, 65, 117, 130, 585]]
[924, [2, 4, 16, 121, 176, 242, 363]]
[925, [2, 4, 21, 40, 238, 280, 340]]
[926, [2, 5, 14, 20, 165, 280, 440]]
[927, [2, 5, 10, 35, 350, 525]]
[928, [2, 4, 16, 112, 189, 297, 308]]
[929, [3, 4, 7, 11, 112, 176, 616]]
[930, [2, 4, 28, 39, 130, 143, 220, 364]]
[931, [2, 4, 21, 44, 140, 280, 440]]
[932, [3, 4, 7, 15, 28, 350, 525]]
[933, [2, 5, 9, 70, 154, 693]]
[934, [2, 4, 19, 69, 95, 285, 460]]
[935, [2, 4, 26, 40, 70, 273, 520]]
[936, [2, 4, 20, 35, 350, 525]]
[937, [2, 4, 21, 35, 175, 700]]
[938, [2, 4, 21, 45, 140, 231, 495]]
[939, [2, 4, 15, 85, 357, 476]]
[940, [2, 5, 14, 21, 130, 208, 560]]
[941, [2, 4, 19, 57, 133, 308, 418]]
[942, [2, 4, 23, 39, 115, 299, 460]]
[943, [2, 4, 16, 112, 184, 280, 345]]
[944, [2, 7, 10, 15, 63, 154, 693]]
[945, [2, 4, 25, 34, 125, 255, 500]]
[946, [2, 4, 20, 85, 136, 170, 184, 345]]
[947, [3, 4, 5, 34, 68, 238, 595]]
[948, [2, 5, 10, 49, 147, 245, 490]]
[949, [2, 4, 21, 50, 112, 200, 560]]
[950, [2, 4, 19, 110, 133, 165, 209, 308]]
[951, [2, 4, 26, 39, 100, 130, 650]]
[952, [2, 4, 16, 130, 176, 195, 429]]
[953, [2, 4, 16, 112, 182, 273, 364]]
[954, [3, 4, 5, 38, 57, 220, 627]]
[955, [3, 4, 5, 35, 63, 260, 585]]
[956, [2, 5, 10, 70, 88, 165, 616]]
[957, [2, 5, 15, 17, 153, 765]]
[958, [2, 5, 20, 21, 35, 175, 700]]
[959, [2, 5, 13, 26, 80, 273, 560]]
[960, [2, 4, 16, 63, 315, 560]]
[961, [2, 5, 14, 25, 75, 140, 700]]
[962, [2, 4, 21, 45, 140, 225, 525]]
[963, [2, 4, 15, 95, 220, 627]]
[964, [2, 5, 10, 51, 165, 170, 561]]
[965, [2, 4, 16, 130, 165, 208, 440]]
[966, [2, 4, 15, 100, 195, 650]]
[967, [2, 4, 21, 40, 224, 260, 416]]
[968, [2, 5, 15, 26, 45, 225, 650]]
[969, [2, 4, 25, 50, 55, 308, 525]]
[970, [2, 4, 17, 75, 200, 272, 400]]
[971, [2, 4, 16, 104, 208, 273, 364]]
[972, [2, 4, 19, 91, 147, 196, 247, 266]]
[973, [2, 4, 20, 51, 165, 170, 561]]
[974, [3, 4, 5, 34, 64, 320, 544]]
[975, [3, 4, 5, 45, 68, 85, 765]]
[976, [2, 4, 20, 99, 105, 171, 190, 385]]
[977, [2, 4, 19, 57, 154, 209, 532]]
[978, [2, 4, 22, 39, 143, 352, 416]]
[979, [2, 4, 21, 77, 105, 165, 220, 385]]
[980, [2, 4, 17, 80, 165, 272, 440]]
[981, [2, 5, 16, 20, 63, 315, 560]]
[982, [2, 5, 9, 110, 171, 190, 495]]
[983, [2, 4, 22, 40, 165, 200, 550]]
[984, [2, 5, 15, 20, 95, 220, 627]]
[985, [2, 4, 21, 56, 77, 385, 440]]
[986, [2, 7, 10, 15, 77, 105, 770]]
[987, [2, 4, 20, 56, 100, 280, 525]]
[988, [2, 4, 17, 110, 140, 154, 561]]
[989, [2, 7, 8, 20, 105, 231, 616]]
[990, [2, 4, 19, 95, 130, 195, 260, 285]]
[991, [2, 4, 22, 52, 75, 286, 550]]
[992, [2, 4, 16, 112, 165, 308, 385]]
[993, [2, 7, 9, 16, 112, 154, 693]]
[994, [2, 4, 19, 38, 399, 532]]
[995, [2, 4, 28, 40, 57, 304, 560]]
[996, [2, 4, 28, 39, 91, 104, 728]]
[997, [2, 4, 26, 40, 75, 200, 650]]
[998, [2, 4, 19, 76, 99, 171, 627]]
[999, [2, 4, 16, 95, 255, 304, 323]]
[1000, [2, 4, 20, 70, 175, 184, 200, 345]]
[1001, [2, 4, 15, 105, 175, 700]]
[1002, [2, 4, 28, 33, 88, 231, 616]]
[1003, [2, 4, 15, 190, 247, 260, 285]]
[1004, [2, 4, 20, 65, 80, 273, 560]]
[1005, [2, 4, 15, 195, 230, 260, 299]]
[1006, [2, 4, 21, 55, 88, 220, 616]]
[1007, [2, 5, 11, 32, 165, 352, 440]]
[1008, [2, 4, 21, 39, 221, 357, 364]]
[1009, [2, 4, 20, 70, 160, 184, 224, 345]]
[1010, [3, 4, 7, 11, 110, 175, 700]]
[1011, [3, 4, 8, 9, 112, 315, 560]]
[1012, [2, 4, 20, 80, 112, 189, 297, 308]]
[1013, [2, 4, 19, 57, 133, 266, 532]]
[1014, [2, 4, 14, 147, 308, 539]]
[1015, [2, 5, 19, 20, 38, 399, 532]]
[1016, [2, 4, 20, 77, 117, 195, 286, 315]]
[1017, [2, 4, 22, 45, 99, 260, 585]]
[1018, [2, 7, 9, 15, 140, 260, 585]]
[1019, [2, 4, 14, 154, 273, 572]]
[1020, [3, 4, 5, 28, 105, 350, 525]]
[1021, [2, 4, 21, 49, 98, 308, 539]]
[1022, [2, 5, 14, 21, 105, 350, 525]]
[1023, [2, 4, 22, 39, 176, 208, 572]]
[1024, [2, 5, 10, 65, 75, 425, 442]]
[1025, [2, 5, 10, 56, 105, 231, 616]]
[1026, [2, 4, 22, 51, 165, 187, 255, 340]]
[1027, [2, 4, 21, 32, 352, 616]]
[1028, [2, 4, 22, 56, 99, 117, 728]]
[1029, [2, 5, 15, 27, 35, 945]]
[1030, [2, 4, 21, 55, 80, 308, 560]]
[1031, [2, 4, 23, 51, 69, 238, 644]]
[1032, [2, 4, 17, 100, 112, 272, 525]]
[1033, [2, 4, 17, 75, 170, 340, 425]]
[1034, [2, 4, 20, 56, 105, 231, 616]]
[1035, [2, 4, 14, 140, 350, 525]]
[1036, [2, 4, 20, 76, 110, 231, 285, 308]]
[1037, [2, 4, 20, 57, 119, 170, 665]]
[1038, [2, 4, 16, 147, 154, 176, 539]]
[1039, [2, 4, 20, 44, 184, 345, 440]]
[1040, [2, 4, 19, 57, 160, 190, 608]]
[1041, [2, 4, 15, 182, 221, 260, 357]]
[1042, [2, 5, 17, 21, 80, 119, 238, 560]]
[1043, [2, 4, 21, 52, 117, 154, 693]]
[1044, [2, 4, 20, 63, 80, 315, 560]]
[1045, [2, 4, 22, 68, 85, 99, 765]]
[1046, [3, 4, 5, 28, 110, 280, 616]]
[1047, [2, 4, 28, 33, 165, 225, 275, 315]]
[1048, [2, 4, 17, 75, 100, 850]]
[1049, [2, 4, 20, 68, 147, 196, 255, 357]]
[1050, [2, 4, 15, 98, 196, 735]]
[1051, [2, 4, 16, 100, 184, 345, 400]]
[1052, [3, 4, 8, 11, 38, 152, 836]]
[1053, [2, 5, 9, 57, 315, 665]]
[1054, [2, 4, 21, 52, 65, 910]]
[1055, [2, 4, 21, 40, 195, 273, 520]]
[1056, [2, 4, 21, 63, 99, 119, 748]]
[1057, [2, 4, 16, 75, 160, 800]]
[1058, [3, 4, 5, 22, 320, 704]]
[1059, [2, 5, 15, 33, 44, 80, 880]]
[1060, [2, 4, 17, 80, 176, 220, 561]]
[1061, [2, 5, 15, 25, 39, 975]]
[1062, [2, 4, 17, 70, 238, 255, 476]]
[1063, [2, 4, 16, 91, 247, 304, 399]]
[1064, [2, 4, 20, 77, 105, 231, 275, 350]]
[1065, [2, 4, 16, 140, 147, 196, 560]]
[1066, [2, 4, 21, 50, 92, 322, 575]]
[1067, [2, 4, 19, 76, 171, 207, 266, 322]]
[1068, [2, 4, 22, 39, 143, 286, 572]]
[1069, [2, 4, 17, 100, 110, 275, 561]]
[1070, [2, 4, 20, 76, 105, 238, 285, 340]]
[1071, [2, 4, 20, 68, 76, 255, 646]]
[1072, [2, 4, 15, 160, 231, 308, 352]]
[1073, [3, 4, 5, 25, 196, 350, 490]]
[1074, [2, 4, 20, 70, 153, 175, 225, 425]]
[1075, [2, 5, 20, 21, 52, 65, 910]]
[1076, [3, 4, 5, 35, 49, 980]]
[1077, [2, 4, 32, 39, 64, 104, 832]]
[1078, [2, 4, 20, 45, 160, 352, 495]]
[1079, [2, 4, 22, 69, 92, 154, 253, 483]]
[1080, [2, 4, 15, 175, 195, 325, 364]]
[1081, [2, 4, 21, 40, 104, 910]]
[1082, [2, 4, 22, 44, 130, 165, 715]]
[1083, [2, 4, 26, 52, 63, 117, 819]]
[1084, [2, 4, 14, 133, 399, 532]]
[1085, [2, 5, 9, 55, 429, 585]]
[1086, [2, 4, 20, 63, 154, 220, 308, 315]]
[1087, [2, 4, 21, 40, 175, 325, 520]]
[1088, [2, 4, 26, 45, 80, 112, 819]]
[1089, [2, 4, 19, 68, 95, 255, 646]]
[1090, [2, 4, 20, 38, 171, 855]]
[1091, [2, 4, 20, 51, 130, 221, 663]]
[1092, [2, 4, 20, 63, 153, 238, 255, 357]]
[1093, [2, 5, 9, 63, 195, 819]]
[1094, [2, 4, 15, 176, 208, 260, 429]]
[1095, [2, 4, 35, 39, 40, 455, 520]]
[1096, [2, 4, 17, 75, 176, 272, 550]]
[1097, [2, 4, 17, 77, 165, 272, 560]]
[1098, [2, 4, 17, 85, 140, 255, 595]]
[1099, [2, 4, 15, 154, 231, 308, 385]]
[1100, [2, 4, 22, 40, 165, 187, 680]]
[1101, [2, 4, 20, 85, 119, 140, 255, 476]]
[1102, [2, 4, 21, 38, 238, 323, 476]]
[1103, [2, 4, 20, 50, 117, 325, 585]]
[1104, [2, 4, 21, 63, 65, 364, 585]]
[1105, [2, 4, 17, 75, 175, 272, 560]]
[1106, [2, 4, 23, 46, 88, 184, 759]]
[1107, [2, 4, 23, 33, 231, 308, 506]]
[1108, [2, 4, 21, 44, 119, 357, 561]]
[1109, [2, 4, 20, 57, 95, 266, 665]]
[1110, [2, 4, 17, 76, 165, 285, 561]]
[1111, [2, 4, 27, 28, 105, 945]]
[1112, [3, 4, 5, 22, 308, 770]]
[1113, [2, 4, 15, 182, 195, 260, 455]]
[1114, [2, 5, 10, 63, 99, 165, 770]]
[1115, [2, 4, 26, 38, 57, 988]]
[1116, [2, 4, 17, 70, 224, 255, 544]]
[1117, [2, 4, 21, 32, 322, 736]]
[1118, [2, 5, 14, 25, 57, 350, 665]]
[1119, [2, 4, 20, 50, 147, 196, 700]]
[1120, [2, 4, 21, 50, 98, 245, 700]]
[1121, [3, 4, 5, 26, 95, 988]]
[1122, [2, 4, 25, 33, 140, 225, 693]]
[1123, [2, 4, 17, 77, 154, 308, 561]]
[1124, [3, 4, 5, 32, 80, 200, 800]]
[1125, [2, 5, 15, 23, 45, 1035]]
[1126, [2, 4, 21, 49, 70, 980]]
[1127, [2, 4, 16, 100, 165, 400, 440]]
[1128, [2, 4, 16, 112, 147, 308, 539]]
[1129, [2, 5, 14, 21, 119, 220, 748]]
[1130, [2, 4, 19, 95, 100, 250, 285, 375]]
[1131, [2, 4, 16, 100, 176, 308, 525]]
[1132, [2, 5, 10, 44, 170, 340, 561]]
[1133, [2, 4, 16, 112, 154, 273, 572]]
[1134, [2, 4, 15, 136, 280, 340, 357]]
[1135, [2, 4, 20, 80, 100, 184, 345, 400]]
[1136, [2, 4, 15, 140, 250, 350, 375]]
[1137, [2, 4, 20, 70, 140, 170, 255, 476]]
[1138, [2, 4, 15, 140, 255, 323, 399]]
[1139, [3, 4, 5, 23, 184, 920]]
[1140, [2, 4, 25, 44, 75, 165, 825]]
[1141, [2, 4, 20, 44, 170, 340, 561]]
[1142, [2, 5, 11, 35, 154, 165, 770]]
[1143, [2, 4, 22, 45, 220, 225, 250, 375]]
[1144, [2, 4, 15, 135, 273, 351, 364]]
[1145, [2, 5, 16, 22, 55, 165, 880]]
[1146, [2, 4, 28, 34, 98, 147, 833]]
[1147, [2, 5, 20, 21, 49, 70, 980]]
[1148, [2, 4, 22, 50, 105, 140, 825]]
[1149, [2, 5, 9, 55, 385, 693]]
[1150, [2, 7, 8, 27, 56, 105, 945]]
[1151, [3, 4, 5, 35, 80, 128, 896]]
[1152, [2, 5, 9, 119, 154, 170, 693]]
[1153, [2, 4, 21, 55, 170, 187, 238, 476]]
[1154, [3, 4, 5, 28, 100, 364, 650]]
[1155, [2, 4, 15, 165, 184, 345, 440]]
[1156, [2, 4, 21, 38, 224, 323, 544]]
[1157, [2, 7, 9, 17, 51, 1071]]
[1158, [2, 4, 20, 52, 100, 455, 525]]
[1159, [2, 4, 17, 68, 221, 286, 561]]
[1160, [2, 4, 17, 135, 170, 221, 260, 351]]
[1161, [2, 4, 20, 64, 147, 196, 280, 448]]
[1162, [2, 4, 21, 46, 77, 1012]]
[1163, [3, 4, 5, 25, 176, 400, 550]]
[1164, [2, 5, 10, 45, 171, 266, 665]]
[1165, [2, 4, 15, 133, 285, 308, 418]]
[1166, [2, 4, 33, 38, 44, 418, 627]]
[1167, [2, 4, 21, 46, 105, 345, 644]]
[1168, [2, 4, 17, 77, 143, 364, 561]]
[1169, [2, 4, 20, 57, 170, 272, 304, 340]]
[1170, [2, 4, 14, 125, 500, 525]]
[1171, [2, 4, 21, 56, 130, 208, 350, 400]]
[1172, [2, 5, 8, 273, 364, 520]]
[1173, [2, 4, 20, 45, 171, 266, 665]]
[1174, [2, 4, 21, 52, 80, 455, 560]]
[1175, [2, 4, 14, 165, 220, 770]]
[1176, [2, 4, 16, 100, 161, 368, 525]]
[1177, [2, 4, 21, 70, 88, 112, 880]]
[1178, [2, 4, 22, 44, 105, 231, 770]]
[1179, [2, 4, 17, 68, 238, 255, 595]]
[1180, [2, 4, 33, 39, 44, 299, 759]]
[1181, [2, 4, 21, 46, 100, 483, 525]]
[1182, [2, 4, 20, 68, 119, 238, 255, 476]]
[1183, [2, 4, 21, 44, 112, 440, 560]]
[1184, [2, 4, 19, 57, 152, 190, 760]]
[1185, [2, 4, 22, 39, 143, 260, 715]]
[1186, [2, 4, 17, 77, 140, 385, 561]]
[1187, [2, 4, 20, 55, 105, 231, 770]]
[1188, [2, 5, 17, 25, 34, 255, 850]]
[1189, [2, 7, 9, 15, 85, 1071]]
[1190, [3, 4, 5, 28, 100, 350, 700]]
[1191, [2, 5, 14, 20, 125, 500, 525]]
[1192, [2, 4, 21, 56, 80, 245, 784]]
[1193, [2, 4, 17, 65, 272, 273, 560]]
[1194, [2, 4, 15, 140, 221, 357, 455]]
[1195, [2, 4, 17, 65, 260, 286, 561]]
[1196, [2, 4, 15, 140, 230, 322, 483]]
[1197, [2, 4, 21, 45, 117, 280, 728]]
[1198, [2, 4, 16, 112, 133, 399, 532]]
[1199, [3, 4, 7, 11, 91, 247, 836]]
[1200, [2, 5, 9, 88, 165, 315, 616]]
[1201, [2, 4, 15, 154, 209, 285, 532]]
[1202, [2, 4, 15, 140, 231, 315, 495]]
[1203, [2, 4, 22, 63, 77, 280, 315, 440]]
[1204, [2, 4, 23, 44, 75, 506, 550]]
[1205, [3, 4, 5, 26, 143, 320, 704]]
[1206, [2, 4, 17, 64, 255, 320, 544]]
[1207, [2, 4, 23, 28, 345, 805]]
[1208, [2, 4, 16, 130, 165, 176, 715]]
[1209, [2, 4, 17, 136, 153, 225, 272, 400]]
[1210, [2, 4, 21, 44, 110, 490, 539]]
[1211, [2, 4, 20, 65, 77, 273, 770]]
[1212, [2, 4, 26, 39, 91, 140, 910]]
[1213, [2, 5, 9, 57, 285, 855]]
[1214, [2, 5, 10, 40, 273, 364, 520]]
[1215, [2, 4, 20, 80, 100, 176, 308, 525]]
[1216, [2, 4, 17, 112, 184, 272, 280, 345]]
[1217, [3, 4, 5, 25, 200, 280, 700]]
[1218, [2, 4, 19, 100, 112, 152, 304, 525]]
[1219, [2, 4, 21, 56, 112, 128, 896]]
[1220, [3, 4, 5, 32, 56, 1120]]
[1221, [2, 5, 11, 27, 231, 945]]
[1222, [2, 4, 17, 88, 110, 440, 561]]
[1223, [2, 4, 16, 99, 171, 304, 627]]
[1224, [2, 5, 9, 95, 154, 266, 693]]
[1225, [2, 4, 17, 130, 176, 195, 272, 429]]
[1226, [2, 4, 15, 140, 225, 315, 525]]
[1227, [2, 4, 15, 171, 190, 260, 585]]
[1228, [2, 5, 20, 23, 28, 345, 805]]
[1229, [2, 4, 19, 65, 171, 273, 315, 380]]
[1230, [2, 4, 28, 39, 65, 182, 910]]
[1231, [2, 4, 22, 50, 75, 308, 770]]
[1232, [2, 4, 26, 45, 56, 280, 819]]
[1233, [2, 4, 17, 63, 272, 315, 560]]
[1234, [2, 8, 9, 14, 45, 476, 680]]
[1235, [2, 5, 10, 35, 273, 910]]
[1236, [2, 4, 21, 44, 165, 175, 825]]
[1237, [2, 4, 15, 133, 266, 285, 532]]
[1238, [2, 4, 17, 119, 165, 238, 308, 385]]
[1239, [2, 4, 15, 147, 196, 350, 525]]
[1240, [2, 4, 26, 50, 75, 95, 988]]
[1241, [3, 5, 7, 8, 35, 455, 728]]
[1242, [2, 5, 10, 63, 77, 315, 770]]
[1243, [2, 7, 10, 14, 55, 1155]]
[1244, [2, 4, 20, 35, 273, 910]]
[1245, [2, 4, 19, 76, 121, 242, 363, 418]]
[1246, [2, 4, 21, 44, 119, 308, 748]]
[1247, [3, 4, 5, 25, 110, 1100]]
[1248, [2, 4, 27, 34, 76, 459, 646]]
[1249, [2, 5, 14, 28, 44, 561, 595]]
[1250, [2, 4, 26, 28, 225, 315, 650]]
[1251, [2, 4, 20, 63, 77, 315, 770]]
[1252, [2, 4, 15, 160, 224, 231, 616]]
[1253, [2, 5, 15, 21, 55, 1155]]
[1254, [3, 5, 7, 14, 15, 55, 1155]]
[1255, [2, 5, 21, 32, 35, 40, 1120]]
[1256, [2, 4, 20, 55, 165, 275, 350, 385]]
[1257, [2, 4, 15, 165, 170, 340, 561]]
[1258, [2, 4, 16, 105, 195, 208, 728]]
[1259, [2, 4, 16, 80, 273, 364, 520]]
[1260, [2, 4, 20, 44, 187, 255, 748]]
[1261, [2, 4, 20, 45, 170, 255, 765]]
[1262, [3, 4, 5, 25, 175, 350, 700]]
[1263, [2, 4, 20, 56, 170, 255, 280, 476]]
[1264, [2, 4, 15, 160, 190, 285, 608]]
[1265, [2, 5, 10, 38, 165, 1045]]
[1266, [2, 4, 28, 39, 88, 104, 1001]]
[1267, [2, 4, 21, 56, 140, 176, 308, 560]]
[1268, [2, 4, 22, 33, 357, 374, 476]]
[1269, [2, 4, 21, 39, 195, 280, 728]]
[1270, [2, 5, 9, 99, 154, 231, 770]]
[1271, [2, 4, 15, 125, 250, 375, 500]]
[1272, [2, 4, 15, 117, 315, 364, 455]]
[1273, [2, 4, 21, 38, 182, 494, 532]]
[1274, [2, 4, 20, 38, 165, 1045]]
[1275, [2, 4, 22, 39, 130, 308, 770]]
[1276, [2, 5, 9, 70, 315, 350, 525]]
[1277, [2, 5, 9, 85, 105, 1071]]
[1278, [2, 4, 17, 69, 165, 460, 561]]
[1279, [2, 4, 28, 35, 55, 1155]]
[1280, [2, 4, 25, 40, 104, 130, 975]]
[1281, [2, 5, 14, 28, 44, 495, 693]]
[1282, [2, 5, 14, 27, 51, 238, 945]]
[1283, [2, 4, 16, 175, 208, 273, 280, 325]]
[1284, [2, 4, 16, 112, 125, 500, 525]]
[1285, [2, 5, 11, 35, 77, 1155]]
[1286, [2, 5, 9, 80, 176, 429, 585]]
[1287, [2, 8, 10, 15, 27, 280, 945]]
[1288, [2, 4, 15, 140, 231, 280, 616]]
[1289, [2, 4, 16, 112, 165, 220, 770]]
[1290, [2, 5, 8, 255, 340, 680]]
[1291, [2, 4, 21, 40, 200, 224, 800]]
[1292, [2, 4, 25, 26, 260, 975]]
[1293, [2, 4, 17, 68, 182, 357, 663]]
[1294, [2, 5, 14, 19, 190, 399, 665]]
[1295, [2, 4, 20, 57, 140, 304, 320, 448]]
[1296, [2, 5, 15, 21, 70, 273, 910]]
[1297, [2, 4, 22, 44, 70, 1155]]
[1298, [3, 4, 5, 28, 133, 175, 950]]
[1299, [2, 4, 15, 95, 195, 988]]
[1300, [2, 4, 17, 68, 184, 345, 680]]
[1301, [2, 4, 19, 77, 160, 165, 266, 608]]
[1302, [2, 4, 17, 76, 153, 285, 765]]
[1303, [3, 4, 5, 33, 68, 255, 935]]
[1304, [2, 4, 16, 57, 560, 665]]
[1305, [2, 4, 20, 76, 85, 285, 357, 476]]
[1306, [2, 4, 20, 55, 70, 1155]]
[1307, [3, 5, 7, 11, 16, 385, 880]]
[1308, [2, 4, 27, 44, 55, 231, 945]]
[1309, [2, 4, 21, 56, 70, 476, 680]]
[1310, [2, 4, 21, 51, 147, 238, 308, 539]]
[1311, [2, 4, 20, 39, 286, 440, 520]]
[1312, [2, 4, 22, 38, 171, 220, 855]]
[1313, [2, 4, 20, 44, 165, 308, 770]]
[1314, [2, 4, 15, 136, 195, 442, 520]]
[1315, [2, 4, 16, 161, 208, 280, 299, 345]]
[1316, [2, 4, 20, 51, 238, 245, 315, 441]]
[1317, [2, 4, 16, 98, 147, 490, 560]]
[1318, [2, 4, 15, 115, 285, 437, 460]]
[1319, [2, 5, 15, 32, 40, 105, 1120]]
[1320, [2, 4, 20, 39, 280, 455, 520]]
[1321, [2, 4, 15, 75, 525, 700]]
[1322, [2, 4, 15, 140, 189, 405, 567]]
[1323, [2, 4, 16, 104, 152, 304, 741]]
[1324, [2, 4, 17, 100, 184, 272, 345, 400]]
[1325, [2, 5, 16, 20, 57, 560, 665]]
[1326, [2, 4, 20, 70, 100, 220, 385, 525]]
[1327, [2, 5, 14, 40, 55, 56, 1155]]
[1328, [2, 4, 15, 110, 352, 416, 429]]
[1329, [2, 4, 15, 119, 272, 357, 560]]
[1330, [2, 4, 17, 75, 160, 272, 800]]
[1331, [2, 4, 19, 80, 105, 285, 304, 532]]
[1332, [2, 4, 21, 44, 105, 561, 595]]
[1333, [2, 4, 16, 76, 304, 399, 532]]
[1334, [2, 4, 25, 40, 80, 208, 975]]
[1335, [2, 4, 17, 98, 238, 245, 255, 476]]
[1336, [2, 4, 21, 44, 110, 385, 770]]
[1337, [2, 4, 16, 175, 200, 225, 315, 400]]
[1338, [2, 4, 15, 110, 357, 374, 476]]
[1339, [2, 4, 17, 75, 136, 425, 680]]
[1340, [2, 4, 22, 63, 99, 125, 500, 525]]
[1341, [2, 5, 9, 75, 125, 1125]]
[1342, [2, 4, 21, 35, 160, 1120]]
[1343, [2, 4, 14, 140, 273, 910]]
[1344, [2, 4, 16, 170, 200, 255, 272, 425]]
[1345, [2, 4, 21, 49, 119, 170, 980]]
[1346, [2, 4, 21, 45, 140, 189, 945]]
[1347, [2, 4, 16, 100, 140, 525, 560]]
[1348, [2, 4, 17, 88, 104, 561, 572]]
[1349, [2, 4, 25, 35, 100, 273, 910]]
[1350, [2, 4, 21, 35, 345, 460, 483]]
[1351, [2, 4, 16, 176, 187, 230, 345, 391]]
[1352, [2, 4, 28, 38, 70, 165, 1045]]
[1353, [2, 5, 8, 255, 323, 760]]
[1354, [2, 4, 15, 140, 225, 275, 693]]
[1355, [2, 4, 15, 92, 207, 1035]]
[1356, [2, 4, 15, 140, 195, 350, 650]]
[1357, [2, 5, 10, 44, 140, 561, 595]]
[1358, [2, 4, 20, 51, 221, 231, 374, 455]]
[1359, [2, 4, 21, 45, 117, 260, 910]]
[1360, [2, 4, 15, 117, 273, 364, 585]]
[1361, [2, 4, 16, 140, 154, 165, 880]]
[1362, [2, 5, 11, 49, 70, 147, 1078]]
[1363, [2, 4, 21, 40, 140, 476, 680]]
[1364, [2, 4, 21, 44, 105, 495, 693]]
[1365, [2, 5, 10, 39, 280, 392, 637]]
[1366, [2, 4, 20, 44, 140, 561, 595]]
[1367, [2, 4, 20, 57, 140, 280, 304, 560]]
[1368, [2, 5, 14, 33, 38, 231, 1045]]
[1369, [2, 5, 14, 17, 561, 770]]
[1370, [3, 4, 5, 38, 55, 220, 1045]]
[1371, [2, 4, 19, 57, 220, 285, 385, 399]]
[1372, [2, 4, 19, 44, 247, 429, 627]]
[1373, [2, 4, 16, 165, 176, 275, 350, 385]]
[1374, [2, 4, 20, 39, 280, 392, 637]]
[1375, [2, 4, 15, 130, 221, 340, 663]]
[1376, [2, 4, 15, 165, 187, 255, 748]]
[1377, [2, 4, 16, 80, 255, 340, 680]]
[1378, [2, 4, 21, 49, 140, 280, 392, 490]]
[1379, [2, 4, 25, 38, 100, 165, 1045]]
[1380, [2, 7, 14, 15, 22, 165, 1155]]
[1381, [2, 4, 21, 52, 77, 455, 770]]
[1382, [2, 5, 10, 50, 105, 385, 825]]
[1383, [2, 4, 15, 143, 195, 320, 704]]
[1384, [2, 4, 32, 33, 88, 105, 1120]]
[1385, [2, 5, 10, 45, 140, 364, 819]]
[1386, [2, 4, 21, 63, 85, 140, 1071]]
[1387, [2, 4, 16, 152, 184, 304, 345, 380]]
[1388, [2, 4, 20, 57, 80, 560, 665]]
[1389, [2, 4, 16, 128, 147, 196, 896]]
[1390, [2, 4, 21, 35, 320, 448, 560]]
[1391, [2, 4, 20, 50, 105, 385, 825]]
[1392, [2, 4, 14, 147, 245, 980]]
[1393, [2, 4, 23, 40, 136, 153, 1035]]
[1394, [2, 4, 15, 140, 175, 483, 575]]
[1395, [2, 4, 22, 34, 255, 308, 770]]
[1396, [2, 4, 15, 154, 220, 231, 770]]
[1397, [2, 4, 16, 110, 165, 220, 880]]
[1398, [2, 4, 20, 44, 140, 495, 693]]
[1399, [2, 4, 21, 35, 308, 490, 539]]
[1400, [2, 4, 17, 100, 165, 272, 400, 440]]
[1401, [2, 4, 20, 50, 100, 525, 700]]
[1402, [2, 4, 21, 55, 70, 550, 700]]
[1403, [2, 4, 26, 45, 52, 455, 819]]
[1404, [2, 4, 15, 130, 195, 460, 598]]
[1405, [2, 4, 15, 130, 231, 308, 715]]
[1406, [2, 4, 15, 105, 160, 1120]]
[1407, [2, 4, 23, 28, 315, 1035]]
[1408, [2, 4, 15, 152, 190, 285, 760]]
[1409, [3, 4, 5, 22, 275, 1100]]
[1410, [2, 4, 25, 39, 110, 130, 1100]]
[1411, [2, 4, 14, 266, 308, 399, 418]]
[1412, [3, 5, 8, 10, 14, 392, 980]]
[1413, [2, 5, 14, 17, 525, 850]]
[1414, [2, 4, 15, 105, 345, 460, 483]]
[1415, [3, 4, 7, 10, 308, 418, 665]]
[1416, [2, 5, 10, 39, 255, 442, 663]]
[1417, [2, 4, 21, 38, 196, 323, 833]]
[1418, [2, 4, 15, 110, 286, 429, 572]]
[1419, [2, 5, 9, 92, 184, 207, 920]]
[1420, [2, 7, 8, 17, 385, 440, 561]]
[1421, [2, 4, 16, 88, 184, 368, 759]]
[1422, [2, 4, 23, 34, 184, 255, 920]]
[1423, [2, 4, 16, 70, 176, 1155]]
[1424, [2, 4, 25, 40, 88, 165, 1100]]
[1425, [2, 5, 10, 33, 550, 825]]
[1426, [2, 4, 21, 35, 308, 440, 616]]
[1427, [2, 5, 15, 20, 105, 160, 1120]]
[1428, [2, 5, 10, 39, 245, 490, 637]]
[1429, [2, 4, 33, 44, 51, 170, 275, 850]]
[1430, [2, 5, 9, 75, 224, 315, 800]]
[1431, [2, 4, 25, 28, 147, 1225]]
[1432, [2, 4, 22, 50, 69, 460, 825]]
[1433, [2, 4, 25, 50, 52, 325, 975]]
[1434, [2, 4, 20, 33, 550, 825]]
[1435, [2, 4, 21, 33, 220, 1155]]
[1436, [2, 4, 15, 105, 350, 400, 560]]
[1437, [2, 4, 15, 143, 195, 308, 770]]
[1438, [2, 4, 17, 75, 140, 350, 850]]
[1439, [2, 4, 19, 57, 224, 266, 323, 544]]
[1440, [2, 5, 8, 200, 525, 700]]
[1441, [2, 4, 19, 63, 136, 153, 1064]]
[1442, [2, 4, 16, 100, 165, 275, 880]]
[1443, [2, 4, 16, 98, 147, 392, 784]]
[1444, [2, 4, 13, 399, 494, 532]]
[1445, [2, 5, 9, 80, 190, 304, 855]]
[1446, [2, 4, 23, 33, 165, 460, 759]]
[1447, [2, 4, 16, 95, 171, 304, 855]]
[1448, [2, 4, 14, 231, 352, 416, 429]]
[1449, [2, 4, 15, 153, 170, 340, 765]]
[1450, [2, 4, 15, 140, 231, 253, 805]]
[1451, [2, 4, 16, 88, 165, 560, 616]]
[1452, [2, 5, 20, 25, 28, 147, 1225]]
[1453, [2, 4, 20, 52, 75, 1300]]
[1454, [2, 4, 15, 105, 320, 448, 560]]
[1455, [2, 4, 19, 63, 140, 315, 380, 532]]
[1456, [2, 4, 14, 238, 323, 399, 476]]
[1457, [2, 4, 14, 273, 280, 364, 520]]
[1458, [2, 4, 14, 231, 357, 374, 476]]
[1459, [2, 4, 21, 32, 280, 1120]]
[1460, [2, 5, 10, 46, 165, 220, 1012]]
[1461, [2, 4, 15, 117, 280, 315, 728]]
[1462, [2, 4, 14, 230, 345, 391, 476]]
[1463, [2, 4, 15, 105, 308, 490, 539]]
[1464, [2, 4, 21, 51, 77, 561, 748]]
[1465, [2, 4, 17, 56, 385, 440, 561]]
[1466, [2, 4, 22, 35, 220, 273, 910]]
[1467, [2, 4, 21, 63, 68, 238, 1071]]
[1468, [2, 5, 14, 22, 75, 525, 825]]
[1469, [2, 4, 20, 46, 165, 220, 1012]]
[1470, [2, 4, 17, 69, 153, 460, 765]]
[1471, [2, 4, 15, 110, 260, 495, 585]]
[1472, [2, 4, 16, 165, 182, 208, 440, 455]]
[1473, [2, 4, 14, 238, 340, 350, 525]]
[1474, [2, 4, 16, 75, 272, 425, 680]]
[1475, [2, 4, 20, 45, 130, 455, 819]]
[1476, [2, 4, 20, 51, 189, 238, 405, 567]]
[1477, [2, 4, 16, 75, 280, 400, 700]]
[1478, [2, 5, 8, 273, 280, 910]]
[1479, [2, 4, 20, 76, 104, 152, 380, 741]]
[1480, [2, 4, 28, 35, 80, 176, 1155]]
[1481, [2, 4, 28, 38, 57, 364, 988]]
[1482, [2, 4, 15, 140, 165, 561, 595]]
[1483, [2, 4, 15, 154, 175, 308, 825]]
[1484, [2, 8, 9, 11, 429, 440, 585]]
[1485, [2, 4, 20, 50, 176, 308, 400, 525]]
[1486, [2, 5, 10, 50, 99, 495, 825]]
[1487, [3, 4, 5, 25, 200, 250, 1000]]
[1488, [2, 4, 19, 56, 147, 196, 1064]]
[1489, [2, 4, 21, 35, 272, 560, 595]]
[1490, [2, 4, 14, 273, 275, 350, 572]]
[1491, [2, 4, 15, 125, 195, 500, 650]]
[1492, [2, 4, 21, 40, 133, 532, 760]]
[1493, [2, 4, 15, 115, 230, 483, 644]]
[1494, [2, 4, 17, 100, 170, 221, 455, 525]]
[1495, [2, 4, 20, 50, 99, 495, 825]]
[1496, [2, 4, 22, 38, 165, 220, 1045]]
[1497, [2, 5, 10, 35, 255, 1190]]
[1498, [2, 4, 21, 35, 280, 476, 680]]
[1499, [2, 4, 16, 165, 176, 224, 352, 560]]
[1500, [2, 4, 14, 220, 350, 385, 525]]
