[1, [1]]
[2, 0]
[3, 0]
[4, 0]
[5, 0]
[6, 0]
[7, 0]
[8, 0]
[9, 0]
[10, 0]
[11, [2, 3, 6]]
[12, 0]
[13, 0]
[14, 0]
[15, 0]
[16, 0]
[17, 0]
[18, 0]
[19, 0]
[20, 0]
[21, 0]
[22, 0]
[23, 0]
[24, [2, 4, 6, 12]]
[25, 0]
[26, 0]
[27, 0]
[28, 0]
[29, 0]
[30, 0]
[31, 0]
[32, [2, 3, 9, 18]]
[33, 0]
[34, 0]
[35, 0]
[36, 0]
[37, [2, 3, 8, 24]]
[38, 0]
[39, 0]
[40, 0]
[41, 0]
[42, 0]
[43, 0]
[44, 0]
[45, [2, 4, 9, 12, 18]]
[46, 0]
[47, 0]
[48, 0]
[49, 0]
[50, [2, 4, 8, 12, 24]]
[51, 0]
[52, [3, 4, 6, 9, 12, 18]]
[53, 0]
[54, 0]
[55, 0]
[56, 0]
[57, [3, 4, 6, 8, 12, 24]]
[58, 0]
[59, 0]
[60, 0]
[61, 0]
[62, 0]
[63, 0]
[64, 0]
[65, 0]
[66, [2, 4, 6, 18, 36]]
[67, [2, 6, 8, 9, 18, 24]]
[68, 0]
[69, 0]
[70, 0]
[71, [2, 3, 12, 18, 36]]
[72, 0]
[73, 0]
[74, 0]
[75, 0]
[76, [2, 4, 6, 16, 48]]
[77, 0]
[78, [3, 4, 8, 9, 12, 18, 24]]
[79, 0]
[80, 0]
[81, [2, 3, 12, 16, 48]]
[82, 0]
[83, 0]
[84, 0]
[85, 0]
[86, 0]
[87, 0]
[88, 0]
[89, 0]
[90, 0]
[91, 0]
[92, [2, 4, 8, 18, 24, 36]]
[93, 0]
[94, 0]
[95, [2, 3, 9, 27, 54]]
[96, 0]
[97, [2, 4, 9, 16, 18, 48]]
[98, 0]
[99, [3, 4, 6, 8, 18, 24, 36]]
[100, 0]
[101, 0]
[102, [2, 4, 8, 16, 24, 48]]
[103, 0]
[104, [3, 4, 6, 9, 16, 18, 48]]
[105, 0]
[106, [2, 6, 8, 12, 18, 24, 36]]
[107, 0]
[108, [2, 4, 9, 12, 27, 54]]
[109, [3, 4, 6, 8, 16, 24, 48]]
[110, [2, 3, 9, 24, 72]]
[111, [2, 6, 9, 12, 16, 18, 48]]
[112, 0]
[113, 0]
[114, 0]
[115, [3, 4, 6, 9, 12, 27, 54]]
[116, [2, 6, 8, 12, 16, 24, 48]]
[117, 0]
[118, 0]
[119, 0]
[120, 0]
[121, [2, 3, 8, 36, 72]]
[122, 0]
[123, [2, 3, 16, 18, 36, 48]]
[124, 0]
[125, 0]
[126, 0]
[127, 0]
[128, 0]
[129, [2, 4, 6, 27, 36, 54]]
[130, [3, 4, 8, 9, 16, 18, 24, 48]]
[131, 0]
[132, 0]
[133, 0]
[134, [2, 3, 12, 27, 36, 54]]
[135, 0]
[136, [2, 4, 12, 16, 18, 36, 48]]
[137, [2, 8, 9, 12, 16, 18, 24, 48]]
[138, 0]
[139, 0]
[140, 0]
[141, [3, 4, 8, 9, 12, 24, 27, 54]]
[142, 0]
[143, [3, 4, 6, 12, 16, 18, 36, 48]]
[144, [3, 6, 8, 9, 12, 16, 18, 24, 48]]
[145, 0]
[146, 0]
[147, 0]
[148, 0]
[149, [2, 3, 12, 24, 36, 72]]
[150, [2, 4, 9, 18, 27, 36, 54]]
[151, [2, 6, 8, 9, 18, 36, 72]]
[152, 0]
[153, 0]
[154, [2, 4, 8, 12, 32, 96]]
[155, [2, 4, 8, 24, 27, 36, 54]]
[156, 0]
[157, [3, 4, 6, 9, 18, 27, 36, 54]]
[158, [2, 6, 8, 16, 18, 24, 36, 48]]
[159, 0]
[160, [2, 4, 9, 16, 27, 48, 54]]
[161, [2, 6, 8, 9, 16, 48, 72]]
[162, [3, 4, 6, 8, 24, 27, 36, 54]]
[163, 0]
[164, [2, 6, 9, 12, 18, 27, 36, 54]]
[165, [2, 4, 9, 18, 24, 36, 72]]
[166, 0]
[167, [3, 4, 6, 9, 16, 27, 48, 54]]
[168, 0]
[169, [3, 4, 8, 12, 16, 18, 24, 36, 48]]
[170, 0]
[171, [2, 6, 8, 9, 18, 32, 96]]
[172, [3, 4, 6, 9, 18, 24, 36, 72]]
[173, 0]
[174, [2, 6, 9, 12, 16, 27, 48, 54]]
[175, [2, 4, 9, 16, 24, 48, 72]]
[176, 0]
[177, 0]
[178, 0]
[179, [2, 6, 9, 12, 18, 24, 36, 72]]
[180, 0]
[181, 0]
[182, [3, 4, 6, 9, 16, 24, 48, 72]]
[183, [3, 4, 8, 9, 18, 24, 27, 36, 54]]
[184, 0]
[185, [2, 4, 8, 18, 27, 54, 72]]
[186, [2, 3, 16, 27, 36, 48, 54]]
[187, 0]
[188, 0]
[189, [2, 6, 9, 12, 16, 24, 48, 72]]
[190, [2, 8, 9, 12, 18, 24, 27, 36, 54]]
[191, 0]
[192, [3, 4, 6, 8, 18, 27, 54, 72]]
[193, [3, 4, 8, 9, 16, 24, 27, 48, 54]]
[194, 0]
[195, 0]
[196, [2, 4, 8, 18, 32, 36, 96]]
[197, [3, 6, 8, 9, 12, 18, 24, 27, 36, 54]]
[198, 0]
[199, [2, 4, 12, 16, 27, 36, 48, 54]]
[200, [2, 8, 9, 12, 16, 24, 27, 48, 54]]
[201, [2, 3, 16, 24, 36, 48, 72]]
[202, 0]
[203, [3, 4, 6, 8, 18, 32, 36, 96]]
[204, 0]
[205, 0]
[206, [3, 4, 6, 12, 16, 27, 36, 48, 54]]
[207, [3, 6, 8, 9, 12, 16, 24, 27, 48, 54]]
[208, 0]
[209, 0]
[210, [2, 6, 8, 12, 18, 32, 36, 96]]
[211, [2, 3, 18, 24, 32, 36, 96]]
[212, [2, 3, 9, 36, 54, 108]]
[213, [2, 4, 12, 18, 24, 27, 54, 72]]
[214, [3, 4, 8, 9, 16, 18, 36, 48, 72]]
[215, 0]
[216, [2, 6, 9, 16, 18, 27, 36, 48, 54]]
[217, 0]
[218, [2, 4, 8, 18, 24, 54, 108]]
[219, 0]
[220, [3, 4, 6, 12, 18, 24, 27, 54, 72]]
[221, [2, 6, 8, 16, 24, 27, 36, 48, 54]]
[222, [2, 4, 6, 18, 48, 144]]
[223, 0]
[224, [2, 4, 12, 18, 24, 32, 36, 96]]
[225, [3, 4, 8, 9, 12, 27, 36, 54, 72]]
[226, 0]
[227, [3, 4, 9, 12, 16, 18, 27, 36, 48, 54]]
[228, [3, 6, 8, 9, 12, 16, 18, 36, 48, 72]]
[229, 0]
[230, 0]
[231, [2, 6, 9, 16, 18, 24, 36, 48, 72]]
[232, [3, 4, 8, 12, 16, 24, 27, 36, 48, 54]]
[233, 0]
[234, [3, 4, 8, 9, 16, 18, 32, 48, 96]]
[235, [3, 4, 6, 9, 24, 27, 36, 54, 72]]
[236, 0]
[237, 0]
[238, 0]
[239, 0]
[240, 0]
[241, [2, 8, 9, 12, 16, 18, 32, 48, 96]]
[242, [2, 8, 9, 16, 18, 24, 27, 36, 48, 54]]
[243, 0]
[244, [2, 4, 6, 16, 72, 144]]
[245, [3, 4, 8, 9, 12, 27, 32, 54, 96]]
[246, 0]
[247, [2, 6, 8, 9, 24, 36, 54, 108]]
[248, [3, 6, 8, 9, 12, 16, 18, 32, 48, 96]]
[249, [3, 6, 8, 9, 16, 18, 24, 27, 36, 48, 54]]
[250, 0]
[251, [2, 6, 8, 16, 18, 27, 48, 54, 72]]
[252, 0]
[253, [2, 3, 12, 32, 36, 72, 96]]
[254, 0]
[255, [3, 4, 6, 9, 24, 27, 32, 54, 96]]
[256, [2, 3, 8, 27, 216]]
[257, 0]
[258, [3, 4, 8, 9, 12, 24, 36, 54, 108]]
[259, [2, 4, 8, 27, 32, 36, 54, 96]]
[260, [3, 4, 8, 9, 12, 24, 32, 72, 96]]
[261, 0]
[262, [4, 6, 8, 9, 12, 16, 18, 24, 27, 36, 48, 54]]
[263, 0]
[264, 0]
[265, [2, 4, 16, 18, 24, 27, 48, 54, 72]]
[266, [3, 4, 6, 8, 27, 32, 36, 54, 96]]
[267, [3, 4, 6, 8, 12, 54, 72, 108]]
[268, 0]
[269, [2, 4, 9, 18, 32, 36, 72, 96]]
[270, [2, 4, 6, 24, 54, 72, 108]]
[271, 0]
[272, [3, 4, 6, 16, 18, 24, 27, 48, 54, 72]]
[273, [3, 4, 8, 12, 16, 18, 32, 36, 48, 96]]
[274, [2, 3, 24, 27, 32, 36, 54, 96]]
[275, [2, 3, 12, 24, 54, 72, 108]]
[276, [2, 4, 16, 18, 24, 32, 36, 48, 96]]
[277, [3, 4, 8, 9, 16, 27, 36, 48, 54, 72]]
[278, 0]
[279, [2, 6, 12, 16, 18, 24, 27, 48, 54, 72]]
[280, 0]
[281, [3, 4, 6, 8, 24, 32, 36, 72, 96]]
[282, 0]
[283, [3, 4, 6, 16, 18, 24, 32, 36, 48, 96]]
[284, [2, 8, 9, 12, 16, 27, 36, 48, 54, 72]]
[285, [2, 4, 6, 27, 48, 54, 144]]
[286, [3, 4, 6, 9, 16, 32, 48, 72, 96]]
[287, [3, 4, 8, 9, 18, 27, 32, 36, 54, 96]]
[288, [2, 6, 8, 12, 24, 32, 36, 72, 96]]
[289, [2, 3, 12, 16, 64, 192]]
[290, [2, 6, 12, 16, 18, 24, 32, 36, 48, 96]]
[291, [3, 6, 8, 9, 12, 16, 27, 36, 48, 54, 72]]
[292, 0]
[293, [2, 6, 9, 12, 16, 32, 48, 72, 96]]
[294, [2, 6, 9, 16, 24, 27, 36, 48, 54, 72]]
[295, [3, 4, 8, 12, 16, 18, 24, 48, 54, 108]]
[296, 0]
[297, [3, 4, 8, 9, 16, 27, 32, 48, 54, 96]]
[298, [3, 4, 6, 9, 18, 24, 54, 72, 108]]
[299, 0]
[300, [2, 6, 9, 16, 18, 24, 27, 54, 144]]
[301, [3, 6, 8, 9, 12, 18, 27, 32, 36, 54, 96]]
[302, [3, 4, 8, 9, 18, 24, 32, 36, 72, 96]]
[303, 0]
[304, [2, 6, 9, 18, 24, 27, 32, 36, 54, 96]]
[305, [3, 4, 9, 12, 16, 24, 27, 36, 48, 54, 72]]
[306, [2, 4, 9, 18, 27, 48, 54, 144]]
[307, [2, 6, 8, 9, 18, 48, 72, 144]]
[308, 0]
[309, [2, 8, 9, 12, 18, 24, 32, 36, 72, 96]]
[310, [3, 4, 8, 9, 16, 24, 36, 48, 54, 108]]
[311, [3, 6, 8, 9, 12, 16, 27, 32, 48, 54, 96]]
[312, [3, 4, 8, 9, 16, 24, 32, 48, 72, 96]]
[313, [3, 4, 6, 9, 18, 27, 48, 54, 144]]
[314, [2, 6, 9, 16, 24, 27, 32, 48, 54, 96]]
[315, [3, 4, 9, 12, 18, 24, 27, 32, 36, 54, 96]]
[316, [3, 6, 8, 9, 12, 18, 24, 32, 36, 72, 96]]
[317, [2, 4, 12, 18, 27, 32, 54, 72, 96]]
[318, [2, 4, 12, 16, 32, 36, 48, 72, 96]]
[319, [2, 8, 9, 12, 16, 24, 32, 48, 72, 96]]
[320, [2, 6, 9, 12, 18, 27, 48, 54, 144]]
[321, [2, 4, 9, 18, 24, 48, 72, 144]]
[322, [2, 4, 8, 18, 32, 54, 96, 108]]
[323, [2, 3, 12, 27, 36, 81, 162]]
[324, [3, 4, 6, 12, 18, 27, 32, 54, 72, 96]]
[325, [3, 4, 9, 12, 16, 24, 27, 32, 48, 54, 96]]
[326, [3, 6, 8, 9, 12, 16, 24, 32, 48, 72, 96]]
[327, [2, 3, 16, 24, 48, 54, 72, 108]]
[328, [3, 4, 6, 9, 18, 24, 48, 72, 144]]
[329, [3, 4, 6, 8, 18, 32, 54, 96, 108]]
[330, [2, 4, 12, 18, 24, 36, 54, 72, 108]]
[331, [3, 4, 6, 12, 16, 18, 32, 96, 144]]
[332, [2, 4, 9, 27, 32, 36, 54, 72, 96]]
[333, 0]
[334, 0]
[335, [2, 6, 9, 16, 18, 32, 36, 48, 72, 96]]
[336, [3, 4, 8, 12, 16, 27, 32, 36, 48, 54, 96]]
[337, [3, 4, 6, 12, 18, 24, 36, 54, 72, 108]]
[338, [3, 4, 8, 9, 16, 18, 24, 64, 192]]
[339, [2, 4, 16, 24, 27, 32, 36, 48, 54, 96]]
[340, [2, 6, 8, 16, 24, 32, 36, 48, 72, 96]]
[341, 0]
[342, [2, 6, 9, 12, 16, 27, 54, 72, 144]]
[343, 0]
[344, [2, 4, 8, 24, 27, 36, 81, 162]]
[345, [2, 4, 12, 18, 27, 36, 48, 54, 144]]
[346, [2, 8, 9, 16, 18, 27, 32, 36, 48, 54, 96]]
[347, [2, 8, 9, 12, 16, 18, 48, 54, 72, 108]]
[348, 0]
[349, [2, 4, 9, 16, 27, 48, 81, 162]]
[350, [3, 4, 8, 12, 18, 24, 27, 32, 54, 72, 96]]
[351, [3, 4, 8, 12, 16, 24, 32, 36, 48, 72, 96]]
[352, [3, 4, 6, 12, 18, 27, 36, 48, 54, 144]]
[353, [3, 6, 8, 9, 16, 18, 27, 32, 36, 48, 54, 96]]
[354, [3, 6, 8, 9, 12, 16, 18, 48, 54, 72, 108]]
[355, 0]
[356, [3, 4, 6, 9, 16, 27, 48, 81, 162]]
[357, [2, 6, 9, 16, 18, 24, 48, 54, 72, 108]]
[358, [3, 4, 8, 9, 12, 16, 54, 108, 144]]
[359, [3, 4, 6, 8, 18, 32, 48, 96, 144]]
[360, [2, 4, 12, 18, 24, 36, 48, 72, 144]]
[361, [2, 8, 9, 16, 18, 24, 32, 36, 48, 72, 96]]
[362, [3, 4, 8, 9, 12, 32, 36, 54, 96, 108]]
[363, [2, 6, 9, 12, 16, 27, 48, 81, 162]]
[364, [2, 6, 8, 9, 24, 27, 72, 216]]
[365, [3, 4, 8, 9, 24, 27, 32, 36, 54, 72, 96]]
[366, [4, 6, 8, 9, 12, 16, 18, 27, 32, 36, 48, 54, 96]]
[367, [3, 4, 9, 16, 18, 24, 27, 32, 36, 48, 54, 96]]
[368, [3, 6, 8, 9, 16, 18, 24, 32, 36, 48, 72, 96]]
[369, [2, 4, 16, 18, 27, 32, 48, 54, 72, 96]]
[370, [2, 6, 8, 9, 27, 48, 54, 72, 144]]
[371, 0]
[372, [2, 8, 9, 12, 24, 27, 32, 36, 54, 72, 96]]
[373, [2, 3, 8, 36, 108, 216]]
[374, [2, 9, 12, 16, 18, 24, 27, 32, 36, 48, 54, 96]]
[375, [3, 6, 8, 9, 12, 16, 24, 27, 54, 72, 144]]
[376, [3, 4, 6, 16, 18, 27, 32, 48, 54, 72, 96]]
[377, [3, 4, 8, 12, 16, 18, 24, 36, 64, 192]]
[378, [3, 4, 8, 12, 18, 24, 27, 36, 48, 54, 144]]
[379, [3, 6, 8, 9, 12, 24, 27, 32, 36, 54, 72, 96]]
[380, [2, 4, 12, 18, 24, 32, 48, 96, 144]]
[381, [3, 6, 9, 12, 16, 18, 24, 27, 32, 36, 48, 54, 96]]
[382, [2, 4, 16, 18, 24, 36, 48, 54, 72, 108]]
[383, [2, 6, 12, 16, 18, 27, 32, 48, 54, 72, 96]]
[384, [2, 6, 9, 16, 18, 27, 36, 54, 72, 144]]
[385, 0]
[386, [3, 6, 8, 9, 12, 16, 24, 32, 36, 96, 144]]
[387, [3, 4, 6, 12, 18, 24, 32, 48, 96, 144]]
[388, [2, 6, 8, 16, 18, 32, 48, 54, 96, 108]]
[389, [3, 4, 6, 16, 18, 24, 36, 48, 54, 72, 108]]
[390, [3, 4, 6, 9, 16, 24, 64, 72, 192]]
[391, [3, 4, 6, 9, 24, 27, 48, 54, 72, 144]]
[392, [3, 4, 8, 9, 12, 32, 36, 48, 96, 144]]
[393, [3, 4, 6, 8, 12, 36, 108, 216]]
[394, [3, 4, 6, 12, 16, 27, 32, 54, 96, 144]]
[395, [2, 4, 9, 18, 32, 54, 72, 96, 108]]
[396, [2, 6, 12, 16, 18, 24, 36, 48, 54, 72, 108]]
[397, [2, 6, 9, 12, 16, 24, 64, 72, 192]]
[398, [2, 6, 9, 16, 27, 32, 36, 48, 54, 72, 96]]
[399, [3, 4, 8, 12, 16, 18, 32, 48, 54, 96, 108]]
[400, [2, 4, 8, 24, 32, 54, 72, 96, 108]]
[401, [2, 3, 9, 36, 81, 108, 162]]
[402, [3, 4, 8, 16, 18, 24, 27, 32, 48, 54, 72, 96]]
[403, [2, 6, 8, 9, 24, 48, 54, 108, 144]]
[404, [2, 6, 9, 16, 18, 27, 32, 54, 96, 144]]
[405, [2, 6, 9, 16, 18, 27, 36, 48, 81, 162]]
[406, 0]
[407, [3, 4, 6, 8, 24, 32, 54, 72, 96, 108]]
[408, [2, 8, 9, 12, 16, 24, 27, 54, 64, 192]]
[409, [2, 8, 12, 16, 18, 24, 27, 32, 48, 54, 72, 96]]
[410, [2, 8, 9, 16, 18, 24, 27, 36, 54, 72, 144]]
[411, [3, 4, 6, 9, 18, 27, 32, 96, 216]]
[412, 0]
[413, [2, 6, 8, 9, 16, 48, 108, 216]]
[414, [3, 4, 8, 9, 16, 32, 36, 48, 54, 96, 108]]
[415, [3, 4, 9, 12, 16, 18, 27, 32, 54, 96, 144]]
[416, [3, 6, 8, 12, 16, 18, 24, 27, 32, 48, 54, 72, 96]]
[417, [3, 6, 8, 9, 16, 18, 24, 27, 36, 54, 72, 144]]
[418, [2, 6, 9, 12, 18, 27, 32, 96, 216]]
[419, [2, 6, 9, 16, 18, 24, 32, 72, 96, 144]]
[420, [3, 4, 8, 12, 16, 24, 27, 32, 54, 96, 144]]
[421, [2, 8, 9, 12, 16, 32, 36, 48, 54, 96, 108]]
[422, [3, 4, 6, 8, 27, 32, 48, 54, 96, 144]]
[423, [3, 4, 8, 9, 18, 27, 36, 48, 54, 72, 144]]
[424, [2, 8, 9, 16, 24, 27, 32, 36, 48, 54, 72, 96]]
[425, [2, 4, 9, 18, 32, 48, 72, 96, 144]]
[426, [2, 4, 6, 18, 72, 108, 216]]
[427, [3, 4, 8, 9, 16, 24, 27, 48, 72, 216]]
[428, [3, 6, 8, 9, 12, 16, 32, 36, 48, 54, 96, 108]]
[429, [2, 4, 16, 18, 27, 32, 36, 54, 96, 144]]
[430, [4, 6, 8, 9, 12, 16, 18, 24, 27, 36, 54, 72, 144]]
[431, [3, 6, 8, 9, 16, 24, 27, 32, 36, 48, 54, 72, 96]]
[432, [3, 4, 6, 9, 18, 32, 48, 72, 96, 144]]
[433, [2, 4, 12, 16, 27, 36, 48, 72, 216]]
[434, [2, 4, 12, 18, 32, 36, 54, 72, 96, 108]]
[435, [2, 8, 9, 12, 18, 24, 32, 54, 72, 96, 108]]
[436, [3, 4, 6, 16, 18, 27, 32, 36, 54, 96, 144]]
[437, [3, 6, 8, 9, 12, 18, 27, 36, 48, 54, 72, 144]]
[438, [3, 6, 8, 9, 16, 18, 24, 27, 36, 48, 81, 162]]
[439, [2, 6, 9, 12, 18, 32, 48, 72, 96, 144]]
[440, [2, 6, 9, 18, 24, 27, 36, 48, 54, 72, 144]]
[441, [3, 4, 6, 12, 18, 32, 36, 54, 72, 96, 108]]
[442, [3, 4, 9, 12, 16, 24, 32, 36, 48, 54, 96, 108]]
[443, [2, 6, 12, 16, 18, 27, 32, 36, 54, 96, 144]]
[444, [4, 6, 8, 9, 12, 16, 24, 27, 32, 36, 48, 54, 72, 96]]
[445, [2, 4, 9, 16, 36, 54, 72, 108, 144]]
[446, [2, 3, 9, 36, 72, 108, 216]]
[447, [3, 4, 8, 9, 12, 24, 36, 81, 108, 162]]
[448, [2, 4, 8, 27, 32, 36, 81, 96, 162]]
[449, [2, 3, 12, 27, 54, 81, 108, 162]]
[450, [4, 6, 8, 9, 12, 16, 18, 24, 27, 32, 54, 96, 144]]
[451, [3, 4, 6, 12, 16, 32, 48, 54, 72, 96, 108]]
[452, [2, 6, 8, 16, 18, 24, 54, 72, 108, 144]]
[453, [2, 4, 12, 16, 27, 32, 48, 96, 216]]
[454, [2, 4, 16, 18, 24, 27, 48, 72, 81, 162]]
[455, [3, 4, 6, 8, 27, 32, 36, 81, 96, 162]]
[456, [2, 6, 8, 18, 24, 32, 36, 54, 72, 96, 108]]
[457, [3, 6, 8, 9, 12, 18, 27, 32, 48, 54, 96, 144]]
[458, [2, 6, 12, 16, 18, 24, 32, 36, 72, 96, 144]]
[459, [2, 6, 9, 12, 16, 36, 54, 72, 108, 144]]
[460, [2, 6, 9, 18, 24, 27, 32, 48, 54, 96, 144]]
[461, [2, 6, 9, 16, 18, 32, 48, 54, 72, 96, 108]]
[462, [3, 4, 8, 16, 18, 24, 27, 32, 36, 54, 96, 144]]
[463, [2, 8, 9, 12, 18, 24, 36, 48, 54, 108, 144]]
[464, [2, 4, 12, 18, 32, 36, 48, 72, 96, 144]]
[465, [2, 8, 9, 12, 18, 24, 32, 48, 72, 96, 144]]
[466, [2, 6, 8, 16, 24, 32, 48, 54, 72, 96, 108]]
[467, [3, 4, 8, 12, 18, 24, 32, 36, 54, 72, 96, 108]]
[468, [2, 6, 12, 16, 18, 24, 27, 48, 72, 81, 162]]
[469, [2, 8, 12, 16, 18, 24, 27, 32, 36, 54, 96, 144]]
[470, [3, 6, 8, 9, 12, 18, 24, 36, 48, 54, 108, 144]]
[471, [3, 4, 9, 12, 18, 24, 27, 32, 48, 54, 96, 144]]
[472, [3, 4, 9, 12, 16, 18, 32, 48, 54, 72, 96, 108]]
[473, [2, 3, 18, 24, 48, 54, 72, 108, 144]]
[474, [2, 4, 6, 27, 48, 81, 144, 162]]
[475, [2, 6, 8, 16, 24, 27, 32, 48, 96, 216]]
[476, [3, 6, 8, 12, 16, 18, 24, 27, 32, 36, 54, 96, 144]]
[477, [3, 4, 8, 12, 16, 24, 32, 48, 54, 72, 96, 108]]
[478, [3, 4, 8, 9, 16, 24, 36, 54, 72, 108, 144]]
[479, [3, 6, 8, 9, 12, 16, 27, 32, 54, 72, 96, 144]]
[480, [3, 6, 8, 9, 12, 16, 27, 36, 48, 72, 81, 162]]
[481, [3, 4, 8, 12, 16, 18, 32, 36, 64, 96, 192]]
[482, [3, 4, 8, 12, 18, 27, 32, 36, 48, 54, 96, 144]]
[483, [2, 6, 9, 16, 24, 27, 36, 48, 72, 81, 162]]
[484, [3, 4, 8, 12, 16, 18, 24, 48, 81, 108, 162]]
[485, [2, 4, 18, 24, 27, 32, 36, 48, 54, 96, 144]]
[486, [2, 4, 16, 18, 32, 36, 48, 54, 72, 96, 108]]
[487, [2, 8, 9, 16, 18, 24, 32, 48, 54, 72, 96, 108]]
[488, [2, 4, 9, 27, 32, 48, 54, 72, 96, 144]]
[489, [2, 6, 9, 16, 18, 24, 27, 81, 144, 162]]
[490, [3, 6, 8, 9, 12, 18, 27, 32, 36, 81, 96, 162]]
[491, [2, 3, 16, 32, 36, 54, 96, 108, 144]]
[492, [3, 4, 6, 18, 24, 27, 32, 36, 48, 54, 96, 144]]
[493, [3, 4, 6, 16, 18, 32, 36, 48, 54, 72, 96, 108]]
[494, [3, 6, 8, 9, 16, 18, 24, 32, 48, 54, 72, 96, 108]]
[495, [3, 4, 6, 9, 27, 32, 48, 54, 72, 96, 144]]
[496, [3, 4, 8, 9, 12, 24, 36, 64, 144, 192]]
[497, [3, 4, 8, 12, 18, 24, 32, 36, 48, 72, 96, 144]]
[498, [3, 4, 8, 9, 12, 36, 48, 54, 72, 108, 144]]
[499, [2, 6, 12, 18, 24, 27, 32, 36, 48, 54, 96, 144]]
[500, [2, 6, 12, 16, 18, 32, 36, 48, 54, 72, 96, 108]]
[501, [2, 4, 9, 24, 36, 48, 54, 72, 108, 144]]
[502, [2, 6, 9, 12, 27, 32, 48, 54, 72, 96, 144]]
[503, [2, 6, 9, 16, 24, 27, 32, 48, 81, 96, 162]]
[504, [3, 4, 8, 12, 16, 27, 32, 36, 54, 72, 96, 144]]
[505, [2, 8, 9, 12, 16, 24, 32, 54, 96, 108, 144]]
[506, [2, 4, 12, 18, 27, 32, 72, 81, 96, 162]]
[507, [4, 6, 8, 9, 12, 16, 18, 24, 32, 48, 54, 72, 96, 108]]
[508, [3, 4, 6, 9, 24, 36, 48, 54, 72, 108, 144]]
[509, [2, 6, 9, 12, 18, 27, 48, 81, 144, 162]]
[510, [2, 4, 9, 18, 27, 54, 72, 108, 216]]
[511, [3, 4, 6, 12, 16, 32, 36, 54, 96, 108, 144]]
[512, [3, 6, 8, 9, 12, 16, 24, 32, 54, 96, 108, 144]]
[513, [3, 4, 6, 12, 18, 27, 32, 72, 81, 96, 162]]
[514, [2, 8, 9, 16, 18, 27, 32, 36, 54, 72, 96, 144]]
[515, [2, 6, 9, 12, 24, 36, 48, 54, 72, 108, 144]]
[516, [2, 3, 16, 24, 48, 72, 81, 108, 162]]
[517, [2, 4, 9, 16, 27, 72, 81, 144, 162]]
[518, [3, 4, 8, 9, 12, 32, 48, 54, 96, 108, 144]]
[519, [3, 4, 8, 16, 18, 24, 32, 36, 48, 54, 72, 96, 108]]
[520, [3, 4, 8, 9, 16, 24, 32, 64, 72, 96, 192]]
[521, [3, 6, 8, 9, 16, 18, 27, 32, 36, 54, 72, 96, 144]]
[522, [2, 6, 9, 12, 27, 36, 48, 54, 64, 72, 192]]
[523, 0]
[524, [3, 4, 6, 9, 16, 27, 72, 81, 144, 162]]
[525, [3, 4, 8, 12, 16, 27, 32, 36, 48, 81, 96, 162]]
[526, [2, 8, 12, 16, 18, 24, 32, 36, 48, 54, 72, 96, 108]]
[527, [2, 4, 12, 27, 32, 36, 48, 54, 72, 96, 144]]
[528, [2, 8, 9, 12, 24, 27, 32, 48, 54, 72, 96, 144]]
[529, [3, 4, 8, 9, 16, 18, 48, 72, 81, 108, 162]]
[530, 0]
[531, [2, 6, 9, 16, 18, 27, 48, 54, 81, 108, 162]]
[532, [3, 4, 9, 12, 16, 18, 32, 36, 54, 96, 108, 144]]
[533, [3, 6, 8, 12, 16, 18, 24, 32, 36, 48, 54, 72, 96, 108]]
[534, [4, 6, 8, 9, 12, 16, 18, 27, 32, 36, 54, 72, 96, 144]]
[535, [3, 4, 9, 16, 18, 24, 27, 32, 36, 54, 72, 96, 144]]
[536, [2, 6, 8, 16, 24, 27, 48, 54, 81, 108, 162]]
[537, [3, 4, 8, 12, 16, 24, 32, 36, 54, 96, 108, 144]]
[538, [3, 4, 8, 9, 12, 36, 48, 54, 64, 108, 192]]
[539, [3, 4, 6, 8, 32, 36, 48, 54, 96, 108, 144]]
[540, [3, 4, 8, 9, 12, 27, 54, 72, 81, 108, 162]]
[541, [3, 4, 6, 12, 18, 27, 36, 48, 81, 144, 162]]
[542, [2, 9, 12, 16, 18, 24, 27, 32, 36, 54, 72, 96, 144]]
[543, [3, 6, 8, 9, 12, 16, 18, 48, 72, 81, 108, 162]]
[544, [2, 6, 9, 18, 27, 32, 36, 48, 54, 72, 96, 144]]
[545, [3, 6, 8, 9, 12, 16, 27, 32, 48, 72, 96, 216]]
[546, [2, 6, 8, 12, 32, 36, 48, 54, 96, 108, 144]]
[547, [2, 8, 9, 16, 18, 24, 32, 36, 54, 96, 108, 144]]
[548, [2, 8, 9, 12, 24, 27, 36, 48, 54, 64, 72, 192]]
[549, [3, 6, 9, 12, 16, 18, 24, 27, 32, 36, 54, 72, 96, 144]]
[550, [3, 4, 6, 9, 24, 27, 54, 72, 81, 108, 162]]
[551, [3, 4, 8, 9, 12, 32, 36, 81, 96, 108, 162]]
[552, [3, 4, 6, 8, 24, 27, 48, 72, 144, 216]]
[553, [2, 4, 12, 18, 27, 36, 54, 64, 144, 192]]
[554, [3, 6, 8, 9, 16, 18, 24, 32, 36, 54, 96, 108, 144]]
[555, [3, 4, 9, 12, 18, 27, 32, 36, 48, 54, 72, 96, 144]]
[556, [2, 6, 8, 16, 18, 32, 54, 72, 96, 108, 144]]
[557, [2, 8, 9, 16, 18, 24, 27, 48, 54, 81, 108, 162]]
[558, [2, 4, 16, 18, 27, 32, 48, 72, 81, 96, 162]]
[559, [2, 6, 8, 9, 27, 48, 72, 81, 144, 162]]
[560, [3, 4, 8, 12, 24, 27, 32, 36, 48, 54, 72, 96, 144]]
[561, [2, 8, 9, 12, 24, 27, 32, 36, 72, 81, 96, 162]]
[562, [3, 6, 8, 9, 12, 16, 18, 54, 64, 72, 108, 192]]
[563, [2, 9, 12, 16, 18, 24, 27, 32, 36, 48, 81, 96, 162]]
[564, [3, 6, 8, 9, 16, 18, 24, 27, 48, 54, 81, 108, 162]]
[565, [3, 4, 6, 16, 18, 27, 32, 48, 72, 81, 96, 162]]
[566, [3, 4, 6, 12, 16, 27, 48, 54, 72, 108, 216]]
[567, [4, 6, 8, 9, 12, 16, 18, 24, 32, 36, 54, 96, 108, 144]]
[568, [3, 6, 8, 9, 12, 24, 27, 32, 36, 72, 81, 96, 162]]
[569, [2, 3, 24, 27, 36, 54, 72, 81, 108, 162]]
[570, [2, 8, 9, 18, 24, 27, 32, 36, 48, 54, 72, 96, 144]]
[571, [2, 4, 16, 18, 24, 36, 48, 72, 81, 108, 162]]
[572, [2, 6, 12, 16, 18, 27, 32, 48, 72, 81, 96, 162]]
[573, [2, 6, 9, 16, 18, 27, 36, 72, 81, 144, 162]]
[574, [3, 6, 8, 9, 12, 18, 32, 36, 48, 54, 96, 108, 144]]
[575, [2, 6, 8, 12, 16, 36, 81, 108, 144, 162]]
[576, [2, 4, 12, 16, 27, 32, 81, 96, 144, 162]]
[577, [3, 6, 8, 9, 18, 24, 27, 32, 36, 48, 54, 72, 96, 144]]
[578, [3, 4, 6, 16, 18, 24, 36, 48, 72, 81, 108, 162]]
[579, [2, 4, 12, 18, 27, 36, 48, 72, 144, 216]]
[580, [3, 4, 6, 9, 24, 27, 48, 72, 81, 144, 162]]
[581, [3, 4, 6, 8, 27, 32, 54, 81, 96, 108, 162]]
[582, [3, 4, 8, 9, 16, 32, 36, 54, 72, 96, 108, 144]]
[583, [3, 4, 6, 12, 16, 27, 32, 81, 96, 144, 162]]
[584, [2, 6, 12, 16, 18, 24, 32, 54, 72, 96, 108, 144]]
[585, [2, 6, 12, 16, 18, 24, 36, 48, 72, 81, 108, 162]]
[586, [3, 4, 8, 12, 18, 24, 27, 36, 54, 64, 144, 192]]
[587, [2, 6, 9, 16, 27, 32, 36, 48, 72, 81, 96, 162]]
[588, [3, 4, 9, 12, 18, 24, 32, 36, 48, 54, 96, 108, 144]]
[589, [2, 8, 9, 12, 16, 32, 36, 54, 72, 96, 108, 144]]
[590, [4, 6, 8, 9, 12, 18, 24, 27, 32, 36, 48, 54, 72, 96, 144]]
[591, [3, 4, 8, 16, 18, 24, 27, 32, 48, 72, 81, 96, 162]]
[592, [3, 4, 8, 9, 16, 27, 48, 54, 72, 81, 108, 162]]
[593, [2, 6, 9, 16, 18, 27, 32, 81, 96, 144, 162]]
[594, [2, 6, 9, 12, 16, 27, 54, 108, 144, 216]]
[595, [3, 4, 9, 12, 18, 27, 32, 36, 48, 54, 64, 96, 192]]
[596, [3, 6, 8, 9, 12, 16, 32, 36, 54, 72, 96, 108, 144]]
[597, [3, 4, 6, 12, 18, 32, 48, 54, 72, 96, 108, 144]]
[598, [2, 8, 12, 16, 18, 24, 27, 32, 48, 72, 81, 96, 162]]
[599, [2, 6, 9, 16, 24, 32, 36, 54, 72, 96, 108, 144]]
[600, [3, 4, 8, 12, 24, 27, 32, 36, 48, 54, 64, 96, 192]]
[601, [3, 4, 9, 16, 18, 24, 27, 32, 36, 48, 72, 96, 216]]
[602, [3, 4, 8, 9, 18, 27, 32, 54, 81, 96, 108, 162]]
[603, [3, 6, 8, 12, 16, 18, 24, 27, 36, 48, 54, 81, 108, 162]]
[604, [3, 4, 9, 12, 16, 18, 27, 32, 81, 96, 144, 162]]
[605, [2, 4, 9, 32, 36, 48, 54, 72, 96, 108, 144]]
[606, [3, 6, 8, 9, 12, 16, 27, 48, 54, 72, 81, 108, 162]]
[607, [3, 4, 8, 12, 16, 18, 32, 54, 64, 96, 108, 192]]
[608, [2, 9, 12, 16, 18, 24, 27, 32, 36, 48, 72, 96, 216]]
[609, [2, 6, 9, 16, 24, 27, 48, 54, 72, 81, 108, 162]]
[610, [3, 4, 9, 12, 16, 24, 32, 36, 54, 72, 96, 108, 144]]
[611, [3, 4, 6, 8, 27, 32, 48, 81, 96, 144, 162]]
[612, [2, 6, 8, 18, 24, 32, 48, 54, 72, 96, 108, 144]]
[613, [2, 8, 9, 16, 24, 27, 32, 36, 48, 72, 81, 96, 162]]
[614, [2, 4, 9, 27, 32, 36, 48, 96, 144, 216]]
[615, [2, 3, 12, 36, 54, 64, 108, 144, 192]]
[616, [3, 6, 8, 9, 12, 18, 27, 32, 54, 81, 96, 108, 162]]
[617, [3, 6, 8, 9, 12, 16, 32, 36, 48, 81, 96, 108, 162]]
[618, [2, 4, 16, 18, 27, 32, 36, 81, 96, 144, 162]]
[619, [2, 6, 9, 12, 32, 36, 48, 54, 72, 96, 108, 144]]
[620, [3, 6, 8, 9, 16, 24, 27, 32, 36, 48, 72, 81, 96, 162]]
[621, [2, 4, 16, 18, 27, 32, 48, 54, 96, 108, 216]]
[622, [3, 4, 8, 9, 16, 32, 36, 54, 64, 96, 108, 192]]
[623, [3, 4, 8, 12, 18, 24, 32, 48, 54, 72, 96, 108, 144]]
[624, [2, 8, 9, 12, 18, 24, 32, 72, 81, 96, 108, 162]]
[625, [3, 4, 6, 16, 18, 27, 32, 36, 81, 96, 144, 162]]
[626, [3, 6, 8, 9, 12, 18, 27, 36, 48, 72, 81, 144, 162]]
[627, [3, 4, 6, 16, 18, 24, 36, 48, 64, 72, 144, 192]]
[628, [3, 4, 6, 16, 18, 27, 32, 48, 54, 96, 108, 216]]
[629, [2, 6, 9, 18, 24, 27, 36, 48, 72, 81, 144, 162]]
[630, [3, 4, 9, 12, 18, 24, 27, 32, 54, 81, 96, 108, 162]]
[631, [3, 4, 8, 12, 16, 27, 36, 48, 54, 72, 81, 108, 162]]
[632, [2, 6, 12, 16, 18, 27, 32, 36, 81, 96, 144, 162]]
[633, [4, 6, 8, 9, 12, 16, 24, 27, 32, 36, 48, 72, 81, 96, 162]]
[634, [2, 4, 16, 24, 27, 36, 48, 54, 72, 81, 108, 162]]
[635, [2, 6, 12, 16, 18, 27, 32, 48, 54, 96, 108, 216]]
[636, [3, 6, 8, 9, 12, 16, 32, 36, 54, 64, 96, 108, 192]]
[637, [3, 4, 8, 12, 16, 18, 27, 54, 81, 108, 144, 162]]
[638, [3, 4, 8, 9, 24, 32, 36, 48, 54, 72, 96, 108, 144]]
[639, [4, 6, 8, 9, 12, 16, 18, 24, 27, 32, 81, 96, 144, 162]]
[640, [2, 6, 8, 16, 27, 32, 48, 54, 81, 96, 108, 162]]
[641, [2, 8, 9, 16, 18, 27, 36, 48, 54, 72, 81, 108, 162]]
[642, [2, 8, 9, 12, 16, 24, 27, 64, 72, 192, 216]]
[643, [3, 4, 8, 12, 18, 24, 36, 48, 54, 64, 72, 108, 192]]
[644, [2, 4, 18, 24, 27, 32, 36, 54, 81, 96, 108, 162]]
[645, [2, 8, 9, 12, 24, 32, 36, 48, 54, 72, 96, 108, 144]]
[646, [3, 6, 8, 9, 12, 18, 27, 32, 48, 81, 96, 144, 162]]
[647, [2, 4, 9, 27, 32, 54, 72, 81, 96, 108, 162]]
[648, [3, 6, 8, 9, 16, 18, 27, 36, 48, 54, 72, 81, 108, 162]]
[649, [2, 6, 9, 18, 24, 27, 32, 48, 81, 96, 144, 162]]
[650, [2, 6, 9, 16, 18, 32, 48, 72, 81, 96, 108, 162]]
[651, [3, 4, 6, 18, 24, 27, 32, 36, 54, 81, 96, 108, 162]]
[652, [3, 6, 8, 9, 12, 24, 32, 36, 48, 54, 72, 96, 108, 144]]
[653, [2, 4, 6, 32, 54, 81, 96, 162, 216]]
[654, [2, 4, 16, 24, 27, 32, 48, 54, 81, 96, 108, 162]]
[655, [2, 6, 8, 16, 24, 32, 48, 72, 81, 96, 108, 162]]
[656, [3, 4, 8, 12, 18, 24, 32, 36, 72, 81, 96, 108, 162]]
[657, [2, 4, 9, 18, 36, 48, 72, 108, 144, 216]]
[658, [2, 6, 12, 18, 24, 27, 32, 36, 54, 81, 96, 108, 162]]
[659, [3, 6, 8, 9, 12, 18, 24, 36, 48, 81, 108, 144, 162]]
[660, [3, 4, 9, 12, 18, 24, 27, 32, 48, 81, 96, 144, 162]]
[661, [4, 6, 8, 9, 12, 16, 18, 27, 36, 48, 54, 72, 81, 108, 162]]
[662, [3, 4, 9, 16, 18, 24, 27, 36, 48, 54, 72, 81, 108, 162]]
[663, [3, 4, 8, 12, 18, 24, 32, 48, 54, 64, 96, 108, 192]]
[664, [3, 4, 8, 9, 18, 24, 36, 54, 64, 108, 144, 192]]
[665, [3, 6, 8, 12, 16, 18, 24, 27, 32, 36, 81, 96, 144, 162]]
[666, [3, 4, 8, 12, 16, 24, 32, 48, 72, 81, 96, 108, 162]]
[667, [3, 4, 6, 12, 18, 27, 48, 54, 81, 108, 144, 162]]
[668, [3, 6, 8, 9, 16, 18, 27, 32, 48, 54, 81, 96, 108, 162]]
[669, [2, 9, 12, 16, 18, 24, 27, 36, 48, 54, 72, 81, 108, 162]]
[670, [3, 4, 6, 16, 18, 27, 32, 36, 72, 96, 144, 216]]
[671, [3, 4, 8, 12, 18, 27, 32, 36, 48, 81, 96, 144, 162]]
[672, [2, 4, 12, 18, 32, 36, 64, 72, 96, 144, 192]]
[673, [2, 3, 27, 32, 36, 54, 72, 81, 96, 108, 162]]
[674, [2, 4, 18, 24, 27, 32, 36, 48, 81, 96, 144, 162]]
[675, [2, 4, 16, 18, 32, 36, 48, 72, 81, 96, 108, 162]]
[676, [3, 6, 9, 12, 16, 18, 24, 27, 36, 48, 54, 72, 81, 108, 162]]
[677, [2, 4, 9, 27, 32, 48, 72, 81, 96, 144, 162]]
[678, [3, 4, 8, 9, 24, 32, 36, 48, 54, 64, 96, 108, 192]]
[679, [3, 4, 9, 12, 18, 24, 27, 32, 54, 64, 96, 144, 192]]
[680, [3, 4, 8, 9, 24, 27, 32, 54, 72, 81, 96, 108, 162]]
[681, [4, 6, 8, 9, 12, 16, 18, 27, 32, 48, 54, 81, 96, 108, 162]]
[682, [3, 4, 9, 16, 18, 24, 27, 32, 48, 54, 81, 96, 108, 162]]
[683, [3, 6, 8, 9, 16, 18, 24, 32, 48, 72, 81, 96, 108, 162]]
[684, [3, 4, 6, 9, 27, 32, 48, 72, 81, 96, 144, 162]]
[685, [2, 8, 9, 12, 24, 32, 36, 48, 54, 64, 96, 108, 192]]
[686, [2, 4, 12, 27, 32, 36, 54, 72, 81, 96, 108, 162]]
[687, [2, 8, 9, 12, 24, 27, 32, 54, 72, 81, 96, 108, 162]]
[688, [2, 6, 12, 18, 24, 27, 32, 36, 48, 81, 96, 144, 162]]
[689, [2, 9, 12, 16, 18, 24, 27, 32, 48, 54, 81, 96, 108, 162]]
[690, [2, 4, 9, 24, 36, 48, 72, 81, 108, 144, 162]]
[691, [2, 6, 9, 12, 27, 32, 48, 72, 81, 96, 144, 162]]
[692, [3, 6, 8, 9, 12, 24, 32, 36, 48, 54, 64, 96, 108, 192]]
[693, [3, 4, 8, 16, 18, 27, 32, 36, 48, 54, 81, 96, 108, 162]]
[694, [3, 6, 8, 9, 12, 24, 27, 32, 54, 72, 81, 96, 108, 162]]
[695, [2, 8, 9, 16, 18, 24, 32, 54, 64, 72, 96, 108, 192]]
[696, [3, 6, 9, 12, 16, 18, 24, 27, 32, 48, 54, 81, 96, 108, 162]]
[697, [3, 4, 6, 9, 24, 36, 48, 72, 81, 108, 144, 162]]
[698, [3, 4, 8, 9, 12, 32, 36, 54, 108, 144, 288]]
[699, [2, 6, 9, 16, 18, 27, 54, 72, 81, 108, 144, 162]]
[700, [2, 8, 12, 16, 18, 27, 32, 36, 48, 54, 81, 96, 108, 162]]
[701, [3, 6, 8, 9, 12, 16, 24, 32, 81, 96, 108, 144, 162]]
[702, [3, 6, 8, 9, 16, 18, 24, 32, 54, 64, 72, 96, 108, 192]]
[703, [2, 6, 9, 18, 27, 32, 36, 54, 72, 81, 96, 108, 162]]
[704, [2, 6, 9, 12, 24, 36, 48, 72, 81, 108, 144, 162]]
[705, [3, 4, 8, 12, 18, 24, 32, 36, 64, 72, 96, 144, 192]]
[706, [3, 4, 8, 9, 12, 36, 54, 64, 72, 108, 144, 192]]
[707, [3, 6, 8, 12, 16, 18, 27, 32, 36, 48, 54, 81, 96, 108, 162]]
[708, [3, 4, 8, 16, 18, 24, 32, 36, 48, 72, 81, 96, 108, 162]]
[709, [2, 4, 9, 24, 36, 54, 64, 72, 108, 144, 192]]
[710, [2, 6, 16, 18, 24, 27, 32, 36, 48, 54, 81, 96, 108, 162]]
[711, [3, 4, 9, 16, 18, 24, 27, 36, 48, 54, 64, 72, 144, 192]]
[712, [3, 4, 6, 12, 18, 27, 48, 54, 72, 108, 144, 216]]
[713, [2, 6, 9, 16, 27, 32, 48, 54, 72, 81, 96, 108, 162]]
[714, [3, 4, 9, 12, 18, 27, 32, 36, 54, 72, 81, 96, 108, 162]]
[715, [2, 8, 12, 16, 18, 24, 32, 36, 48, 72, 81, 96, 108, 162]]
[716, [2, 4, 12, 27, 32, 36, 48, 72, 81, 96, 144, 162]]
[717, [2, 8, 9, 12, 24, 27, 32, 48, 72, 81, 96, 144, 162]]
[718, [2, 9, 12, 16, 18, 24, 27, 36, 48, 54, 64, 72, 144, 192]]
[719, [3, 4, 8, 12, 24, 27, 32, 36, 54, 72, 81, 96, 108, 162]]
[720, [2, 4, 9, 27, 36, 48, 54, 72, 108, 144, 216]]
[721, [3, 4, 12, 16, 18, 24, 27, 32, 36, 48, 54, 81, 96, 108, 162]]
[722, [3, 6, 8, 12, 16, 18, 24, 32, 36, 48, 72, 81, 96, 108, 162]]
[723, [4, 6, 8, 9, 12, 16, 18, 27, 32, 36, 72, 81, 96, 144, 162]]
[724, [3, 4, 9, 12, 16, 27, 32, 48, 54, 72, 81, 96, 108, 162]]
[725, [2, 8, 9, 16, 18, 24, 27, 54, 72, 81, 108, 144, 162]]
[726, [3, 4, 8, 12, 16, 24, 32, 36, 81, 96, 108, 144, 162]]
[727, [3, 4, 8, 16, 18, 24, 32, 36, 54, 64, 72, 96, 108, 192]]
[728, [3, 4, 6, 8, 32, 36, 48, 81, 96, 108, 144, 162]]
[729, [2, 8, 9, 18, 24, 27, 32, 36, 54, 72, 81, 96, 108, 162]]
[730, [4, 6, 8, 9, 12, 16, 18, 27, 32, 48, 54, 64, 96, 144, 192]]
[731, [2, 9, 12, 16, 18, 24, 27, 32, 36, 72, 81, 96, 144, 162]]
[732, [3, 6, 8, 9, 16, 18, 24, 27, 54, 72, 81, 108, 144, 162]]
[733, [2, 6, 9, 18, 27, 32, 36, 48, 72, 81, 96, 144, 162]]
[734, [2, 8, 12, 16, 18, 24, 32, 36, 54, 64, 72, 96, 108, 192]]
[735, [2, 6, 8, 12, 32, 36, 48, 81, 96, 108, 144, 162]]
[736, [3, 6, 8, 9, 18, 24, 27, 32, 36, 54, 72, 81, 96, 108, 162]]
[737, [2, 8, 9, 12, 24, 27, 36, 48, 64, 72, 81, 162, 192]]
[738, [2, 4, 16, 27, 32, 36, 48, 54, 72, 81, 96, 108, 162]]
[739, [2, 8, 9, 16, 24, 27, 32, 48, 54, 72, 81, 96, 108, 162]]
[740, [2, 4, 8, 32, 36, 54, 64, 96, 108, 144, 192]]
[741, [3, 6, 8, 12, 16, 18, 24, 32, 36, 54, 64, 72, 96, 108, 192]]
[742, [3, 4, 8, 16, 18, 27, 32, 36, 48, 54, 64, 96, 144, 192]]
[743, [3, 6, 8, 9, 16, 18, 24, 32, 36, 81, 96, 108, 144, 162]]
[744, [3, 4, 9, 12, 18, 27, 32, 36, 48, 72, 81, 96, 144, 162]]
[745, [3, 4, 6, 16, 27, 32, 36, 48, 54, 72, 81, 96, 108, 162]]
[746, [3, 6, 8, 9, 16, 24, 27, 32, 48, 54, 72, 81, 96, 108, 162]]
[747, [3, 4, 8, 12, 18, 32, 36, 48, 54, 64, 72, 96, 108, 192]]
[748, [2, 4, 12, 16, 27, 48, 72, 81, 108, 162, 216]]
[749, [4, 6, 8, 9, 12, 18, 24, 27, 32, 36, 54, 72, 81, 96, 108, 162]]
[750, [2, 4, 18, 24, 32, 36, 48, 54, 64, 72, 96, 108, 192]]
[751, [3, 4, 6, 16, 18, 27, 32, 54, 81, 96, 108, 144, 162]]
[752, [2, 6, 12, 16, 27, 32, 36, 48, 54, 72, 81, 96, 108, 162]]
[753, [3, 4, 6, 16, 18, 24, 48, 54, 64, 72, 108, 144, 192]]
[754, [2, 6, 8, 12, 32, 36, 54, 64, 96, 108, 144, 192]]
[755, [2, 6, 9, 18, 24, 27, 48, 54, 72, 81, 108, 144, 162]]
[756, [4, 6, 8, 9, 12, 16, 18, 24, 32, 36, 81, 96, 108, 144, 162]]
[757, [3, 4, 8, 16, 18, 24, 27, 36, 54, 72, 81, 108, 144, 162]]
[758, [2, 6, 12, 16, 18, 27, 32, 54, 81, 96, 108, 144, 162]]
[759, [4, 6, 8, 9, 12, 16, 24, 27, 32, 48, 54, 72, 81, 96, 108, 162]]
[760, [2, 6, 12, 16, 18, 24, 48, 54, 64, 72, 108, 144, 192]]
[761, [2, 6, 8, 9, 36, 48, 64, 72, 108, 192, 216]]
[762, [2, 6, 9, 16, 27, 32, 48, 54, 64, 72, 96, 144, 192]]
[763, [3, 6, 8, 9, 12, 18, 32, 36, 48, 81, 96, 108, 144, 162]]
[764, [2, 8, 12, 16, 18, 24, 27, 36, 54, 72, 81, 108, 144, 162]]
[765, [2, 8, 9, 12, 16, 36, 48, 54, 64, 72, 108, 144, 192]]
[766, [3, 4, 9, 16, 18, 27, 32, 36, 48, 54, 72, 81, 96, 108, 162]]
[767, [3, 4, 6, 9, 18, 48, 64, 72, 81, 108, 162, 192]]
[768, [3, 4, 8, 12, 24, 27, 32, 36, 54, 64, 72, 96, 144, 192]]
[769, [2, 6, 9, 16, 18, 27, 48, 64, 81, 144, 162, 192]]
[770, [3, 4, 12, 16, 18, 24, 27, 32, 36, 48, 54, 64, 96, 144, 192]]
[771, [3, 4, 8, 16, 24, 27, 32, 36, 48, 54, 72, 81, 96, 108, 162]]
[772, [3, 6, 8, 9, 12, 16, 36, 48, 54, 64, 72, 108, 144, 192]]
[773, [2, 9, 12, 16, 18, 27, 32, 36, 48, 54, 72, 81, 96, 108, 162]]
[774, [2, 6, 9, 12, 18, 48, 64, 72, 81, 108, 162, 192]]
[775, [2, 6, 9, 16, 24, 36, 48, 54, 64, 72, 108, 144, 192]]
[776, [3, 4, 8, 12, 16, 18, 36, 64, 72, 81, 108, 162, 192]]
[777, [3, 4, 8, 12, 18, 27, 36, 48, 54, 72, 81, 108, 144, 162]]
[778, [2, 8, 12, 16, 24, 27, 32, 36, 48, 54, 72, 81, 96, 108, 162]]
[779, [4, 6, 8, 9, 12, 18, 24, 27, 32, 36, 48, 72, 81, 96, 144, 162]]
[780, [3, 6, 9, 12, 16, 18, 27, 32, 36, 48, 54, 72, 81, 96, 108, 162]]
[781, [2, 4, 9, 24, 27, 64, 72, 81, 144, 162, 192]]
[782, [3, 6, 8, 9, 12, 18, 32, 36, 54, 64, 96, 108, 144, 192]]
[783, [2, 6, 9, 12, 16, 27, 81, 108, 144, 162, 216]]
[784, [2, 8, 12, 16, 18, 24, 27, 32, 54, 81, 96, 108, 144, 162]]
[785, [3, 6, 8, 12, 16, 24, 27, 32, 36, 48, 54, 72, 81, 96, 108, 162]]
[786, [2, 6, 8, 18, 27, 32, 48, 54, 81, 96, 108, 144, 162]]
[787, [3, 4, 6, 18, 24, 27, 36, 48, 54, 72, 81, 108, 144, 162]]
[788, [2, 6, 9, 16, 24, 32, 36, 72, 81, 96, 108, 144, 162]]
[789, [3, 4, 8, 12, 24, 27, 32, 36, 48, 64, 81, 96, 162, 192]]
[790, [2, 4, 16, 18, 27, 36, 48, 72, 81, 108, 162, 216]]
[791, [3, 6, 8, 12, 16, 18, 24, 27, 32, 54, 81, 96, 108, 144, 162]]
[792, [3, 6, 8, 9, 12, 16, 32, 48, 54, 64, 96, 108, 144, 192]]
[793, [2, 6, 12, 16, 18, 24, 36, 64, 72, 81, 108, 162, 192]]
[794, [2, 6, 12, 18, 24, 27, 36, 48, 54, 72, 81, 108, 144, 162]]
[795, [3, 6, 8, 9, 16, 24, 27, 32, 48, 54, 64, 72, 96, 144, 192]]
[796, [3, 4, 9, 12, 18, 24, 32, 36, 54, 64, 96, 108, 144, 192]]
[797, [3, 4, 8, 12, 18, 27, 32, 48, 54, 81, 96, 108, 144, 162]]
[798, [4, 6, 8, 9, 12, 18, 24, 27, 32, 36, 54, 64, 72, 96, 144, 192]]
[799, [2, 8, 9, 16, 24, 27, 32, 36, 54, 81, 96, 108, 144, 162]]
[800, [2, 4, 18, 24, 27, 32, 48, 54, 81, 96, 108, 144, 162]]
[801, [4, 6, 8, 9, 16, 18, 24, 27, 32, 36, 48, 54, 72, 81, 96, 108, 162]]
[802, [3, 6, 8, 9, 16, 18, 24, 27, 48, 64, 81, 144, 162, 192]]
[803, [2, 6, 12, 16, 18, 27, 32, 54, 72, 96, 108, 144, 216]]
[804, [2, 8, 12, 16, 18, 24, 27, 36, 54, 64, 81, 108, 162, 192]]
[805, [3, 4, 6, 12, 18, 32, 54, 64, 72, 96, 108, 144, 192]]
[806, [3, 8, 9, 12, 16, 18, 24, 27, 32, 36, 48, 54, 72, 81, 96, 108, 162]]
[807, [3, 4, 6, 18, 24, 27, 32, 48, 54, 81, 96, 108, 144, 162]]
[808, [2, 6, 9, 12, 32, 36, 48, 72, 81, 96, 108, 144, 162]]
[809, [2, 8, 9, 12, 16, 24, 27, 81, 108, 144, 162, 216]]
[810, [2, 4, 16, 18, 27, 32, 48, 81, 96, 108, 162, 216]]
[811, [3, 6, 8, 12, 16, 18, 24, 27, 36, 54, 64, 81, 108, 162, 192]]
[812, [3, 4, 8, 9, 27, 32, 36, 48, 54, 81, 96, 108, 144, 162]]
[813, [2, 4, 9, 32, 36, 54, 64, 72, 96, 108, 144, 192]]
[814, [2, 6, 12, 18, 24, 27, 32, 48, 54, 81, 96, 108, 144, 162]]
[815, [3, 4, 9, 16, 18, 27, 32, 36, 48, 54, 64, 72, 96, 144, 192]]
[816, [3, 6, 8, 9, 12, 16, 24, 27, 81, 108, 144, 162, 216]]
[817, [3, 4, 8, 12, 16, 32, 36, 48, 54, 64, 96, 108, 144, 192]]
[818, [2, 8, 9, 12, 16, 32, 36, 64, 81, 96, 108, 162, 192]]
[819, [4, 6, 8, 9, 12, 16, 24, 27, 32, 36, 54, 81, 96, 108, 144, 162]]
[820, [3, 4, 8, 16, 24, 27, 32, 36, 48, 54, 64, 72, 96, 144, 192]]
[821, [2, 8, 9, 16, 24, 27, 32, 36, 64, 72, 81, 96, 162, 192]]
[822, [2, 4, 16, 24, 27, 32, 54, 72, 81, 96, 108, 144, 162]]
[823, [2, 4, 9, 27, 48, 54, 64, 72, 81, 108, 162, 192]]
[824, [2, 6, 12, 16, 18, 27, 32, 48, 81, 96, 108, 162, 216]]
[825, [3, 6, 8, 9, 12, 16, 32, 36, 64, 81, 96, 108, 162, 192]]
[826, [3, 6, 8, 9, 12, 27, 32, 36, 48, 54, 81, 96, 108, 144, 162]]
[827, [3, 4, 8, 9, 24, 32, 36, 48, 72, 81, 96, 108, 144, 162]]
[828, [3, 6, 8, 9, 16, 24, 27, 32, 36, 64, 72, 81, 96, 162, 192]]
[829, [2, 6, 9, 24, 27, 32, 36, 48, 54, 81, 96, 108, 144, 162]]
[830, [3, 4, 6, 9, 27, 48, 54, 64, 72, 81, 108, 162, 192]]
[831, [3, 4, 8, 12, 18, 24, 32, 54, 64, 72, 96, 108, 144, 192]]
[832, [3, 4, 8, 12, 18, 24, 36, 48, 64, 72, 81, 108, 162, 192]]
[833, [2, 4, 9, 24, 32, 36, 54, 96, 144, 432]]
[834, [2, 8, 9, 12, 24, 32, 36, 48, 72, 81, 96, 108, 144, 162]]
[835, [2, 6, 8, 16, 18, 32, 54, 81, 96, 144, 162, 216]]
[836, [3, 6, 8, 9, 16, 18, 27, 32, 54, 72, 81, 96, 108, 144, 162]]
[837, [2, 6, 9, 12, 27, 48, 54, 64, 72, 81, 108, 162, 192]]
[838, [3, 4, 6, 12, 18, 24, 36, 81, 96, 108, 162, 288]]
[839, [3, 4, 8, 12, 16, 27, 36, 54, 64, 72, 81, 108, 162, 192]]
[840, [3, 4, 9, 12, 24, 27, 32, 36, 48, 54, 81, 96, 108, 144, 162]]
[841, [3, 6, 8, 9, 12, 24, 32, 36, 48, 72, 81, 96, 108, 144, 162]]
[842, [2, 4, 12, 27, 32, 48, 54, 72, 81, 96, 108, 144, 162]]
[843, [2, 4, 16, 24, 32, 36, 48, 54, 72, 81, 96, 162, 216]]
[844, [3, 6, 8, 9, 12, 16, 27, 48, 64, 72, 81, 144, 162, 192]]
[845, [2, 4, 18, 24, 27, 32, 48, 54, 72, 96, 108, 144, 216]]
[846, [3, 4, 8, 9, 24, 32, 36, 54, 64, 72, 96, 108, 144, 192]]
[847, [4, 6, 8, 9, 12, 16, 18, 32, 36, 48, 54, 64, 96, 108, 144, 192]]
[848, [3, 4, 9, 16, 18, 24, 32, 36, 48, 54, 64, 96, 108, 144, 192]]
[849, [4, 6, 8, 9, 12, 16, 18, 27, 32, 54, 72, 81, 96, 108, 144, 162]]
[850, [3, 4, 9, 16, 18, 24, 27, 32, 54, 72, 81, 96, 108, 144, 162]]
[851, [2, 6, 9, 24, 27, 32, 36, 48, 64, 72, 81, 96, 162, 192]]
[852, [3, 4, 8, 12, 18, 24, 32, 48, 64, 81, 96, 108, 162, 192]]
[853, [2, 8, 9, 12, 24, 32, 36, 54, 64, 72, 96, 108, 144, 192]]
[854, [3, 6, 8, 9, 12, 18, 27, 32, 64, 81, 96, 144, 162, 192]]
[855, [3, 8, 9, 12, 16, 18, 24, 27, 32, 36, 48, 54, 64, 72, 96, 144, 192]]
[856, [3, 6, 8, 9, 16, 18, 27, 36, 54, 64, 72, 81, 108, 162, 192]]
[857, [2, 9, 12, 16, 18, 24, 27, 32, 54, 72, 81, 96, 108, 144, 162]]
[858, [2, 6, 9, 16, 18, 32, 64, 72, 81, 96, 108, 162, 192]]
[859, [2, 6, 9, 18, 27, 32, 48, 54, 72, 81, 96, 108, 144, 162]]
[860, [3, 6, 8, 9, 12, 24, 32, 36, 54, 64, 72, 96, 108, 144, 192]]
[861, [3, 4, 8, 16, 18, 27, 32, 36, 54, 72, 81, 96, 108, 144, 162]]
[862, [3, 6, 9, 12, 16, 18, 24, 32, 36, 48, 54, 64, 96, 108, 144, 192]]
[863, [2, 8, 9, 12, 24, 27, 48, 54, 64, 72, 81, 108, 162, 192]]
[864, [3, 6, 9, 12, 16, 18, 24, 27, 32, 54, 72, 81, 96, 108, 144, 162]]
[865, [2, 8, 9, 16, 24, 27, 32, 36, 48, 81, 96, 108, 162, 216]]
[866, [3, 4, 6, 16, 18, 27, 32, 48, 64, 96, 144, 192, 216]]
[867, [3, 4, 8, 9, 24, 32, 36, 48, 64, 81, 96, 108, 162, 192]]
[868, [2, 8, 12, 16, 18, 27, 32, 36, 54, 72, 81, 96, 108, 144, 162]]
[869, [4, 6, 8, 9, 12, 16, 18, 27, 36, 54, 64, 72, 81, 108, 162, 192]]
[870, [3, 4, 9, 12, 18, 27, 32, 48, 54, 72, 81, 96, 108, 144, 162]]
[871, [3, 6, 8, 9, 12, 27, 32, 36, 48, 54, 72, 96, 108, 144, 216]]
[872, [2, 4, 16, 24, 27, 36, 48, 64, 72, 81, 144, 162, 192]]
[873, [2, 6, 9, 16, 24, 32, 36, 64, 72, 96, 108, 192, 216]]
[874, [2, 8, 9, 12, 24, 32, 36, 48, 64, 81, 96, 108, 162, 192]]
[875, [3, 6, 8, 12, 16, 18, 27, 32, 36, 54, 72, 81, 96, 108, 144, 162]]
[876, [3, 6, 8, 9, 16, 18, 27, 32, 54, 64, 81, 96, 108, 162, 192]]
[877, [2, 9, 12, 16, 18, 24, 27, 36, 54, 64, 72, 81, 108, 162, 192]]
[878, [2, 6, 16, 18, 24, 27, 32, 36, 54, 72, 81, 96, 108, 144, 162]]
[879, [2, 6, 9, 16, 32, 36, 48, 54, 64, 72, 96, 108, 144, 192]]
[880, [3, 4, 8, 12, 16, 18, 36, 48, 81, 96, 108, 162, 288]]
[881, [3, 6, 8, 9, 12, 24, 32, 36, 48, 64, 81, 96, 108, 162, 192]]
[882, [2, 4, 12, 27, 32, 48, 54, 64, 81, 96, 108, 162, 192]]
[883, [3, 4, 8, 16, 18, 24, 32, 48, 54, 64, 72, 96, 108, 144, 192]]
[884, [2, 4, 18, 27, 32, 36, 48, 54, 72, 81, 96, 108, 144, 162]]
[885, [2, 8, 9, 18, 24, 27, 32, 48, 54, 72, 81, 96, 108, 144, 162]]
[886, [3, 6, 8, 9, 16, 18, 27, 36, 48, 64, 72, 81, 144, 162, 192]]
[887, [3, 4, 8, 12, 24, 27, 32, 36, 48, 54, 81, 108, 162, 288]]
[888, [2, 4, 16, 24, 27, 32, 48, 72, 81, 96, 108, 162, 216]]
[889, [3, 4, 12, 16, 18, 24, 27, 32, 36, 54, 72, 81, 96, 108, 144, 162]]
[890, [2, 8, 12, 16, 18, 24, 32, 48, 54, 64, 72, 96, 108, 144, 192]]
[891, [3, 4, 6, 18, 27, 32, 36, 48, 54, 72, 81, 96, 108, 144, 162]]
[892, [3, 6, 8, 9, 18, 24, 27, 32, 48, 54, 72, 81, 96, 108, 144, 162]]
[893, [2, 8, 9, 12, 16, 27, 36, 72, 81, 108, 144, 162, 216]]
[894, [2, 4, 12, 18, 27, 48, 72, 81, 108, 144, 162, 216]]
[895, [3, 4, 8, 12, 24, 27, 36, 48, 54, 64, 72, 81, 108, 162, 192]]
[896, [2, 6, 12, 18, 24, 27, 32, 36, 64, 81, 96, 144, 162, 192]]
[897, [3, 6, 8, 12, 16, 18, 24, 32, 48, 54, 64, 72, 96, 108, 144, 192]]
[898, [2, 6, 12, 18, 27, 32, 36, 48, 54, 72, 81, 96, 108, 144, 162]]
[899, [2, 6, 9, 18, 27, 32, 48, 54, 64, 81, 96, 108, 162, 192]]
[900, [3, 4, 9, 16, 18, 24, 27, 36, 48, 64, 72, 81, 144, 162, 192]]
[901, [3, 4, 8, 16, 18, 27, 32, 36, 54, 64, 81, 96, 108, 162, 192]]
[902, [3, 4, 8, 12, 16, 24, 36, 48, 64, 81, 108, 144, 162, 192]]
[903, [2, 6, 9, 16, 24, 27, 36, 72, 81, 108, 144, 162, 216]]
[904, [3, 6, 9, 12, 16, 18, 24, 27, 32, 54, 64, 81, 96, 108, 162, 192]]
[905, [4, 6, 8, 9, 12, 18, 24, 27, 32, 48, 54, 72, 81, 96, 108, 144, 162]]
[906, [3, 6, 8, 9, 16, 18, 27, 32, 48, 64, 81, 96, 144, 162, 192]]
[907, [2, 9, 12, 16, 18, 24, 27, 36, 48, 64, 72, 81, 144, 162, 192]]
[908, [2, 8, 12, 16, 18, 27, 32, 36, 54, 64, 81, 96, 108, 162, 192]]
[909, [2, 4, 9, 27, 36, 48, 72, 81, 108, 144, 162, 216]]
[910, [3, 4, 9, 12, 18, 27, 32, 48, 54, 64, 81, 96, 108, 162, 192]]
[911, [3, 6, 8, 9, 12, 18, 32, 48, 64, 72, 81, 96, 108, 162, 192]]
[912, [3, 6, 8, 9, 16, 24, 32, 36, 48, 54, 64, 72, 96, 108, 144, 192]]
[913, [2, 6, 8, 16, 24, 32, 54, 72, 81, 96, 144, 162, 216]]
[914, [2, 6, 9, 18, 24, 32, 48, 64, 72, 81, 96, 108, 162, 192]]
[915, [3, 6, 8, 12, 16, 18, 27, 32, 36, 54, 64, 81, 96, 108, 162, 192]]
[916, [3, 4, 8, 16, 18, 24, 32, 36, 64, 72, 81, 96, 108, 162, 192]]
[917, [3, 4, 8, 18, 24, 27, 32, 36, 48, 54, 72, 81, 96, 108, 144, 162]]
[918, [2, 6, 16, 18, 24, 27, 32, 36, 54, 64, 81, 96, 108, 162, 192]]
[919, [4, 6, 8, 9, 12, 16, 18, 27, 32, 48, 64, 81, 96, 144, 162, 192]]
[920, [3, 4, 9, 16, 18, 24, 27, 32, 48, 64, 81, 96, 144, 162, 192]]
[921, [2, 6, 9, 16, 27, 32, 54, 64, 72, 81, 96, 108, 162, 192]]
[922, [3, 6, 8, 9, 12, 16, 24, 48, 64, 72, 108, 144, 192, 216]]
[923, [2, 8, 12, 16, 18, 24, 32, 36, 64, 72, 81, 96, 108, 162, 192]]
[924, [2, 8, 12, 18, 24, 27, 32, 36, 48, 54, 72, 81, 96, 108, 144, 162]]
[925, [4, 6, 8, 9, 12, 16, 24, 32, 36, 48, 54, 64, 72, 96, 108, 144, 192]]
[926, [3, 4, 6, 8, 32, 48, 54, 72, 81, 96, 144, 162, 216]]
[927, [2, 9, 12, 16, 18, 24, 27, 32, 48, 64, 81, 96, 144, 162, 192]]
[928, [2, 4, 9, 27, 36, 54, 64, 72, 108, 144, 192, 216]]
[929, [3, 4, 12, 16, 18, 24, 27, 32, 36, 54, 64, 81, 96, 108, 162, 192]]
[930, [3, 6, 8, 12, 16, 18, 24, 32, 36, 64, 72, 81, 96, 108, 162, 192]]
[931, [3, 6, 8, 12, 18, 24, 27, 32, 36, 48, 54, 72, 81, 96, 108, 144, 162]]
[932, [3, 6, 8, 9, 18, 24, 27, 32, 48, 54, 64, 81, 96, 108, 162, 192]]
[933, [2, 3, 24, 27, 54, 64, 72, 81, 108, 144, 162, 192]]
[934, [3, 6, 9, 12, 16, 18, 24, 27, 32, 48, 64, 81, 96, 144, 162, 192]]
[935, [2, 4, 16, 18, 24, 48, 64, 72, 81, 108, 144, 162, 192]]
[936, [3, 4, 8, 12, 18, 32, 36, 48, 64, 72, 81, 96, 108, 162, 192]]
[937, [2, 4, 16, 24, 27, 32, 48, 64, 72, 96, 144, 192, 216]]
[938, [2, 6, 12, 18, 27, 32, 36, 48, 54, 64, 81, 96, 108, 162, 192]]
[939, [2, 4, 18, 24, 32, 36, 48, 64, 72, 81, 96, 108, 162, 192]]
[940, [3, 4, 6, 16, 18, 32, 36, 54, 72, 81, 96, 144, 162, 216]]
[941, [2, 6, 9, 18, 27, 32, 36, 64, 72, 81, 96, 144, 162, 192]]
[942, [3, 4, 6, 16, 18, 24, 48, 64, 72, 81, 108, 144, 162, 192]]
[943, [2, 6, 8, 12, 32, 36, 64, 81, 96, 108, 144, 162, 192]]
[944, [2, 3, 24, 32, 36, 64, 81, 96, 108, 144, 162, 192]]
[945, [4, 6, 8, 9, 12, 18, 24, 27, 32, 48, 54, 64, 81, 96, 108, 162, 192]]
[946, [3, 4, 6, 18, 24, 32, 36, 48, 64, 72, 81, 96, 108, 162, 192]]
[947, [2, 8, 9, 16, 24, 27, 32, 54, 64, 72, 81, 96, 108, 162, 192]]
[948, [2, 6, 16, 18, 24, 27, 32, 36, 48, 64, 81, 96, 144, 162, 192]]
[949, [2, 6, 9, 16, 27, 36, 48, 54, 64, 81, 108, 144, 162, 192]]
[950, [2, 8, 9, 12, 18, 27, 36, 54, 64, 96, 144, 192, 288]]
[951, [2, 6, 9, 16, 27, 32, 48, 64, 72, 81, 96, 144, 162, 192]]
[952, [3, 4, 9, 12, 18, 27, 32, 36, 64, 72, 81, 96, 144, 162, 192]]
[953, [2, 6, 12, 18, 24, 32, 36, 48, 64, 72, 81, 96, 108, 162, 192]]
[954, [3, 6, 8, 9, 16, 24, 27, 32, 54, 64, 72, 81, 96, 108, 162, 192]]
[955, [3, 4, 12, 16, 18, 24, 27, 32, 36, 48, 72, 81, 96, 108, 162, 216]]
[956, [3, 6, 8, 9, 12, 24, 27, 36, 48, 72, 81, 108, 144, 162, 216]]
[957, [3, 4, 8, 18, 24, 27, 32, 36, 48, 54, 64, 81, 96, 108, 162, 192]]
[958, [3, 4, 8, 12, 16, 24, 36, 48, 72, 81, 96, 108, 162, 288]]
[959, [3, 4, 12, 16, 18, 24, 27, 32, 36, 48, 64, 81, 96, 144, 162, 192]]
[960, [2, 6, 12, 16, 27, 32, 36, 54, 64, 72, 81, 96, 108, 162, 192]]
[961, [3, 6, 8, 9, 12, 16, 36, 48, 64, 72, 81, 108, 144, 162, 192]]
[962, [3, 4, 9, 12, 16, 27, 32, 48, 64, 72, 81, 96, 144, 162, 192]]
[963, [2, 6, 9, 18, 24, 27, 54, 64, 72, 81, 108, 144, 162, 192]]
[964, [2, 8, 12, 18, 24, 27, 32, 36, 48, 54, 64, 81, 96, 108, 162, 192]]
[965, [3, 4, 9, 16, 18, 24, 27, 32, 48, 64, 72, 96, 144, 192, 216]]
[966, [3, 4, 8, 16, 18, 24, 32, 36, 54, 72, 81, 96, 144, 162, 216]]
[967, [4, 6, 8, 9, 12, 16, 24, 27, 32, 54, 64, 72, 81, 96, 108, 162, 192]]
[968, [2, 4, 12, 27, 32, 36, 48, 81, 96, 108, 144, 162, 216]]
[969, [2, 8, 9, 12, 24, 27, 32, 48, 81, 96, 108, 144, 162, 216]]
[970, [2, 8, 9, 18, 24, 27, 32, 48, 54, 64, 72, 96, 108, 192, 216]]
[971, [3, 6, 8, 12, 18, 24, 27, 32, 36, 48, 54, 64, 81, 96, 108, 162, 192]]
[972, [2, 9, 12, 16, 18, 24, 27, 32, 48, 64, 72, 96, 144, 192, 216]]
[973, [2, 8, 12, 16, 18, 24, 32, 36, 54, 72, 81, 96, 144, 162, 216]]
[974, [3, 4, 9, 16, 18, 27, 32, 36, 54, 64, 72, 81, 96, 108, 162, 192]]
[975, [2, 8, 9, 16, 24, 27, 36, 48, 54, 64, 81, 108, 144, 162, 192]]
[976, [2, 4, 16, 27, 32, 36, 48, 64, 72, 81, 96, 144, 162, 192]]
[977, [2, 6, 9, 24, 27, 32, 48, 54, 64, 72, 81, 96, 108, 162, 192]]
[978, [2, 4, 16, 18, 27, 32, 72, 81, 96, 108, 144, 162, 216]]
[979, [3, 4, 8, 16, 24, 27, 32, 36, 54, 64, 72, 81, 96, 108, 162, 192]]
[980, [3, 6, 8, 12, 16, 18, 24, 32, 36, 54, 72, 81, 96, 144, 162, 216]]
[981, [2, 9, 12, 16, 18, 27, 32, 36, 54, 64, 72, 81, 96, 108, 162, 192]]
[982, [3, 6, 8, 9, 16, 24, 27, 36, 48, 54, 64, 81, 108, 144, 162, 192]]
[983, [3, 4, 6, 16, 27, 32, 36, 48, 64, 72, 81, 96, 144, 162, 192]]
[984, [3, 6, 8, 9, 16, 24, 27, 32, 48, 64, 72, 81, 96, 144, 162, 192]]
[985, [3, 4, 8, 12, 18, 27, 36, 54, 64, 72, 81, 108, 144, 162, 192]]
[986, [2, 8, 12, 16, 24, 27, 32, 36, 54, 64, 72, 81, 96, 108, 162, 192]]
[987, [4, 6, 8, 9, 12, 18, 24, 27, 32, 36, 64, 72, 81, 96, 144, 162, 192]]
[988, [3, 6, 9, 12, 16, 18, 27, 32, 36, 54, 64, 72, 81, 96, 108, 162, 192]]
[989, [2, 4, 18, 24, 32, 36, 48, 54, 72, 81, 96, 144, 162, 216]]
[990, [2, 6, 12, 16, 27, 32, 36, 48, 64, 72, 81, 96, 144, 162, 192]]
[991, [3, 4, 6, 8, 27, 48, 64, 72, 81, 108, 162, 192, 216]]
[992, [2, 6, 12, 16, 18, 27, 32, 72, 81, 96, 108, 144, 162, 216]]
[993, [3, 6, 8, 12, 16, 24, 27, 32, 36, 54, 64, 72, 81, 96, 108, 162, 192]]
[994, [2, 6, 8, 18, 27, 32, 54, 64, 81, 96, 108, 144, 162, 192]]
[995, [4, 6, 8, 9, 12, 16, 24, 27, 36, 48, 54, 64, 81, 108, 144, 162, 192]]
[996, [3, 4, 6, 18, 24, 32, 36, 48, 54, 72, 81, 96, 144, 162, 216]]
[997, [4, 6, 8, 9, 12, 16, 24, 27, 32, 48, 64, 72, 81, 96, 144, 162, 192]]
[998, [2, 4, 16, 24, 27, 48, 54, 64, 72, 81, 108, 144, 162, 192]]
[999, [3, 4, 8, 12, 27, 32, 36, 48, 54, 64, 72, 81, 96, 108, 162, 192]]
[1000, [3, 4, 8, 9, 18, 36, 48, 54, 64, 72, 96, 108, 192, 288]]
[1001, [3, 4, 8, 12, 24, 27, 32, 36, 48, 81, 96, 108, 144, 162, 216]]
[1002, [2, 4, 24, 27, 32, 36, 48, 54, 64, 72, 81, 96, 108, 162, 192]]
[1003, [2, 6, 12, 18, 24, 32, 36, 48, 54, 72, 81, 96, 144, 162, 216]]
[1004, [3, 4, 9, 16, 18, 27, 32, 36, 48, 64, 72, 81, 96, 144, 162, 192]]
[1005, [2, 8, 9, 16, 18, 27, 48, 54, 64, 72, 81, 108, 144, 162, 192]]
[1006, [3, 4, 8, 12, 16, 32, 36, 48, 64, 81, 96, 108, 144, 162, 192]]
[1007, [2, 6, 9, 16, 27, 32, 36, 72, 81, 96, 108, 144, 162, 216]]
[1008, [2, 4, 18, 24, 27, 32, 54, 64, 81, 96, 108, 144, 162, 192]]
[1009, [4, 6, 8, 9, 16, 18, 24, 27, 32, 36, 54, 64, 72, 81, 96, 108, 162, 192]]
[1010, [2, 6, 8, 16, 24, 32, 54, 64, 72, 108, 144, 192, 288]]
[1011, [2, 9, 12, 16, 18, 27, 32, 36, 48, 64, 72, 81, 96, 144, 162, 192]]
[1012, [3, 6, 8, 9, 16, 18, 27, 48, 54, 64, 72, 81, 108, 144, 162, 192]]
[1013, [2, 8, 12, 16, 18, 24, 32, 36, 54, 64, 81, 96, 162, 192, 216]]
[1014, [3, 8, 9, 12, 16, 18, 24, 27, 32, 36, 54, 64, 72, 81, 96, 108, 162, 192]]
[1015, [3, 4, 6, 18, 24, 27, 32, 54, 64, 81, 96, 108, 144, 162, 192]]
[1016, [3, 6, 8, 9, 18, 27, 32, 36, 48, 54, 64, 72, 81, 96, 108, 162, 192]]
[1017, [4, 6, 8, 9, 12, 16, 18, 27, 32, 48, 54, 81, 108, 144, 162, 288]]
[1018, [3, 6, 9, 12, 16, 18, 27, 32, 36, 48, 64, 72, 81, 96, 144, 162, 192]]
[1019, [2, 6, 9, 18, 24, 32, 36, 64, 72, 96, 108, 144, 192, 216]]
[1020, [3, 4, 8, 9, 27, 32, 36, 54, 64, 81, 96, 108, 144, 162, 192]]
[1021, [3, 4, 8, 9, 24, 27, 36, 54, 64, 72, 96, 144, 192, 288]]
[1022, [2, 6, 12, 18, 24, 27, 32, 54, 64, 81, 96, 108, 144, 162, 192]]
[1023, [3, 6, 8, 12, 16, 24, 27, 32, 36, 48, 64, 72, 81, 96, 144, 162, 192]]
[1024, [3, 6, 8, 9, 16, 18, 24, 36, 48, 64, 72, 96, 144, 192, 288]]
[1025, [4, 6, 8, 9, 12, 16, 18, 27, 48, 54, 64, 72, 81, 108, 144, 162, 192]]
[1026, [3, 4, 9, 16, 18, 24, 27, 48, 54, 64, 72, 81, 108, 144, 162, 192]]
[1027, [2, 8, 9, 12, 27, 32, 36, 54, 64, 81, 96, 108, 144, 162, 192]]
[1028, [3, 4, 9, 12, 18, 24, 36, 48, 54, 64, 72, 96, 108, 192, 288]]
[1029, [4, 6, 8, 9, 12, 18, 27, 32, 36, 48, 54, 64, 72, 81, 96, 108, 162, 192]]
[1030, [3, 4, 9, 18, 24, 27, 32, 36, 48, 54, 64, 72, 81, 96, 108, 162, 192]]
[1031, [4, 6, 8, 9, 12, 18, 24, 27, 32, 36, 48, 81, 96, 108, 144, 162, 216]]
[1032, [2, 4, 9, 32, 48, 54, 64, 72, 81, 96, 162, 192, 216]]
[1033, [2, 9, 12, 16, 18, 24, 27, 48, 54, 64, 72, 81, 108, 144, 162, 192]]
[1034, [3, 6, 8, 9, 12, 27, 32, 36, 54, 64, 81, 96, 108, 144, 162, 192]]
[1035, [3, 4, 8, 9, 24, 32, 36, 64, 72, 81, 96, 108, 144, 162, 192]]
[1036, [4, 6, 8, 9, 12, 16, 18, 32, 36, 48, 64, 81, 96, 108, 144, 162, 192]]
[1037, [2, 9, 12, 18, 24, 27, 32, 36, 48, 54, 64, 72, 81, 96, 108, 162, 192]]
[1038, [2, 8, 12, 16, 18, 24, 27, 36, 64, 72, 81, 108, 162, 192, 216]]
[1039, [4, 6, 8, 9, 16, 18, 24, 27, 32, 36, 48, 64, 72, 81, 96, 144, 162, 192]]
[1040, [3, 6, 9, 12, 16, 18, 24, 27, 48, 54, 64, 72, 81, 108, 144, 162, 192]]
[1041, [3, 4, 6, 18, 24, 27, 32, 48, 72, 81, 96, 108, 144, 162, 216]]
[1042, [2, 8, 9, 12, 24, 32, 36, 64, 72, 81, 96, 108, 144, 162, 192]]
[1043, [2, 6, 12, 18, 24, 32, 36, 48, 54, 64, 81, 96, 162, 192, 216]]
[1044, [3, 6, 9, 12, 18, 24, 27, 32, 36, 48, 54, 64, 72, 81, 96, 108, 162, 192]]
[1045, [3, 6, 8, 12, 16, 18, 24, 27, 36, 64, 72, 81, 108, 162, 192, 216]]
[1046, [3, 4, 6, 16, 18, 32, 48, 64, 72, 81, 96, 108, 144, 162, 192]]
[1047, [3, 6, 8, 9, 16, 24, 27, 32, 48, 54, 64, 96, 108, 144, 192, 216]]
[1048, [3, 4, 9, 12, 24, 27, 32, 36, 54, 64, 81, 96, 108, 144, 162, 192]]
[1049, [3, 6, 8, 9, 12, 24, 32, 36, 64, 72, 81, 96, 108, 144, 162, 192]]
[1050, [2, 4, 12, 27, 32, 54, 64, 72, 81, 96, 108, 144, 162, 192]]
[1051, [3, 6, 8, 12, 16, 18, 27, 36, 48, 54, 64, 72, 81, 108, 144, 162, 192]]
[1052, [2, 8, 9, 16, 18, 24, 32, 48, 64, 81, 108, 162, 192, 288]]
[1053, [2, 6, 12, 16, 18, 32, 48, 64, 72, 81, 96, 108, 144, 162, 192]]
[1054, [2, 6, 16, 18, 24, 27, 36, 48, 54, 64, 72, 81, 108, 144, 162, 192]]
[1055, [3, 4, 8, 12, 24, 27, 32, 36, 54, 72, 81, 108, 144, 162, 288]]
[1056, [2, 4, 8, 24, 54, 64, 72, 96, 108, 144, 192, 288]]
[1057, [3, 4, 8, 16, 18, 27, 32, 48, 54, 64, 81, 96, 108, 144, 162, 192]]
[1058, [2, 8, 9, 16, 18, 32, 36, 54, 64, 72, 81, 96, 162, 192, 216]]
[1059, [2, 3, 24, 27, 36, 64, 81, 108, 144, 162, 192, 216]]
[1060, [3, 6, 8, 9, 12, 27, 32, 36, 48, 72, 81, 96, 108, 144, 162, 216]]
[1061, [2, 8, 9, 16, 18, 32, 36, 48, 64, 72, 96, 108, 144, 192, 216]]
[1062, [2, 4, 12, 27, 32, 36, 54, 64, 81, 108, 162, 192, 288]]
[1063, [2, 6, 9, 24, 27, 32, 36, 48, 72, 81, 96, 108, 144, 162, 216]]
[1064, [2, 8, 12, 16, 18, 27, 32, 48, 54, 64, 81, 96, 108, 144, 162, 192]]
[1065, [3, 4, 12, 16, 18, 24, 27, 36, 48, 54, 64, 72, 81, 108, 144, 162, 192]]
[1066, [3, 6, 8, 9, 16, 18, 24, 27, 64, 72, 81, 96, 162, 192, 288]]
[1067, [2, 6, 9, 18, 27, 32, 54, 64, 72, 81, 96, 108, 144, 162, 192]]
[1068, [2, 6, 9, 16, 32, 36, 48, 64, 72, 81, 96, 108, 144, 162, 192]]
[1069, [3, 4, 8, 16, 18, 24, 27, 36, 54, 81, 96, 108, 144, 162, 288]]
[1070, [2, 8, 12, 16, 18, 24, 32, 36, 54, 64, 72, 108, 144, 192, 288]]
[1071, [3, 6, 8, 12, 16, 18, 27, 32, 48, 54, 64, 81, 96, 108, 144, 162, 192]]
[1072, [3, 4, 8, 16, 18, 24, 32, 48, 64, 72, 81, 96, 108, 144, 162, 192]]
[1073, [2, 8, 9, 16, 24, 27, 32, 36, 64, 81, 96, 108, 162, 192, 216]]
[1074, [2, 6, 16, 18, 24, 27, 32, 48, 54, 64, 81, 96, 108, 144, 162, 192]]
[1075, [2, 8, 9, 16, 24, 27, 32, 48, 54, 72, 81, 108, 144, 162, 288]]
[1076, [2, 8, 12, 16, 18, 24, 27, 36, 54, 81, 96, 108, 144, 162, 288]]
[1077, [2, 4, 12, 18, 32, 54, 64, 81, 96, 144, 162, 192, 216]]
[1078, [3, 4, 9, 12, 18, 27, 32, 54, 64, 72, 81, 96, 108, 144, 162, 192]]
[1079, [2, 8, 9, 16, 27, 32, 36, 48, 54, 64, 81, 96, 108, 144, 162, 192]]
[1080, [3, 6, 8, 9, 16, 24, 27, 32, 36, 64, 81, 96, 108, 162, 192, 216]]
[1081, [3, 6, 9, 12, 16, 18, 27, 32, 36, 48, 54, 64, 96, 108, 144, 192, 216]]
[1082, [3, 4, 9, 16, 18, 24, 32, 36, 48, 64, 72, 96, 108, 144, 192, 216]]
[1083, [3, 4, 8, 12, 24, 27, 32, 54, 64, 72, 81, 96, 108, 144, 162, 192]]
[1084, [2, 6, 9, 16, 18, 48, 54, 64, 72, 81, 144, 162, 192, 216]]
[1085, [3, 4, 12, 16, 18, 24, 27, 32, 48, 54, 64, 81, 96, 108, 144, 162, 192]]
[1086, [3, 6, 8, 9, 16, 27, 32, 36, 48, 54, 64, 81, 96, 108, 144, 162, 192]]
[1087, [3, 6, 8, 9, 16, 24, 27, 36, 48, 54, 64, 72, 96, 144, 192, 288]]
[1088, [2, 6, 9, 18, 32, 36, 48, 54, 64, 72, 81, 96, 162, 192, 216]]
[1089, [2, 9, 12, 16, 18, 24, 32, 36, 48, 64, 72, 96, 108, 144, 192, 216]]
[1090, [3, 4, 8, 12, 18, 24, 36, 54, 64, 72, 81, 144, 162, 192, 216]]
[1091, [2, 8, 9, 12, 18, 24, 54, 64, 72, 96, 108, 144, 192, 288]]
[1092, [2, 4, 18, 27, 32, 36, 54, 64, 72, 81, 96, 108, 144, 162, 192]]
[1093, [2, 8, 9, 18, 24, 27, 32, 54, 64, 72, 81, 96, 108, 144, 162, 192]]
[1094, [2, 8, 9, 16, 24, 32, 36, 48, 64, 72, 81, 96, 108, 144, 162, 192]]
[1095, [3, 4, 9, 12, 16, 18, 48, 54, 64, 72, 81, 144, 162, 192, 216]]
[1096, [3, 6, 9, 12, 16, 18, 24, 32, 36, 48, 64, 72, 96, 108, 144, 192, 216]]
[1097, [3, 4, 6, 12, 18, 36, 54, 64, 72, 96, 108, 144, 192, 288]]
[1098, [3, 4, 9, 12, 16, 24, 36, 48, 54, 64, 96, 108, 144, 192, 288]]
[1099, [4, 6, 8, 9, 12, 16, 27, 32, 36, 48, 54, 64, 81, 96, 108, 144, 162, 192]]
[1100, [3, 4, 9, 16, 24, 27, 32, 36, 48, 54, 64, 81, 96, 108, 144, 162, 192]]
[1101, [3, 6, 8, 9, 16, 24, 32, 36, 48, 64, 72, 81, 96, 108, 144, 162, 192]]
[1102, [2, 4, 16, 27, 32, 48, 54, 64, 72, 81, 96, 108, 144, 162, 192]]
[1103, [2, 6, 9, 24, 27, 32, 36, 48, 64, 81, 96, 108, 162, 192, 216]]
[1104, [3, 4, 8, 12, 24, 32, 36, 48, 54, 64, 72, 81, 96, 162, 192, 216]]
[1105, [3, 6, 8, 12, 16, 18, 24, 27, 36, 64, 72, 81, 96, 162, 192, 288]]
[1106, [2, 6, 12, 18, 27, 32, 36, 54, 64, 72, 81, 96, 108, 144, 162, 192]]
[1107, [2, 9, 12, 16, 24, 27, 32, 36, 48, 54, 64, 81, 96, 108, 144, 162, 192]]
[1108, [2, 6, 9, 12, 16, 64, 72, 81, 96, 108, 162, 192, 288]]
[1109, [3, 4, 6, 16, 27, 32, 48, 54, 64, 72, 81, 96, 108, 144, 162, 192]]
[1110, [3, 6, 8, 9, 16, 18, 27, 32, 64, 72, 81, 96, 108, 162, 192, 216]]
[1111, [3, 4, 8, 12, 16, 27, 36, 54, 72, 81, 96, 108, 144, 162, 288]]
[1112, [2, 6, 8, 18, 24, 36, 54, 64, 72, 96, 108, 144, 192, 288]]
[1113, [4, 6, 8, 9, 12, 18, 24, 27, 32, 54, 64, 72, 81, 96, 108, 144, 162, 192]]
[1114, [3, 6, 9, 12, 16, 24, 27, 32, 36, 48, 54, 64, 81, 96, 108, 144, 162, 192]]
[1115, [2, 8, 9, 16, 24, 27, 32, 48, 54, 64, 81, 108, 162, 192, 288]]
[1116, [2, 6, 12, 16, 27, 32, 48, 54, 64, 72, 81, 96, 108, 144, 162, 192]]
[1117, [3, 6, 8, 9, 16, 18, 24, 48, 54, 64, 72, 81, 144, 162, 192, 216]]
[1118, [3, 4, 6, 12, 18, 36, 48, 64, 81, 96, 108, 162, 192, 288]]
[1119, [2, 6, 16, 18, 24, 27, 32, 48, 54, 64, 72, 96, 108, 144, 192, 216]]
[1120, [2, 3, 16, 36, 64, 72, 81, 96, 108, 162, 192, 288]]
[1121, [3, 6, 8, 9, 18, 24, 32, 36, 48, 54, 64, 72, 81, 96, 162, 192, 216]]
[1122, [2, 6, 8, 16, 24, 48, 54, 64, 72, 96, 108, 144, 192, 288]]
[1123, [4, 6, 8, 9, 12, 16, 18, 27, 32, 64, 72, 81, 96, 108, 162, 192, 216]]
[1124, [2, 8, 9, 16, 27, 32, 36, 48, 54, 64, 72, 96, 108, 144, 192, 216]]
[1125, [3, 4, 8, 18, 24, 27, 32, 36, 54, 64, 72, 81, 96, 108, 144, 162, 192]]
[1126, [3, 4, 8, 12, 16, 32, 36, 48, 64, 72, 81, 108, 162, 192, 288]]
[1127, [2, 4, 8, 32, 54, 64, 72, 81, 96, 144, 162, 192, 216]]
[1128, [3, 6, 8, 9, 16, 18, 27, 36, 54, 72, 81, 96, 108, 144, 162, 288]]
[1129, [2, 4, 16, 18, 32, 48, 54, 64, 81, 96, 144, 162, 192, 216]]
[1130, [3, 4, 9, 16, 18, 27, 32, 48, 54, 64, 72, 81, 96, 108, 144, 162, 192]]
[1131, [3, 6, 8, 9, 16, 27, 32, 36, 48, 54, 64, 72, 96, 108, 144, 192, 216]]
[1132, [2, 8, 12, 18, 24, 27, 32, 36, 54, 64, 72, 81, 96, 108, 144, 162, 192]]
[1133, [2, 6, 9, 18, 27, 32, 48, 64, 72, 81, 96, 108, 162, 192, 216]]
[1134, [4, 6, 8, 9, 12, 18, 24, 32, 36, 48, 54, 64, 72, 81, 96, 162, 192, 216]]
[1135, [3, 4, 8, 16, 24, 27, 32, 48, 54, 64, 72, 81, 96, 108, 144, 162, 192]]
[1136, [3, 4, 6, 16, 18, 32, 48, 54, 64, 81, 96, 144, 162, 192, 216]]
[1137, [2, 9, 12, 16, 18, 27, 32, 48, 54, 64, 72, 81, 96, 108, 144, 162, 192]]
[1138, [3, 6, 9, 12, 16, 18, 24, 27, 32, 64, 72, 81, 96, 108, 162, 192, 216]]
[1139, [3, 6, 8, 12, 18, 24, 27, 32, 36, 54, 64, 72, 81, 96, 108, 144, 162, 192]]
[1140, [3, 4, 8, 9, 27, 32, 36, 54, 64, 72, 81, 108, 162, 192, 288]]
[1141, [2, 6, 8, 12, 32, 54, 64, 72, 81, 96, 144, 162, 192, 216]]
[1142, [2, 8, 12, 16, 24, 27, 32, 48, 54, 64, 72, 81, 96, 108, 144, 162, 192]]
[1143, [2, 6, 12, 16, 18, 32, 48, 54, 64, 81, 96, 144, 162, 192, 216]]
[1144, [3, 6, 9, 12, 16, 18, 27, 32, 48, 54, 64, 72, 81, 96, 108, 144, 162, 192]]
[1145, [3, 4, 9, 16, 24, 27, 32, 36, 48, 54, 64, 72, 96, 108, 144, 192, 216]]
[1146, [3, 6, 8, 9, 12, 18, 27, 36, 64, 81, 96, 144, 162, 192, 288]]
[1147, [3, 4, 8, 16, 24, 27, 32, 36, 48, 54, 64, 81, 108, 162, 192, 288]]
[1148, [3, 6, 8, 12, 16, 18, 24, 32, 36, 48, 54, 81, 144, 162, 216, 288]]
[1149, [3, 6, 8, 12, 16, 24, 27, 32, 48, 54, 64, 72, 81, 96, 108, 144, 162, 192]]
[1150, [3, 4, 8, 9, 24, 27, 36, 64, 72, 81, 108, 144, 162, 192, 216]]
[1151, [4, 6, 8, 9, 12, 16, 18, 27, 36, 48, 64, 81, 108, 144, 162, 192, 216]]
[1152, [2, 9, 12, 16, 24, 27, 32, 36, 48, 54, 64, 72, 96, 108, 144, 192, 216]]
[1153, [3, 4, 6, 16, 18, 27, 32, 48, 81, 108, 144, 162, 216, 288]]
[1154, [2, 4, 16, 18, 27, 48, 64, 72, 81, 108, 144, 162, 192, 216]]
[1155, [3, 4, 8, 9, 18, 32, 54, 64, 72, 81, 96, 144, 162, 192, 216]]
[1156, [3, 6, 8, 12, 16, 18, 24, 36, 48, 54, 64, 72, 81, 144, 162, 192, 216]]
[1157, [2, 8, 9, 12, 24, 27, 36, 64, 72, 81, 108, 144, 162, 192, 216]]
[1158, [2, 6, 16, 18, 27, 32, 36, 48, 54, 64, 72, 81, 96, 108, 144, 162, 192]]
[1159, [3, 6, 9, 12, 16, 24, 27, 32, 36, 48, 54, 64, 72, 96, 108, 144, 192, 216]]
[1160, [3, 4, 9, 12, 18, 24, 27, 36, 64, 81, 96, 144, 162, 192, 288]]
[1161, [3, 4, 6, 16, 18, 27, 48, 64, 72, 81, 108, 144, 162, 192, 216]]
[1162, [3, 4, 8, 16, 18, 24, 32, 48, 54, 64, 81, 96, 144, 162, 192, 216]]
[1163, [3, 4, 12, 16, 18, 24, 27, 32, 36, 64, 72, 81, 96, 108, 162, 192, 216]]
[1164, [3, 6, 8, 9, 12, 24, 27, 36, 64, 72, 81, 108, 144, 162, 192, 216]]
[1165, [4, 6, 8, 9, 16, 18, 24, 27, 32, 48, 54, 64, 72, 81, 96, 108, 144, 162, 192]]
[1166, [3, 6, 8, 9, 18, 24, 27, 32, 48, 64, 72, 81, 96, 108, 162, 192, 216]]
[1167, [3, 4, 8, 12, 24, 27, 36, 48, 54, 72, 81, 96, 108, 144, 162, 288]]
[1168, [2, 6, 12, 16, 18, 27, 48, 64, 72, 81, 108, 144, 162, 192, 216]]
[1169, [3, 4, 12, 16, 18, 27, 32, 36, 48, 54, 64, 72, 81, 96, 108, 144, 162, 192]]
[1170, [3, 8, 9, 12, 16, 18, 24, 27, 32, 48, 54, 64, 72, 81, 96, 108, 144, 162, 192]]
[1171, [3, 6, 9, 12, 16, 18, 24, 32, 36, 48, 64, 72, 81, 108, 162, 192, 288]]
[1172, [2, 6, 12, 18, 27, 32, 36, 48, 64, 72, 81, 96, 108, 162, 192, 216]]
[1173, [2, 6, 12, 16, 27, 32, 36, 48, 54, 64, 72, 108, 192, 216, 288]]
[1174, [2, 4, 12, 27, 36, 48, 54, 64, 81, 96, 108, 162, 192, 288]]
[1175, [3, 4, 8, 16, 18, 24, 36, 48, 54, 64, 72, 96, 108, 144, 192, 288]]
[1176, [3, 6, 8, 12, 16, 18, 24, 32, 48, 54, 64, 81, 96, 144, 162, 192, 216]]
[1177, [2, 8, 9, 12, 24, 27, 32, 64, 81, 96, 108, 144, 162, 192, 216]]
[1178, [2, 6, 8, 18, 24, 36, 48, 64, 72, 96, 108, 192, 216, 288]]
[1179, [4, 6, 8, 9, 12, 18, 24, 27, 32, 48, 64, 72, 81, 96, 108, 162, 192, 216]]
[1180, [2, 4, 16, 24, 27, 36, 48, 72, 81, 96, 108, 162, 216, 288]]
[1181, [4, 6, 8, 9, 12, 16, 18, 27, 36, 54, 64, 81, 96, 108, 162, 192, 288]]
[1182, [2, 8, 12, 16, 18, 24, 36, 48, 54, 64, 72, 96, 108, 144, 192, 288]]
[1183, [3, 4, 9, 12, 18, 24, 32, 54, 64, 72, 81, 96, 144, 162, 192, 216]]
[1184, [2, 8, 16, 18, 24, 27, 32, 36, 48, 54, 64, 72, 81, 96, 108, 144, 162, 192]]
[1185, [3, 4, 9, 12, 16, 24, 27, 54, 64, 72, 96, 108, 192, 216, 288]]
[1186, [2, 8, 9, 16, 18, 32, 36, 48, 54, 72, 81, 144, 162, 216, 288]]
[1187, [3, 4, 8, 16, 18, 24, 27, 48, 64, 72, 81, 108, 144, 162, 192, 216]]
[1188, [3, 4, 8, 12, 18, 24, 32, 48, 64, 81, 108, 144, 162, 192, 288]]
[1189, [3, 6, 8, 12, 16, 18, 24, 36, 48, 54, 64, 72, 96, 108, 144, 192, 288]]
[1190, [3, 4, 6, 12, 16, 36, 54, 72, 81, 96, 144, 162, 216, 288]]
[1191, [3, 6, 8, 16, 18, 24, 27, 32, 36, 48, 54, 64, 72, 81, 96, 108, 144, 162, 192]]
[1192, [3, 4, 8, 16, 24, 27, 32, 36, 48, 54, 64, 72, 108, 192, 216, 288]]
[1193, [2, 6, 8, 16, 32, 48, 54, 64, 72, 81, 96, 144, 162, 192, 216]]
[1194, [3, 4, 8, 12, 18, 32, 36, 54, 64, 72, 81, 96, 144, 162, 192, 216]]
[1195, [3, 4, 8, 12, 18, 24, 27, 64, 72, 81, 96, 144, 162, 192, 288]]
[1196, [3, 6, 9, 12, 16, 18, 24, 27, 36, 54, 64, 81, 96, 108, 162, 192, 288]]
[1197, [2, 4, 18, 24, 32, 36, 54, 64, 72, 81, 96, 144, 162, 192, 216]]
[1198, [2, 8, 12, 18, 24, 27, 32, 36, 48, 64, 72, 81, 96, 108, 162, 192, 216]]
[1199, [2, 8, 9, 16, 27, 32, 36, 48, 54, 64, 72, 81, 108, 162, 192, 288]]
[1200, [2, 6, 9, 16, 18, 36, 54, 72, 81, 96, 144, 162, 216, 288]]
[1201, [3, 6, 8, 12, 16, 18, 24, 27, 48, 64, 72, 81, 108, 144, 162, 192, 216]]
[1202, [3, 4, 9, 12, 18, 27, 36, 48, 54, 64, 81, 96, 108, 162, 192, 288]]
[1203, [2, 6, 9, 16, 27, 32, 48, 64, 81, 96, 108, 144, 162, 192, 216]]
[1204, [4, 6, 8, 12, 16, 18, 24, 27, 32, 36, 48, 54, 64, 72, 81, 96, 108, 144, 162, 192]]
[1205, [3, 6, 8, 12, 18, 24, 27, 32, 36, 48, 64, 72, 81, 96, 108, 162, 192, 216]]
[1206, [3, 6, 8, 9, 16, 27, 32, 36, 48, 54, 64, 72, 81, 108, 162, 192, 288]]
[1207, [2, 4, 16, 24, 32, 48, 54, 64, 72, 81, 96, 144, 162, 192, 216]]
[1208, [3, 4, 9, 16, 18, 24, 27, 36, 48, 72, 81, 96, 108, 162, 216, 288]]
[1209, [2, 8, 9, 16, 24, 27, 36, 48, 64, 72, 81, 108, 144, 162, 192, 216]]
[1210, [3, 4, 8, 9, 24, 27, 36, 64, 72, 81, 96, 144, 162, 192, 288]]
[1211, [2, 6, 12, 18, 24, 32, 36, 54, 64, 72, 81, 96, 144, 162, 192, 216]]
[1212, [3, 4, 9, 16, 18, 24, 27, 36, 48, 64, 81, 96, 144, 162, 192, 288]]
[1213, [2, 6, 9, 16, 27, 36, 54, 64, 72, 81, 96, 108, 162, 192, 288]]
[1214, [2, 8, 9, 16, 18, 32, 48, 54, 64, 72, 81, 96, 144, 162, 192, 216]]
[1215, [2, 9, 12, 16, 18, 24, 27, 36, 48, 72, 81, 96, 108, 162, 216, 288]]
[1216, [3, 6, 8, 9, 16, 24, 27, 36, 48, 64, 72, 81, 108, 144, 162, 192, 216]]
[1217, [2, 8, 9, 18, 24, 27, 36, 48, 54, 64, 81, 96, 108, 162, 192, 288]]
[1218, [2, 4, 12, 27, 32, 48, 54, 64, 81, 108, 144, 162, 192, 288]]
[1219, [2, 8, 9, 18, 24, 27, 32, 36, 64, 81, 96, 108, 144, 162, 192, 216]]
[1220, [3, 4, 9, 16, 24, 27, 32, 36, 48, 54, 64, 72, 81, 108, 162, 192, 288]]
[1221, [3, 6, 8, 9, 16, 18, 32, 48, 54, 64, 72, 81, 96, 144, 162, 192, 216]]
[1222, [3, 6, 9, 12, 16, 18, 24, 27, 36, 48, 72, 81, 96, 108, 162, 216, 288]]
[1223, [2, 4, 12, 16, 36, 54, 64, 81, 96, 162, 192, 216, 288]]
[1224, [3, 6, 8, 9, 18, 24, 27, 36, 48, 54, 64, 81, 96, 108, 162, 192, 288]]
[1225, [4, 6, 8, 9, 12, 16, 18, 27, 32, 54, 64, 81, 108, 144, 162, 192, 288]]
[1226, [3, 6, 8, 9, 18, 24, 27, 32, 36, 64, 81, 96, 108, 144, 162, 192, 216]]
[1227, [2, 9, 12, 16, 24, 27, 32, 36, 48, 54, 64, 72, 81, 108, 162, 192, 288]]
[1228, [2, 4, 16, 27, 32, 36, 48, 64, 81, 96, 108, 144, 162, 192, 216]]
[1229, [4, 6, 8, 9, 12, 16, 24, 27, 36, 48, 64, 72, 81, 108, 144, 162, 192, 216]]
[1230, [2, 4, 8, 27, 54, 64, 81, 96, 108, 144, 162, 192, 288]]
[1231, [3, 6, 8, 12, 16, 18, 24, 27, 54, 64, 72, 81, 96, 108, 162, 192, 288]]
[1232, [3, 4, 6, 12, 18, 27, 54, 64, 96, 108, 144, 192, 216, 288]]
[1233, [2, 9, 12, 16, 18, 24, 27, 32, 54, 64, 81, 108, 144, 162, 192, 288]]
[1234, [4, 6, 8, 9, 12, 16, 18, 32, 48, 54, 64, 72, 81, 96, 144, 162, 192, 216]]
[1235, [3, 4, 9, 16, 18, 24, 32, 48, 54, 64, 72, 81, 96, 144, 162, 192, 216]]
[1236, [3, 6, 8, 9, 16, 24, 27, 32, 48, 64, 81, 96, 108, 144, 162, 192, 216]]
[1237, [4, 6, 8, 9, 12, 18, 24, 27, 36, 48, 54, 64, 81, 96, 108, 162, 192, 288]]
[1238, [3, 6, 8, 9, 16, 18, 27, 32, 48, 72, 81, 108, 144, 162, 216, 288]]
[1239, [4, 6, 8, 9, 12, 18, 24, 27, 32, 36, 64, 81, 96, 108, 144, 162, 192, 216]]
[1240, [2, 4, 18, 24, 27, 48, 54, 64, 72, 81, 96, 108, 162, 192, 288]]
[1241, [3, 6, 9, 12, 16, 18, 24, 27, 36, 54, 64, 72, 96, 108, 192, 216, 288]]
[1242, [2, 9, 12, 16, 18, 24, 32, 48, 54, 64, 72, 81, 96, 144, 162, 192, 216]]
[1243, [2, 6, 9, 16, 27, 36, 48, 64, 72, 81, 96, 144, 162, 192, 288]]
[1244, [2, 8, 12, 16, 18, 27, 32, 36, 54, 64, 81, 108, 144, 162, 192, 288]]
[1245, [2, 3, 24, 27, 54, 64, 81, 96, 108, 144, 162, 192, 288]]
[1246, [3, 4, 8, 16, 18, 32, 36, 48, 54, 64, 72, 81, 96, 144, 162, 192, 216]]
[1247, [3, 4, 6, 18, 24, 27, 48, 54, 64, 72, 81, 96, 108, 162, 192, 288]]
[1248, [3, 4, 8, 9, 24, 32, 36, 48, 64, 72, 108, 144, 192, 216, 288]]
[1249, [3, 6, 9, 12, 16, 18, 24, 32, 48, 54, 64, 72, 81, 96, 144, 162, 192, 216]]
[1250, [2, 6, 9, 18, 24, 32, 48, 64, 72, 81, 108, 144, 162, 192, 288]]
[1251, [3, 6, 8, 12, 16, 18, 27, 32, 36, 54, 64, 81, 108, 144, 162, 192, 288]]
[1252, [3, 4, 8, 9, 27, 36, 48, 54, 64, 72, 81, 96, 108, 162, 192, 288]]
[1253, [2, 8, 12, 16, 18, 32, 36, 48, 54, 64, 72, 81, 96, 144, 162, 192, 216]]
[1254, [3, 4, 8, 9, 27, 32, 36, 64, 72, 81, 96, 108, 144, 162, 192, 216]]
[1255, [2, 8, 9, 12, 24, 32, 36, 48, 64, 72, 108, 144, 192, 216, 288]]
[1256, [3, 4, 9, 16, 18, 27, 32, 36, 48, 64, 81, 96, 108, 144, 162, 192, 216]]
[1257, [2, 6, 9, 16, 27, 32, 54, 64, 72, 81, 108, 144, 162, 192, 288]]
[1258, [3, 4, 8, 9, 18, 27, 54, 64, 81, 96, 108, 144, 162, 192, 288]]
[1259, [4, 6, 8, 9, 12, 16, 24, 27, 36, 54, 64, 72, 81, 96, 108, 162, 192, 288]]
[1260, [3, 6, 8, 12, 16, 18, 32, 36, 48, 54, 64, 72, 81, 96, 144, 162, 192, 216]]
[1261, [3, 4, 8, 16, 24, 27, 32, 36, 48, 64, 81, 96, 108, 144, 162, 192, 216]]
[1262, [2, 8, 9, 18, 24, 27, 36, 48, 54, 64, 72, 96, 108, 192, 216, 288]]
[1263, [2, 6, 16, 18, 24, 32, 36, 48, 54, 64, 72, 81, 96, 144, 162, 192, 216]]
[1264, [2, 9, 12, 16, 18, 24, 27, 36, 48, 64, 72, 96, 144, 192, 216, 288]]
[1265, [3, 4, 12, 16, 18, 24, 27, 32, 36, 54, 64, 81, 108, 144, 162, 192, 288]]
[1266, [3, 6, 8, 9, 12, 27, 36, 48, 54, 64, 72, 81, 96, 108, 162, 192, 288]]
[1267, [3, 4, 6, 18, 27, 32, 36, 48, 54, 64, 81, 108, 144, 162, 192, 288]]
[1268, [2, 8, 12, 16, 24, 27, 32, 36, 48, 64, 81, 96, 108, 144, 162, 192, 216]]
[1269, [2, 6, 9, 24, 27, 36, 48, 54, 64, 72, 81, 96, 108, 162, 192, 288]]
[1270, [3, 6, 9, 12, 16, 18, 27, 32, 36, 48, 64, 81, 96, 108, 144, 162, 192, 216]]
[1271, [2, 6, 9, 24, 27, 32, 36, 64, 72, 81, 96, 108, 144, 162, 192, 216]]
[1272, [3, 4, 8, 12, 18, 32, 36, 48, 64, 72, 81, 108, 144, 162, 192, 288]]
[1273, [3, 6, 8, 9, 12, 16, 36, 48, 64, 81, 96, 108, 144, 162, 192, 288]]
[1274, [3, 4, 12, 16, 18, 24, 32, 36, 48, 54, 64, 72, 81, 96, 144, 162, 192, 216]]
[1275, [3, 6, 8, 12, 16, 24, 27, 32, 36, 48, 64, 81, 96, 108, 144, 162, 192, 216]]
[1276, [3, 6, 8, 9, 16, 24, 27, 36, 48, 64, 72, 81, 96, 144, 162, 192, 288]]
[1277, [3, 6, 8, 12, 16, 18, 27, 32, 36, 48, 72, 81, 108, 144, 162, 216, 288]]
[1278, [3, 6, 8, 9, 16, 18, 24, 27, 72, 81, 96, 108, 144, 162, 216, 288]]
[1279, [2, 4, 12, 18, 36, 64, 72, 81, 96, 108, 144, 162, 192, 288]]
[1280, [3, 4, 9, 12, 24, 27, 36, 48, 54, 64, 72, 81, 96, 108, 162, 192, 288]]
[1281, [4, 6, 8, 9, 12, 18, 24, 27, 32, 48, 54, 64, 81, 108, 144, 162, 192, 288]]
[1282, [3, 4, 9, 12, 24, 27, 32, 36, 64, 72, 81, 96, 108, 144, 162, 192, 216]]
[1283, [2, 8, 9, 16, 24, 27, 32, 54, 64, 72, 81, 108, 144, 162, 192, 288]]
[1284, [2, 6, 12, 16, 18, 27, 36, 72, 81, 96, 108, 144, 162, 216, 288]]
[1285, [3, 6, 9, 12, 16, 18, 24, 27, 32, 54, 64, 72, 108, 144, 192, 216, 288]]
[1286, [3, 4, 9, 12, 18, 24, 27, 54, 64, 81, 96, 108, 144, 162, 192, 288]]
[1287, [3, 4, 9, 12, 16, 24, 36, 48, 64, 81, 96, 108, 144, 162, 192, 288]]
[1288, [2, 6, 9, 16, 24, 27, 48, 54, 64, 144, 162, 192, 216, 324]]
[1289, [4, 6, 8, 9, 12, 16, 24, 27, 36, 48, 64, 72, 81, 96, 144, 162, 192, 288]]
[1290, [3, 6, 8, 9, 16, 24, 27, 32, 54, 64, 72, 81, 108, 144, 162, 192, 288]]
[1291, [4, 6, 8, 9, 16, 18, 24, 27, 32, 36, 48, 64, 81, 96, 108, 144, 162, 192, 216]]
[1292, [2, 4, 16, 18, 24, 48, 64, 72, 96, 108, 144, 192, 216, 288]]
[1293, [3, 4, 8, 18, 24, 27, 32, 36, 48, 54, 64, 81, 108, 144, 162, 192, 288]]
[1294, [3, 4, 9, 12, 18, 24, 32, 36, 54, 64, 72, 162, 192, 288, 324]]
[1295, [3, 4, 9, 12, 16, 18, 32, 54, 64, 81, 144, 162, 192, 216, 288]]
[1296, [3, 8, 9, 12, 16, 18, 24, 27, 32, 36, 48, 64, 81, 96, 108, 144, 162, 192, 216]]
[1297, [3, 4, 8, 12, 18, 27, 36, 54, 64, 81, 96, 108, 144, 162, 192, 288]]
[1298, [2, 8, 12, 16, 18, 27, 32, 48, 64, 72, 81, 96, 108, 144, 162, 192, 216]]
[1299, [2, 6, 16, 18, 24, 27, 32, 36, 54, 64, 72, 108, 144, 192, 216, 288]]
[1300, [2, 8, 12, 18, 24, 27, 32, 36, 48, 54, 64, 81, 108, 144, 162, 192, 288]]
[1301, [2, 6, 8, 18, 24, 36, 64, 72, 81, 96, 108, 144, 162, 192, 288]]
[1302, [3, 4, 6, 8, 32, 48, 54, 64, 81, 144, 162, 192, 216, 288]]
[1303, [4, 6, 8, 9, 12, 16, 24, 27, 32, 54, 64, 72, 81, 108, 144, 162, 192, 288]]
[1304, [3, 4, 8, 9, 16, 36, 48, 64, 72, 96, 108, 144, 192, 216, 288]]
[1305, [3, 6, 8, 12, 16, 18, 27, 32, 48, 64, 72, 81, 96, 108, 144, 162, 192, 216]]
[1306, [2, 6, 9, 16, 18, 48, 64, 72, 81, 96, 108, 144, 162, 192, 288]]
[1307, [3, 6, 8, 12, 18, 24, 27, 32, 36, 48, 54, 64, 81, 108, 144, 162, 192, 288]]
[1308, [2, 6, 16, 18, 24, 27, 32, 48, 64, 72, 81, 96, 108, 144, 162, 192, 216]]
[1309, [2, 4, 12, 18, 48, 54, 64, 72, 81, 96, 162, 192, 216, 288]]
[1310, [3, 4, 9, 16, 18, 27, 32, 36, 54, 64, 72, 81, 108, 144, 162, 192, 288]]
[1311, [2, 6, 8, 16, 24, 48, 64, 72, 81, 96, 108, 144, 162, 192, 288]]
[1312, [3, 4, 8, 12, 18, 24, 36, 64, 72, 81, 96, 108, 144, 162, 192, 288]]
[1313, [2, 8, 9, 16, 27, 32, 36, 48, 64, 72, 81, 96, 108, 144, 162, 192, 216]]
[1314, [2, 6, 12, 18, 24, 27, 36, 54, 64, 81, 96, 108, 144, 162, 192, 288]]
[1315, [3, 4, 8, 16, 24, 27, 32, 36, 54, 64, 72, 81, 108, 144, 162, 192, 288]]
[1316, [3, 4, 6, 12, 18, 48, 54, 64, 72, 81, 96, 162, 192, 216, 288]]
[1317, [2, 9, 12, 16, 18, 27, 32, 36, 54, 64, 72, 81, 108, 144, 162, 192, 288]]
[1318, [3, 6, 8, 9, 12, 16, 36, 48, 64, 72, 96, 108, 144, 192, 216, 288]]
[1319, [3, 4, 12, 16, 18, 24, 27, 32, 48, 64, 72, 81, 96, 108, 144, 162, 192, 216]]
[1320, [3, 6, 8, 9, 16, 27, 32, 36, 48, 64, 72, 81, 96, 108, 144, 162, 192, 216]]
[1321, [2, 6, 9, 16, 24, 36, 48, 64, 72, 96, 108, 144, 192, 216, 288]]
[1322, [2, 8, 12, 16, 24, 27, 32, 36, 54, 64, 72, 81, 108, 144, 162, 192, 288]]
[1323, [3, 4, 8, 12, 18, 27, 36, 48, 72, 81, 96, 108, 144, 162, 216, 288]]
[1324, [3, 6, 9, 12, 16, 18, 27, 32, 36, 54, 64, 72, 81, 108, 144, 162, 192, 288]]
[1325, [3, 6, 8, 9, 18, 24, 27, 32, 36, 64, 72, 96, 108, 144, 162, 192, 324]]
[1326, [2, 4, 18, 24, 27, 36, 48, 72, 81, 96, 108, 144, 162, 216, 288]]
[1327, [2, 4, 16, 27, 32, 36, 48, 64, 72, 96, 108, 144, 162, 192, 324]]
[1328, [2, 8, 9, 16, 24, 27, 32, 48, 64, 72, 96, 108, 144, 162, 192, 324]]
[1329, [3, 6, 8, 12, 16, 24, 27, 32, 36, 54, 64, 72, 81, 108, 144, 162, 192, 288]]
[1330, [4, 6, 8, 9, 12, 16, 18, 24, 32, 54, 64, 81, 144, 162, 192, 216, 288]]
[1331, [2, 4, 16, 18, 36, 48, 64, 72, 81, 96, 108, 144, 162, 192, 288]]
[1332, [2, 8, 9, 16, 18, 24, 48, 64, 72, 81, 96, 108, 144, 162, 192, 288]]
[1333, [4, 6, 8, 9, 12, 16, 27, 32, 36, 48, 64, 72, 81, 96, 108, 144, 162, 192, 216]]
[1334, [3, 4, 9, 16, 24, 27, 32, 36, 48, 64, 72, 81, 96, 108, 144, 162, 192, 216]]
[1335, [3, 4, 8, 12, 27, 32, 36, 48, 54, 64, 72, 81, 108, 144, 162, 192, 288]]
[1336, [3, 4, 8, 9, 24, 27, 54, 64, 72, 81, 96, 108, 144, 162, 192, 288]]
[1337, [4, 6, 8, 9, 12, 16, 18, 27, 48, 54, 64, 81, 96, 108, 144, 162, 192, 288]]
[1338, [2, 4, 24, 27, 32, 36, 48, 54, 64, 72, 81, 108, 144, 162, 192, 288]]
[1339, [3, 6, 8, 9, 16, 18, 24, 48, 64, 72, 81, 96, 108, 144, 162, 192, 288]]
[1340, [2, 6, 12, 18, 24, 27, 36, 48, 72, 81, 96, 108, 144, 162, 216, 288]]
[1341, [2, 9, 12, 16, 24, 27, 32, 36, 48, 64, 72, 81, 96, 108, 144, 162, 192, 216]]
[1342, [2, 4, 12, 27, 36, 54, 64, 72, 81, 96, 108, 144, 162, 192, 288]]
[1343, [2, 8, 9, 12, 24, 27, 54, 64, 72, 81, 96, 108, 144, 162, 192, 288]]
[1344, [2, 6, 9, 12, 18, 54, 64, 81, 96, 144, 162, 192, 216, 288]]
[1345, [4, 6, 8, 9, 16, 18, 24, 27, 32, 36, 54, 64, 72, 81, 108, 144, 162, 192, 288]]
[1346, [3, 6, 8, 9, 18, 24, 27, 32, 36, 64, 72, 81, 108, 162, 192, 216, 288]]
[1347, [3, 4, 6, 18, 24, 32, 36, 48, 54, 72, 96, 108, 144, 162, 216, 324]]
[1348, [3, 6, 9, 12, 16, 24, 27, 32, 36, 48, 64, 72, 81, 96, 108, 144, 162, 192, 216]]
[1349, [3, 4, 8, 16, 18, 27, 36, 48, 54, 64, 81, 96, 108, 144, 162, 192, 288]]
[1350, [3, 8, 9, 12, 16, 18, 24, 27, 32, 36, 54, 64, 72, 81, 108, 144, 162, 192, 288]]
[1351, [3, 4, 9, 12, 18, 24, 32, 48, 54, 64, 81, 144, 162, 192, 216, 288]]
[1352, [3, 6, 8, 9, 18, 27, 32, 36, 48, 54, 64, 72, 81, 108, 144, 162, 192, 288]]
[1353, [2, 8, 9, 12, 16, 27, 64, 72, 81, 96, 108, 162, 192, 216, 288]]
[1354, [2, 4, 16, 18, 27, 32, 64, 81, 108, 144, 162, 192, 216, 288]]
[1355, [2, 4, 16, 24, 27, 48, 54, 64, 72, 96, 108, 144, 192, 216, 288]]
[1356, [2, 8, 12, 16, 18, 27, 36, 48, 54, 64, 81, 96, 108, 144, 162, 192, 288]]
[1357, [3, 4, 8, 9, 24, 36, 48, 54, 64, 72, 81, 96, 162, 192, 216, 288]]
[1358, [3, 6, 8, 9, 16, 18, 24, 27, 72, 81, 96, 108, 128, 162, 216, 384]]
[1359, [2, 6, 9, 18, 27, 36, 54, 64, 72, 81, 96, 108, 144, 162, 192, 288]]
[1360, [3, 6, 8, 9, 12, 16, 27, 64, 72, 81, 96, 108, 162, 192, 216, 288]]
[1361, [3, 4, 6, 16, 18, 27, 32, 64, 81, 108, 144, 162, 192, 216, 288]]
[1362, [2, 8, 9, 16, 18, 27, 48, 54, 64, 72, 96, 108, 144, 192, 216, 288]]
[1363, [3, 6, 8, 12, 16, 18, 27, 36, 48, 54, 64, 81, 96, 108, 144, 162, 192, 288]]
[1364, [3, 4, 8, 16, 18, 24, 36, 48, 64, 72, 81, 96, 108, 144, 162, 192, 288]]
[1365, [4, 6, 8, 9, 12, 18, 27, 32, 36, 48, 54, 64, 72, 81, 108, 144, 162, 192, 288]]
[1366, [3, 4, 9, 18, 24, 27, 32, 36, 48, 54, 64, 72, 81, 108, 144, 162, 192, 288]]
[1367, [2, 8, 12, 16, 24, 27, 32, 36, 48, 64, 72, 96, 108, 144, 162, 192, 324]]
[1368, [2, 4, 9, 32, 48, 54, 64, 72, 81, 144, 162, 192, 216, 288]]
[1369, [2, 6, 9, 16, 27, 48, 54, 64, 72, 81, 96, 108, 144, 162, 192, 288]]
[1370, [3, 4, 9, 12, 18, 27, 36, 54, 64, 72, 81, 96, 108, 144, 162, 192, 288]]
[1371, [2, 8, 12, 16, 18, 24, 36, 48, 64, 72, 81, 96, 108, 144, 162, 192, 288]]
[1372, [3, 4, 6, 18, 24, 32, 36, 48, 54, 64, 81, 144, 162, 192, 216, 288]]
[1373, [2, 9, 12, 18, 24, 27, 32, 36, 48, 54, 64, 72, 81, 108, 144, 162, 192, 288]]
[1374, [3, 4, 9, 12, 16, 24, 27, 64, 72, 81, 96, 108, 162, 192, 216, 288]]
[1375, [3, 4, 8, 12, 24, 27, 36, 54, 64, 72, 81, 96, 108, 144, 162, 192, 288]]
[1376, [3, 4, 9, 16, 18, 27, 32, 36, 48, 64, 72, 81, 108, 162, 192, 216, 288]]
[1377, [3, 4, 12, 16, 18, 24, 27, 36, 48, 54, 64, 81, 96, 108, 144, 162, 192, 288]]
[1378, [3, 6, 8, 12, 16, 18, 24, 36, 48, 64, 72, 81, 96, 108, 144, 162, 192, 288]]
[1379, [2, 6, 12, 18, 24, 32, 36, 48, 54, 64, 81, 144, 162, 192, 216, 288]]
[1380, [3, 6, 9, 12, 18, 24, 27, 32, 36, 48, 54, 64, 72, 81, 108, 144, 162, 192, 288]]
[1381, [3, 4, 8, 16, 24, 27, 32, 36, 48, 64, 72, 81, 108, 162, 192, 216, 288]]
[1382, [4, 6, 8, 9, 12, 16, 18, 27, 48, 54, 64, 72, 96, 108, 144, 192, 216, 288]]
[1383, [3, 4, 9, 16, 18, 24, 27, 48, 54, 64, 72, 96, 108, 144, 192, 216, 288]]
[1384, [3, 4, 8, 12, 16, 32, 36, 54, 64, 72, 81, 144, 162, 192, 216, 288]]
[1385, [2, 8, 9, 18, 24, 27, 36, 54, 64, 72, 81, 96, 108, 144, 162, 192, 288]]
[1386, [3, 4, 6, 12, 16, 48, 54, 64, 81, 96, 144, 162, 192, 216, 288]]
[1387, [2, 4, 16, 24, 32, 36, 54, 64, 72, 81, 144, 162, 192, 216, 288]]
[1388, [2, 8, 12, 16, 24, 27, 32, 36, 48, 64, 72, 81, 108, 162, 192, 216, 288]]
[1389, [2, 6, 8, 16, 24, 27, 64, 72, 96, 108, 162, 192, 288, 324]]
[1390, [2, 9, 12, 16, 18, 24, 27, 48, 54, 64, 72, 96, 108, 144, 192, 216, 288]]
[1391, [2, 6, 8, 18, 24, 36, 54, 64, 81, 96, 144, 162, 192, 216, 288]]
[1392, [3, 6, 8, 9, 18, 24, 27, 36, 54, 64, 72, 81, 96, 108, 144, 162, 192, 288]]
[1393, [3, 4, 9, 12, 18, 27, 32, 36, 54, 64, 96, 144, 162, 192, 216, 324]]
[1394, [2, 4, 16, 27, 36, 48, 54, 64, 72, 81, 96, 108, 144, 162, 192, 288]]
[1395, [2, 8, 9, 16, 24, 27, 48, 54, 64, 72, 81, 96, 108, 144, 162, 192, 288]]
[1396, [2, 6, 9, 16, 18, 48, 54, 64, 81, 96, 144, 162, 192, 216, 288]]
[1397, [3, 6, 9, 12, 16, 18, 24, 27, 48, 54, 64, 72, 96, 108, 144, 192, 216, 288]]
[1398, [2, 8, 9, 16, 24, 27, 36, 48, 54, 64, 72, 144, 162, 192, 216, 324]]
[1399, [3, 4, 8, 12, 16, 32, 36, 54, 64, 72, 96, 108, 162, 192, 216, 324]]
[1400, [2, 8, 9, 12, 24, 27, 36, 48, 64, 96, 108, 162, 192, 288, 324]]
[1401, [3, 4, 6, 16, 27, 36, 48, 54, 64, 72, 81, 96, 108, 144, 162, 192, 288]]
[1402, [3, 6, 8, 9, 16, 24, 27, 48, 54, 64, 72, 81, 96, 108, 144, 162, 192, 288]]
[1403, [3, 4, 9, 12, 16, 27, 32, 48, 54, 64, 96, 144, 162, 192, 216, 324]]
[1404, [3, 6, 8, 9, 12, 16, 32, 48, 64, 72, 96, 144, 162, 192, 216, 324]]
[1405, [4, 6, 8, 9, 12, 18, 24, 27, 36, 54, 64, 72, 81, 96, 108, 144, 162, 192, 288]]
[1406, [3, 4, 9, 12, 18, 24, 36, 48, 54, 64, 72, 96, 162, 192, 288, 324]]
[1407, [2, 4, 12, 32, 36, 48, 54, 64, 72, 81, 144, 162, 192, 216, 288]]
[1408, [2, 6, 12, 16, 27, 36, 48, 54, 64, 72, 81, 96, 108, 144, 162, 192, 288]]
[1409, [2, 8, 9, 12, 24, 27, 48, 64, 72, 81, 96, 108, 162, 192, 216, 288]]
[1410, [2, 4, 18, 24, 27, 32, 48, 64, 81, 108, 144, 162, 192, 216, 288]]
[1411, [2, 6, 16, 18, 24, 27, 36, 48, 54, 64, 72, 96, 108, 144, 192, 216, 288]]
[1412, [3, 4, 8, 12, 16, 24, 48, 54, 64, 81, 96, 144, 162, 192, 216, 288]]
[1413, [2, 6, 9, 12, 24, 36, 54, 64, 96, 144, 162, 192, 288, 324]]
[1414, [4, 6, 8, 9, 12, 16, 18, 32, 36, 54, 64, 72, 81, 144, 162, 192, 216, 288]]
[1415, [4, 6, 8, 9, 12, 16, 24, 27, 48, 54, 64, 72, 81, 96, 108, 144, 162, 192, 288]]
[1416, [3, 8, 9, 12, 16, 18, 24, 27, 32, 36, 48, 64, 72, 81, 108, 162, 192, 216, 288]]
[1417, [3, 4, 6, 18, 24, 27, 32, 48, 64, 81, 108, 144, 162, 192, 216, 288]]
[1418, [2, 6, 8, 16, 27, 32, 64, 72, 81, 108, 144, 162, 192, 216, 288]]
[1419, [2, 4, 8, 36, 54, 64, 72, 81, 96, 144, 162, 192, 216, 288]]
[1420, [3, 4, 8, 12, 16, 27, 32, 36, 64, 108, 144, 162, 192, 288, 324]]
[1421, [2, 4, 16, 18, 36, 48, 54, 64, 81, 96, 144, 162, 192, 216, 288]]
[1422, [3, 4, 9, 16, 18, 27, 36, 48, 54, 64, 72, 81, 96, 108, 144, 162, 192, 288]]
[1423, [2, 9, 12, 16, 18, 24, 27, 36, 64, 72, 81, 96, 108, 162, 192, 216, 288]]
[1424, [2, 6, 9, 18, 32, 36, 48, 54, 64, 72, 81, 144, 162, 192, 216, 288]]
[1425, [2, 6, 9, 18, 27, 36, 48, 64, 72, 81, 96, 108, 162, 192, 216, 288]]
[1426, [3, 4, 6, 8, 36, 54, 64, 72, 81, 96, 144, 162, 192, 216, 288]]
[1427, [3, 4, 8, 16, 24, 27, 36, 48, 54, 64, 72, 81, 96, 108, 144, 162, 192, 288]]
[1428, [3, 4, 6, 16, 18, 36, 48, 54, 64, 81, 96, 144, 162, 192, 216, 288]]
[1429, [2, 9, 12, 16, 18, 27, 36, 48, 54, 64, 72, 81, 96, 108, 144, 162, 192, 288]]
[1430, [3, 6, 9, 12, 16, 18, 24, 27, 36, 64, 72, 81, 96, 108, 162, 192, 216, 288]]
[1431, [2, 6, 12, 16, 27, 32, 36, 48, 54, 64, 96, 144, 162, 192, 216, 324]]
[1432, [2, 4, 16, 24, 27, 32, 64, 72, 81, 108, 144, 162, 192, 216, 288]]
[1433, [2, 6, 8, 12, 36, 54, 64, 72, 81, 96, 144, 162, 192, 216, 288]]
[1434, [2, 8, 12, 16, 24, 27, 36, 48, 54, 64, 72, 81, 96, 108, 144, 162, 192, 288]]
[1435, [3, 4, 9, 12, 18, 32, 36, 48, 54, 64, 72, 81, 144, 162, 192, 216, 288]]
[1436, [3, 6, 9, 12, 16, 18, 27, 36, 48, 54, 64, 72, 81, 96, 108, 144, 162, 192, 288]]
[1437, [2, 9, 12, 16, 18, 24, 32, 36, 54, 64, 72, 96, 108, 162, 192, 216, 324]]
[1438, [4, 6, 8, 9, 12, 16, 24, 27, 32, 48, 54, 64, 96, 144, 162, 192, 216, 324]]
[1439, [2, 6, 9, 24, 27, 32, 36, 48, 64, 81, 108, 144, 162, 192, 216, 288]]
[1440, [3, 4, 8, 12, 24, 32, 36, 48, 54, 64, 72, 81, 144, 162, 192, 216, 288]]
[1441, [3, 6, 8, 12, 16, 24, 27, 36, 48, 54, 64, 72, 81, 96, 108, 144, 162, 192, 288]]
[1442, [4, 6, 8, 9, 12, 16, 18, 24, 48, 54, 64, 81, 96, 144, 162, 192, 216, 288]]
[1443, [2, 6, 9, 12, 27, 36, 64, 81, 96, 108, 144, 162, 192, 216, 288]]
[1444, [3, 6, 9, 12, 16, 18, 24, 32, 36, 54, 64, 72, 96, 108, 162, 192, 216, 324]]
[1445, [3, 4, 9, 16, 18, 27, 32, 36, 48, 54, 64, 96, 144, 162, 192, 216, 324]]
[1446, [3, 6, 8, 9, 16, 18, 27, 32, 64, 72, 81, 108, 144, 162, 192, 216, 288]]
[1447, [3, 4, 8, 9, 18, 36, 54, 64, 72, 81, 96, 144, 162, 192, 216, 288]]
[1448, [2, 8, 12, 16, 18, 24, 32, 36, 54, 64, 72, 144, 162, 192, 288, 324]]
[1449, [2, 8, 12, 16, 18, 24, 27, 36, 64, 72, 96, 108, 162, 192, 288, 324]]
[1450, [2, 8, 9, 18, 24, 32, 36, 48, 54, 64, 72, 81, 144, 162, 192, 216, 288]]
[1451, [2, 8, 9, 18, 24, 27, 36, 48, 64, 72, 81, 96, 108, 162, 192, 216, 288]]
[1452, [2, 4, 12, 27, 32, 48, 64, 72, 81, 108, 144, 162, 192, 216, 288]]
[1453, [2, 4, 16, 18, 27, 32, 64, 72, 108, 144, 162, 192, 288, 324]]
[1454, [3, 4, 8, 16, 18, 24, 36, 48, 54, 64, 81, 96, 144, 162, 192, 216, 288]]
[1455, [3, 4, 8, 12, 24, 32, 36, 48, 54, 64, 72, 96, 108, 162, 192, 216, 324]]
[1456, [3, 6, 8, 12, 16, 18, 24, 27, 36, 64, 72, 96, 108, 162, 192, 288, 324]]
[1457, [4, 6, 8, 9, 16, 18, 24, 27, 36, 48, 54, 64, 72, 81, 96, 108, 144, 162, 192, 288]]
[1458, [3, 6, 8, 9, 18, 24, 27, 36, 48, 64, 72, 81, 96, 108, 162, 192, 216, 288]]
[1459, [4, 6, 8, 9, 12, 16, 18, 27, 32, 64, 72, 81, 108, 144, 162, 192, 216, 288]]
[1460, [3, 4, 9, 16, 18, 24, 27, 32, 64, 72, 81, 108, 144, 162, 192, 216, 288]]
[1461, [2, 8, 12, 16, 18, 24, 36, 48, 54, 64, 81, 96, 144, 162, 192, 216, 288]]
[1462, [3, 8, 9, 12, 16, 18, 24, 27, 36, 48, 54, 64, 72, 81, 96, 108, 144, 162, 192, 288]]
[1463, [3, 4, 9, 16, 18, 24, 27, 48, 54, 64, 72, 96, 108, 128, 192, 216, 384]]
[1464, [2, 6, 9, 18, 24, 36, 54, 64, 72, 81, 96, 144, 162, 192, 216, 288]]
[1465, [2, 8, 9, 18, 24, 32, 36, 48, 54, 64, 72, 96, 108, 162, 192, 216, 324]]
[1466, [2, 4, 16, 18, 27, 48, 64, 81, 96, 108, 144, 162, 192, 216, 288]]
[1467, [2, 9, 12, 16, 18, 24, 27, 32, 64, 72, 81, 108, 144, 162, 192, 216, 288]]
[1468, [3, 6, 8, 12, 16, 18, 24, 36, 48, 54, 64, 81, 96, 144, 162, 192, 216, 288]]
[1469, [2, 6, 9, 18, 27, 32, 48, 64, 72, 81, 108, 144, 162, 192, 216, 288]]
[1470, [4, 6, 8, 9, 12, 18, 24, 32, 36, 48, 54, 64, 72, 81, 144, 162, 192, 216, 288]]
[1471, [4, 6, 8, 9, 12, 18, 24, 27, 36, 48, 64, 72, 81, 96, 108, 162, 192, 216, 288]]
[1472, [3, 6, 8, 9, 18, 24, 32, 36, 48, 54, 64, 72, 96, 108, 162, 192, 216, 324]]
[1473, [3, 4, 6, 16, 18, 27, 48, 64, 81, 96, 108, 144, 162, 192, 216, 288]]
[1474, [2, 6, 9, 16, 24, 48, 54, 64, 72, 81, 96, 144, 162, 192, 216, 288]]
[1475, [3, 4, 9, 12, 18, 24, 36, 54, 64, 72, 81, 96, 144, 162, 192, 216, 288]]
[1476, [3, 6, 8, 9, 12, 24, 27, 36, 64, 81, 96, 108, 144, 162, 192, 216, 288]]
[1477, [3, 6, 9, 12, 16, 18, 24, 27, 48, 54, 64, 72, 96, 108, 128, 192, 216, 384]]
[1478, [2, 8, 12, 16, 18, 27, 32, 36, 64, 72, 81, 108, 144, 162, 192, 216, 288]]
[1479, [2, 3, 24, 27, 64, 72, 81, 96, 108, 144, 162, 192, 216, 288]]
[1480, [3, 4, 9, 12, 18, 27, 32, 48, 64, 72, 81, 108, 144, 162, 192, 216, 288]]
[1481, [4, 6, 8, 9, 12, 16, 18, 24, 48, 54, 64, 72, 108, 144, 162, 192, 216, 324]]
[1482, [2, 6, 9, 16, 27, 32, 36, 64, 72, 108, 144, 162, 192, 288, 324]]
[1483, [2, 8, 9, 12, 24, 32, 36, 54, 64, 96, 108, 144, 162, 192, 216, 324]]
[1484, [2, 6, 9, 16, 32, 36, 48, 64, 72, 81, 108, 128, 144, 162, 192, 384]]
[1485, [3, 4, 9, 12, 16, 24, 48, 54, 64, 72, 81, 96, 144, 162, 192, 216, 288]]
[1486, [2, 8, 9, 18, 24, 27, 32, 36, 48, 64, 108, 144, 162, 192, 288, 324]]
[1487, [2, 8, 12, 16, 18, 27, 32, 48, 54, 64, 72, 96, 144, 162, 192, 216, 324]]
[1488, [2, 6, 16, 18, 24, 27, 32, 36, 64, 72, 81, 108, 144, 162, 192, 216, 288]]
[1489, [3, 4, 8, 12, 16, 18, 36, 54, 96, 108, 144, 162, 216, 288, 324]]
[1490, [3, 6, 8, 9, 12, 24, 32, 36, 54, 64, 96, 108, 144, 162, 192, 216, 324]]
[1491, [2, 6, 16, 18, 24, 27, 36, 48, 54, 64, 72, 96, 108, 128, 192, 216, 384]]
[1492, [3, 4, 8, 9, 18, 27, 64, 72, 81, 96, 108, 144, 162, 192, 216, 288]]
[1493, [3, 4, 8, 16, 18, 24, 36, 48, 54, 64, 72, 108, 144, 162, 192, 216, 324]]
[1494, [2, 4, 18, 27, 32, 36, 48, 64, 72, 81, 108, 144, 162, 192, 216, 288]]
[1495, [2, 8, 9, 18, 24, 27, 32, 48, 64, 72, 81, 108, 144, 162, 192, 216, 288]]
[1496, [3, 4, 8, 12, 16, 36, 48, 54, 64, 72, 81, 96, 144, 162, 192, 216, 288]]
[1497, [2, 6, 16, 18, 24, 27, 32, 48, 54, 64, 72, 96, 144, 162, 192, 216, 324]]
[1498, [3, 4, 9, 16, 18, 24, 32, 36, 48, 64, 72, 108, 128, 144, 192, 216, 384]]
[1499, [2, 4, 16, 24, 36, 48, 54, 64, 72, 81, 96, 144, 162, 192, 216, 288]]
[1500, [2, 8, 12, 16, 18, 24, 36, 48, 54, 64, 72, 108, 144, 162, 192, 216, 324]]
[1501, [3, 4, 6, 18, 27, 32, 36, 48, 64, 72, 81, 108, 144, 162, 192, 216, 288]]
[1502, [3, 6, 8, 9, 18, 24, 27, 32, 48, 64, 72, 81, 108, 144, 162, 192, 216, 288]]
[1503, [4, 6, 8, 9, 12, 16, 18, 27, 36, 48, 81, 96, 108, 128, 144, 162, 216, 384]]
[1504, [2, 6, 8, 12, 32, 36, 54, 64, 108, 162, 192, 216, 288, 324]]
[1505, [2, 6, 9, 16, 24, 32, 48, 54, 72, 108, 144, 162, 216, 288, 324]]
[1506, [2, 8, 9, 16, 18, 36, 48, 54, 64, 72, 81, 96, 144, 162, 192, 216, 288]]
[1507, [3, 6, 8, 12, 16, 18, 24, 36, 48, 54, 64, 72, 108, 144, 162, 192, 216, 324]]
[1508, [2, 6, 12, 18, 27, 32, 36, 48, 64, 72, 81, 108, 144, 162, 192, 216, 288]]
[1509, [2, 6, 9, 18, 24, 27, 64, 72, 81, 96, 108, 144, 162, 192, 216, 288]]
[1510, [2, 6, 9, 16, 24, 27, 48, 64, 96, 108, 144, 162, 192, 288, 324]]
[1511, [3, 4, 8, 12, 16, 24, 48, 54, 64, 72, 96, 144, 162, 192, 288, 324]]
[1512, [3, 4, 8, 12, 18, 27, 36, 48, 54, 72, 96, 144, 162, 216, 288, 324]]
[1513, [3, 6, 8, 9, 16, 18, 36, 48, 54, 64, 72, 81, 96, 144, 162, 192, 216, 288]]
[1514, [2, 8, 12, 16, 18, 24, 32, 36, 48, 64, 72, 162, 192, 216, 288, 324]]
[1515, [4, 6, 8, 9, 12, 18, 24, 27, 32, 48, 64, 72, 81, 108, 144, 162, 192, 216, 288]]
[1516, [3, 4, 6, 18, 24, 27, 32, 48, 64, 72, 108, 144, 162, 192, 288, 324]]
[1517, [3, 6, 8, 9, 16, 24, 32, 36, 48, 64, 72, 81, 108, 128, 144, 162, 192, 384]]
[1518, [3, 4, 8, 12, 24, 27, 32, 36, 54, 64, 72, 162, 192, 216, 288, 324]]
[1519, [3, 4, 6, 12, 18, 36, 48, 54, 96, 108, 144, 162, 216, 288, 324]]
[1520, [3, 4, 9, 12, 18, 24, 27, 64, 72, 81, 96, 108, 144, 162, 192, 216, 288]]
[1521, [2, 8, 9, 16, 24, 27, 36, 48, 64, 81, 96, 108, 144, 162, 192, 216, 288]]
[1522, [4, 6, 8, 9, 12, 16, 27, 32, 36, 48, 54, 64, 72, 96, 144, 162, 192, 216, 324]]
[1523, [3, 4, 9, 16, 24, 27, 32, 36, 48, 54, 64, 72, 96, 144, 162, 192, 216, 324]]
[1524, [2, 6, 9, 16, 24, 36, 64, 72, 81, 96, 108, 128, 144, 162, 192, 384]]
[1525, [2, 8, 9, 12, 18, 32, 36, 54, 64, 108, 162, 192, 216, 288, 324]]
[1526, [4, 6, 8, 9, 12, 16, 18, 36, 48, 54, 64, 72, 81, 96, 144, 162, 192, 216, 288]]
[1527, [3, 4, 9, 16, 18, 24, 36, 48, 54, 64, 72, 81, 96, 144, 162, 192, 216, 288]]
[1528, [3, 6, 8, 9, 16, 24, 27, 36, 48, 64, 81, 96, 108, 144, 162, 192, 216, 288]]
[1529, [2, 6, 12, 18, 24, 27, 36, 48, 54, 72, 96, 144, 162, 216, 288, 324]]
[1530, [2, 6, 8, 16, 27, 48, 64, 72, 81, 96, 108, 144, 162, 192, 216, 288]]
[1531, [3, 4, 8, 12, 18, 27, 36, 64, 72, 81, 96, 108, 144, 162, 192, 216, 288]]
[1532, [3, 4, 8, 12, 16, 27, 36, 48, 64, 96, 108, 144, 162, 192, 288, 324]]
[1533, [3, 4, 8, 12, 18, 27, 48, 54, 64, 81, 96, 108, 128, 144, 162, 192, 384]]
[1534, [2, 9, 12, 16, 18, 24, 36, 48, 54, 64, 72, 81, 96, 144, 162, 192, 216, 288]]
[1535, [2, 8, 9, 16, 24, 32, 36, 48, 54, 64, 96, 108, 144, 162, 192, 216, 324]]
[1536, [2, 4, 18, 24, 27, 48, 54, 64, 81, 96, 108, 128, 144, 162, 192, 384]]
[1537, [3, 6, 9, 12, 16, 24, 27, 32, 36, 48, 54, 64, 72, 96, 144, 162, 192, 216, 324]]
[1538, [2, 6, 9, 24, 27, 32, 36, 48, 64, 72, 108, 144, 162, 192, 288, 324]]
[1539, [2, 8, 12, 16, 18, 24, 27, 36, 54, 64, 96, 162, 192, 216, 288, 324]]
[1540, [2, 8, 9, 16, 27, 32, 36, 48, 54, 64, 72, 108, 128, 144, 192, 216, 384]]
[1541, [3, 6, 9, 12, 16, 18, 24, 36, 48, 54, 64, 72, 81, 96, 144, 162, 192, 216, 288]]
[1542, [3, 6, 8, 9, 16, 24, 32, 36, 48, 54, 64, 96, 108, 144, 162, 192, 216, 324]]
[1543, [2, 4, 16, 18, 27, 32, 54, 64, 144, 162, 192, 216, 288, 324]]
[1544, [2, 4, 16, 24, 27, 48, 64, 72, 81, 96, 108, 144, 162, 192, 216, 288]]
[1545, [3, 4, 8, 12, 18, 32, 36, 54, 64, 72, 96, 108, 144, 162, 192, 216, 324]]
[1546, [3, 4, 8, 12, 18, 24, 27, 64, 72, 96, 108, 144, 162, 192, 288, 324]]
[1547, [3, 6, 8, 9, 16, 27, 32, 36, 48, 54, 64, 72, 108, 128, 144, 192, 216, 384]]
[1548, [2, 6, 12, 18, 24, 27, 36, 64, 72, 81, 96, 108, 144, 162, 192, 216, 288]]
[1549, [3, 4, 9, 12, 24, 27, 32, 36, 48, 64, 72, 108, 144, 162, 192, 288, 324]]
[1550, [3, 4, 6, 16, 18, 27, 32, 54, 64, 144, 162, 192, 216, 288, 324]]
[1551, [2, 8, 9, 16, 18, 27, 48, 64, 72, 81, 96, 108, 144, 162, 192, 216, 288]]
[1552, [3, 4, 8, 12, 18, 27, 36, 48, 54, 64, 96, 162, 192, 216, 288, 324]]
[1553, [3, 4, 8, 16, 18, 24, 36, 48, 54, 64, 72, 96, 144, 162, 192, 288, 324]]
[1554, [2, 6, 9, 16, 27, 36, 54, 64, 72, 96, 108, 128, 144, 192, 216, 384]]
[1555, [4, 6, 8, 9, 12, 16, 24, 32, 36, 48, 54, 64, 96, 108, 144, 162, 192, 216, 324]]
[1556, [2, 6, 8, 16, 24, 36, 54, 72, 96, 108, 144, 162, 216, 288, 324]]
[1557, [4, 6, 8, 9, 12, 16, 18, 32, 36, 48, 54, 72, 108, 144, 162, 216, 288, 324]]
[1558, [3, 6, 8, 9, 16, 18, 27, 48, 64, 72, 81, 96, 108, 144, 162, 192, 216, 288]]
[1559, [2, 3, 24, 27, 64, 72, 81, 96, 108, 128, 162, 192, 216, 384]]
[1560, [2, 8, 12, 16, 18, 24, 36, 48, 54, 64, 72, 96, 144, 162, 192, 288, 324]]
[1561, [3, 4, 8, 9, 24, 27, 36, 64, 72, 96, 108, 144, 162, 192, 288, 324]]
[1562, [2, 6, 12, 18, 24, 32, 36, 54, 64, 72, 96, 108, 144, 162, 192, 216, 324]]
[1563, [3, 4, 9, 16, 18, 24, 27, 36, 48, 64, 96, 108, 144, 162, 192, 288, 324]]
[1564, [3, 6, 8, 9, 16, 18, 27, 32, 54, 81, 96, 108, 128, 144, 162, 288, 384]]
[1565, [2, 8, 9, 16, 18, 32, 48, 54, 64, 72, 96, 108, 144, 162, 192, 216, 324]]
[1566, [3, 6, 8, 9, 16, 18, 24, 48, 54, 64, 72, 108, 128, 144, 192, 288, 384]]
[1567, [3, 6, 8, 12, 16, 18, 24, 36, 48, 54, 64, 72, 96, 144, 162, 192, 288, 324]]
[1568, [2, 8, 9, 12, 24, 27, 36, 64, 72, 96, 108, 144, 162, 192, 288, 324]]
[1569, [3, 4, 6, 8, 36, 48, 54, 72, 96, 108, 144, 162, 216, 288, 324]]
[1570, [2, 9, 12, 16, 18, 24, 27, 36, 48, 64, 96, 108, 144, 162, 192, 288, 324]]
[1571, [4, 6, 8, 9, 12, 16, 18, 27, 48, 64, 72, 81, 96, 108, 144, 162, 192, 216, 288]]
[1572, [3, 4, 9, 16, 18, 24, 27, 48, 64, 72, 81, 96, 108, 144, 162, 192, 216, 288]]
[1573, [3, 4, 6, 9, 24, 48, 64, 72, 81, 108, 128, 162, 192, 288, 384]]
[1574, [3, 4, 8, 12, 16, 27, 36, 54, 64, 72, 96, 162, 192, 216, 288, 324]]
[1575, [3, 6, 8, 9, 12, 24, 27, 36, 64, 72, 96, 108, 144, 162, 192, 288, 324]]
[1576, [2, 6, 8, 12, 36, 48, 54, 72, 96, 108, 144, 162, 216, 288, 324]]
[1577, [3, 6, 9, 12, 16, 18, 24, 27, 36, 48, 64, 96, 108, 144, 162, 192, 288, 324]]
[1578, [2, 4, 12, 18, 32, 48, 64, 72, 144, 162, 192, 216, 288, 324]]
[1579, [2, 9, 12, 16, 18, 24, 27, 48, 64, 72, 81, 96, 108, 144, 162, 192, 216, 288]]
[1580, [2, 8, 9, 16, 24, 27, 36, 54, 64, 72, 96, 108, 128, 144, 192, 216, 384]]
[1581, [3, 4, 8, 12, 18, 24, 32, 54, 64, 72, 108, 162, 192, 216, 288, 324]]
[1582, [3, 6, 8, 9, 12, 16, 24, 54, 64, 96, 108, 162, 192, 216, 288, 324]]
[1583, [3, 4, 8, 16, 18, 27, 36, 48, 64, 72, 81, 96, 108, 144, 162, 192, 216, 288]]
[1584, [3, 6, 8, 9, 16, 18, 24, 36, 54, 72, 96, 108, 144, 162, 216, 288, 324]]
[1585, [4, 6, 8, 9, 12, 16, 18, 32, 48, 54, 64, 72, 96, 108, 144, 162, 192, 216, 324]]
[1586, [3, 6, 9, 12, 16, 18, 24, 27, 48, 64, 72, 81, 96, 108, 144, 162, 192, 216, 288]]
[1587, [2, 6, 9, 16, 24, 32, 36, 64, 72, 144, 162, 192, 216, 288, 324]]
[1588, [3, 4, 8, 9, 12, 48, 54, 64, 96, 108, 162, 192, 216, 288, 324]]
[1589, [2, 6, 9, 18, 24, 27, 64, 72, 81, 96, 108, 128, 162, 192, 216, 384]]
[1590, [2, 8, 12, 16, 18, 27, 36, 48, 64, 72, 81, 96, 108, 144, 162, 192, 216, 288]]
[1591, [3, 6, 8, 9, 16, 18, 27, 36, 54, 64, 72, 96, 162, 192, 216, 288, 324]]
[1592, [3, 6, 8, 12, 16, 18, 24, 32, 48, 54, 64, 81, 128, 144, 162, 192, 216, 384]]
[1593, [2, 9, 12, 16, 18, 24, 32, 48, 54, 64, 72, 96, 108, 144, 162, 192, 216, 324]]
[1594, [2, 6, 9, 16, 27, 36, 48, 64, 72, 96, 108, 144, 162, 192, 288, 324]]
[1595, [2, 8, 9, 12, 18, 24, 36, 64, 96, 144, 162, 192, 216, 288, 324]]
[1596, [3, 4, 8, 9, 24, 32, 36, 54, 64, 72, 108, 162, 192, 216, 288, 324]]
[1597, [3, 6, 8, 12, 16, 18, 27, 36, 48, 64, 72, 81, 96, 108, 144, 162, 192, 216, 288]]
[1598, [3, 4, 8, 16, 18, 24, 27, 48, 64, 72, 96, 108, 144, 162, 192, 288, 324]]
[1599, [2, 4, 18, 24, 27, 32, 48, 54, 64, 144, 162, 192, 216, 288, 324]]
[1600, [2, 6, 16, 18, 24, 27, 36, 48, 64, 72, 81, 96, 108, 144, 162, 192, 216, 288]]
[1601, [2, 8, 9, 16, 24, 27, 36, 48, 64, 81, 96, 108, 128, 162, 192, 216, 384]]
[1602, [3, 4, 9, 12, 16, 18, 36, 54, 64, 96, 108, 162, 192, 216, 288, 324]]
[1603, [2, 8, 9, 12, 24, 32, 36, 54, 64, 72, 108, 162, 192, 216, 288, 324]]
[1604, [2, 8, 12, 16, 18, 32, 36, 48, 54, 64, 72, 96, 108, 144, 162, 192, 216, 324]]
[1605, [2, 8, 12, 16, 18, 24, 27, 48, 64, 72, 96, 108, 144, 162, 192, 288, 324]]
[1606, [3, 4, 6, 18, 24, 27, 32, 48, 54, 64, 144, 162, 192, 216, 288, 324]]
[1607, [2, 6, 9, 18, 24, 36, 48, 54, 72, 96, 108, 144, 162, 216, 288, 324]]
[1608, [3, 6, 8, 9, 16, 24, 27, 36, 48, 64, 81, 96, 108, 128, 162, 192, 216, 384]]
[1609, [3, 4, 6, 8, 36, 48, 54, 64, 96, 108, 162, 192, 216, 288, 324]]
[1610, [3, 6, 8, 9, 12, 24, 32, 36, 54, 64, 72, 108, 162, 192, 216, 288, 324]]
[1611, [3, 4, 12, 16, 18, 24, 27, 36, 48, 64, 72, 81, 96, 108, 144, 162, 192, 216, 288]]
[1612, [3, 6, 8, 12, 16, 18, 24, 27, 48, 64, 72, 96, 108, 144, 162, 192, 288, 324]]
[1613, [2, 6, 12, 18, 24, 27, 32, 48, 54, 64, 144, 162, 192, 216, 288, 324]]
[1614, [2, 6, 16, 18, 24, 32, 36, 48, 54, 64, 72, 96, 108, 144, 162, 192, 216, 324]]
[1615, [2, 4, 12, 27, 32, 48, 54, 72, 96, 108, 128, 144, 216, 288, 384]]
[1616, [2, 6, 8, 12, 36, 48, 54, 64, 96, 108, 162, 192, 216, 288, 324]]
[1617, [2, 8, 9, 16, 18, 24, 36, 54, 64, 96, 108, 162, 192, 216, 288, 324]]
[1618, [3, 4, 9, 12, 18, 24, 36, 48, 54, 72, 96, 108, 144, 162, 216, 288, 324]]
[1619, [3, 6, 9, 12, 16, 18, 24, 27, 36, 54, 64, 72, 96, 162, 192, 216, 288, 324]]
[1620, [2, 8, 9, 16, 24, 27, 36, 48, 64, 72, 96, 108, 144, 162, 192, 288, 324]]
[1621, [2, 4, 16, 24, 27, 32, 54, 64, 72, 144, 162, 192, 216, 288, 324]]
[1622, [2, 6, 9, 18, 24, 36, 48, 64, 72, 81, 108, 128, 162, 192, 288, 384]]
[1623, [2, 4, 16, 24, 32, 48, 54, 64, 72, 81, 128, 144, 162, 192, 216, 384]]
[1624, [3, 6, 8, 9, 16, 18, 24, 36, 54, 64, 96, 108, 162, 192, 216, 288, 324]]
[1625, [3, 4, 12, 16, 18, 24, 32, 36, 48, 54, 64, 72, 96, 108, 144, 162, 192, 216, 324]]
[1626, [2, 6, 8, 16, 18, 54, 64, 72, 96, 108, 162, 192, 216, 288, 324]]
[1627, [3, 6, 8, 9, 16, 24, 27, 36, 48, 64, 72, 96, 108, 144, 162, 192, 288, 324]]
[1628, [2, 6, 9, 24, 27, 32, 36, 48, 54, 64, 144, 162, 192, 216, 288, 324]]
[1629, [2, 6, 9, 16, 32, 36, 48, 54, 64, 72, 108, 162, 192, 216, 288, 324]]
[1630, [3, 4, 8, 12, 24, 27, 36, 48, 54, 64, 72, 96, 162, 192, 216, 288, 324]]
[1631, [2, 8, 9, 16, 18, 27, 48, 64, 72, 81, 96, 108, 128, 162, 192, 216, 384]]
[1632, [3, 4, 9, 12, 16, 18, 36, 48, 64, 96, 144, 162, 192, 216, 288, 324]]
[1633, [3, 4, 8, 16, 18, 24, 32, 48, 54, 64, 72, 108, 162, 192, 216, 288, 324]]
[1634, [2, 6, 12, 18, 27, 36, 48, 54, 64, 72, 81, 96, 108, 128, 144, 162, 192, 384]]
[1635, [3, 6, 8, 9, 16, 18, 27, 32, 54, 64, 72, 144, 162, 192, 216, 288, 324]]
[1636, [3, 4, 8, 12, 18, 24, 27, 54, 64, 96, 144, 162, 192, 216, 288, 324]]
[1637, [4, 6, 8, 9, 12, 16, 18, 24, 36, 54, 64, 96, 108, 162, 192, 216, 288, 324]]
[1638, [3, 6, 8, 9, 16, 18, 27, 48, 64, 72, 81, 96, 108, 128, 162, 192, 216, 384]]
