[1, 0]
[2, 0]
[3, 0]
[4, 0]
[5, 0]
[6, 0]
[7, 0]
[8, [2, 6]]
[9, 0]
[10, 0]
[11, 0]
[12, 0]
[13, 0]
[14, 0]
[15, 0]
[16, 0]
[17, 0]
[18, 0]
[19, [3, 4, 12]]
[20, 0]
[21, 0]
[22, 0]
[23, 0]
[24, 0]
[25, 0]
[26, 0]
[27, 0]
[28, 0]
[29, [2, 9, 18]]
[30, 0]
[31, 0]
[32, 0]
[33, 0]
[34, [2, 8, 24]]
[35, 0]
[36, [3, 6, 9, 18]]
[37, 0]
[38, 0]
[39, 0]
[40, 0]
[41, [3, 6, 8, 24]]
[42, 0]
[43, 0]
[44, 0]
[45, 0]
[46, 0]
[47, 0]
[48, 0]
[49, [4, 6, 9, 12, 18]]
[50, 0]
[51, 0]
[52, 0]
[53, 0]
[54, [4, 6, 8, 12, 24]]
[55, 0]
[56, 0]
[57, 0]
[58, 0]
[59, 0]
[60, 0]
[61, [3, 4, 18, 36]]
[62, [3, 8, 9, 18, 24]]
[63, 0]
[64, 0]
[65, 0]
[66, 0]
[67, 0]
[68, [2, 12, 18, 36]]
[69, 0]
[70, 0]
[71, [3, 4, 16, 48]]
[72, 0]
[73, 0]
[74, 0]
[75, [4, 8, 9, 12, 18, 24]]
[76, 0]
[77, 0]
[78, [2, 12, 16, 48]]
[79, 0]
[80, 0]
[81, 0]
[82, 0]
[83, 0]
[84, 0]
[85, [3, 6, 12, 16, 48]]
[86, 0]
[87, 0]
[88, 0]
[89, 0]
[90, 0]
[91, 0]
[92, [2, 9, 27, 54]]
[93, 0]
[94, 0]
[95, 0]
[96, [4, 6, 8, 18, 24, 36]]
[97, 0]
[98, 0]
[99, [3, 6, 9, 27, 54]]
[100, 0]
[101, [3, 8, 12, 18, 24, 36]]
[102, 0]
[103, 0]
[104, [3, 8, 9, 12, 72]]
[105, 0]
[106, [3, 9, 12, 16, 18, 48]]
[107, [2, 9, 24, 72]]
[108, 0]
[109, 0]
[110, 0]
[111, [3, 8, 12, 16, 24, 48]]
[112, [4, 6, 9, 12, 27, 54]]
[113, 0]
[114, [3, 6, 9, 24, 72]]
[115, 0]
[116, 0]
[117, 0]
[118, [2, 8, 36, 72]]
[119, 0]
[120, [2, 16, 18, 36, 48]]
[121, 0]
[122, 0]
[123, 0]
[124, [3, 4, 27, 36, 54]]
[125, [3, 8, 9, 24, 27, 54]]
[126, 0]
[127, [4, 8, 9, 16, 18, 24, 48]]
[128, 0]
[129, 0]
[130, 0]
[131, [2, 12, 27, 36, 54]]
[132, 0]
[133, 0]
[134, 0]
[135, 0]
[136, 0]
[137, 0]
[138, [4, 8, 9, 12, 24, 27, 54]]
[139, [3, 4, 24, 36, 72]]
[140, [4, 6, 12, 16, 18, 36, 48]]
[141, [6, 8, 9, 12, 16, 18, 24, 48]]
[142, 0]
[143, 0]
[144, 0]
[145, [3, 6, 8, 32, 96]]
[146, [3, 8, 9, 18, 36, 72]]
[147, 0]
[148, 0]
[149, 0]
[150, 0]
[151, 0]
[152, 0]
[153, [3, 8, 16, 18, 24, 36, 48]]
[154, [4, 6, 9, 18, 27, 36, 54]]
[155, 0]
[156, [3, 8, 9, 16, 48, 72]]
[157, 0]
[158, [4, 6, 8, 12, 32, 96]]
[159, [3, 9, 12, 18, 27, 36, 54]]
[160, 0]
[161, 0]
[162, 0]
[163, 0]
[164, [3, 8, 12, 24, 27, 36, 54]]
[165, 0]
[166, [4, 8, 12, 16, 18, 24, 36, 48]]
[167, 0]
[168, 0]
[169, [3, 9, 12, 16, 27, 48, 54]]
[170, 0]
[171, 0]
[172, 0]
[173, [3, 6, 12, 24, 32, 96]]
[174, [3, 9, 12, 18, 24, 36, 72]]
[175, 0]
[176, 0]
[177, 0]
[178, 0]
[179, [4, 6, 9, 16, 24, 48, 72]]
[180, [4, 8, 9, 18, 24, 27, 36, 54]]
[181, 0]
[182, 0]
[183, [2, 16, 27, 36, 48, 54]]
[184, [3, 9, 12, 16, 24, 48, 72]]
[185, 0]
[186, 0]
[187, [3, 4, 18, 54, 108]]
[188, 0]
[189, [4, 6, 8, 18, 27, 54, 72]]
[190, [4, 8, 9, 16, 24, 27, 48, 54]]
[191, 0]
[192, 0]
[193, 0]
[194, [6, 8, 9, 12, 18, 24, 27, 36, 54]]
[195, [3, 8, 12, 16, 36, 48, 72]]
[196, [4, 6, 8, 16, 18, 144]]
[197, [2, 18, 24, 27, 54, 72]]
[198, [2, 16, 24, 36, 48, 72]]
[199, 0]
[200, [4, 6, 8, 18, 32, 36, 96]]
[201, [3, 6, 12, 18, 54, 108]]
[202, 0]
[203, [4, 6, 12, 16, 27, 36, 48, 54]]
[204, [6, 8, 9, 12, 16, 24, 27, 48, 54]]
[205, [3, 6, 16, 24, 36, 48, 72]]
[206, 0]
[207, 0]
[208, [2, 18, 24, 32, 36, 96]]
[209, [3, 8, 9, 27, 36, 54, 72]]
[210, [4, 6, 8, 16, 32, 48, 96]]
[211, [3, 9, 16, 18, 27, 36, 48, 54]]
[212, 0]
[213, 0]
[214, 0]
[215, [3, 6, 18, 24, 32, 36, 96]]
[216, [3, 8, 16, 24, 27, 36, 48, 54]]
[217, [4, 6, 12, 18, 24, 27, 54, 72]]
[218, [4, 6, 12, 16, 24, 36, 48, 72]]
[219, 0]
[220, 0]
[221, 0]
[222, [4, 8, 9, 12, 27, 36, 54, 72]]
[223, 0]
[224, [4, 9, 12, 16, 18, 27, 36, 48, 54]]
[225, [6, 8, 9, 12, 16, 18, 36, 48, 72]]
[226, [3, 9, 16, 18, 24, 36, 48, 72]]
[227, [3, 8, 12, 18, 24, 54, 108]]
[228, [4, 6, 12, 18, 24, 32, 36, 96]]
[229, [4, 8, 12, 16, 24, 27, 36, 48, 54]]
[230, 0]
[231, [4, 8, 9, 16, 18, 32, 48, 96]]
[232, [4, 6, 9, 24, 27, 36, 54, 72]]
[233, 0]
[234, 0]
[235, 0]
[236, 0]
[237, [3, 9, 12, 24, 27, 36, 54, 72]]
[238, [4, 6, 12, 16, 24, 32, 48, 96]]
[239, [4, 9, 12, 16, 18, 24, 36, 48, 72]]
[240, 0]
[241, 0]
[242, [4, 8, 9, 12, 27, 32, 54, 96]]
[243, [3, 4, 32, 36, 72, 96]]
[244, [3, 8, 9, 24, 32, 72, 96]]
[245, [6, 8, 9, 12, 16, 18, 32, 48, 96]]
[246, [6, 8, 9, 16, 18, 24, 27, 36, 48, 54]]
[247, 0]
[248, 0]
[249, 0]
[250, [2, 12, 32, 36, 72, 96]]
[251, [3, 6, 8, 54, 72, 108]]
[252, [4, 6, 9, 24, 27, 32, 54, 96]]
[253, [3, 6, 16, 18, 48, 54, 108]]
[254, 0]
[255, [4, 8, 9, 12, 24, 36, 54, 108]]
[256, 0]
[257, [3, 8, 16, 18, 32, 36, 48, 96]]
[258, 0]
[259, [4, 8, 12, 16, 18, 27, 48, 54, 72]]
[260, [3, 6, 8, 27, 216]]
[261, 0]
[262, 0]
[263, [4, 6, 8, 27, 32, 36, 54, 96]]
[264, [4, 6, 8, 12, 54, 72, 108]]
[265, [3, 4, 24, 54, 72, 108]]
[266, [4, 6, 12, 16, 18, 48, 54, 108]]
[267, [2, 16, 24, 27, 54, 144]]
[268, [3, 8, 12, 27, 32, 36, 54, 96]]
[269, [4, 6, 16, 18, 24, 27, 48, 54, 72]]
[270, [4, 8, 12, 16, 18, 32, 36, 48, 96]]
[271, [2, 24, 27, 32, 36, 54, 96]]
[272, [3, 8, 9, 18, 54, 72, 108]]
[273, [4, 6, 9, 18, 32, 36, 72, 96]]
[274, [3, 12, 16, 18, 24, 27, 48, 54, 72]]
[275, 0]
[276, 0]
[277, 0]
[278, [3, 6, 24, 27, 32, 36, 54, 96]]
[279, [3, 8, 16, 18, 24, 48, 54, 108]]
[280, [4, 6, 16, 18, 24, 32, 36, 48, 96]]
[281, [4, 6, 9, 16, 36, 48, 54, 108]]
[282, 0]
[283, [3, 8, 12, 24, 32, 36, 72, 96]]
[284, [4, 8, 9, 18, 27, 32, 36, 54, 96]]
[285, [3, 12, 16, 18, 24, 32, 36, 48, 96]]
[286, [3, 9, 12, 16, 36, 48, 54, 108]]
[287, [4, 6, 12, 16, 24, 27, 54, 144]]
[288, [6, 8, 9, 12, 16, 27, 36, 48, 54, 72]]
[289, [3, 9, 16, 24, 27, 36, 48, 54, 72]]
[290, 0]
[291, [4, 6, 12, 24, 27, 32, 36, 54, 96]]
[292, [4, 8, 12, 16, 18, 24, 48, 54, 108]]
[293, [3, 6, 12, 16, 64, 192]]
[294, [4, 8, 9, 16, 27, 32, 48, 54, 96]]
[295, [4, 6, 9, 18, 24, 54, 72, 108]]
[296, 0]
[297, 0]
[298, [6, 8, 9, 12, 18, 27, 32, 36, 54, 96]]
[299, [3, 9, 18, 24, 27, 32, 36, 54, 96]]
[300, [3, 9, 12, 18, 24, 54, 72, 108]]
[301, [2, 18, 27, 32, 54, 72, 96]]
[302, [4, 9, 12, 16, 24, 27, 36, 48, 54, 72]]
[303, 0]
[304, [4, 6, 9, 18, 24, 27, 216]]
[305, 0]
[306, [4, 6, 8, 18, 36, 54, 72, 108]]
[307, [4, 8, 9, 16, 24, 36, 48, 54, 108]]
[308, [6, 8, 9, 12, 16, 27, 32, 48, 54, 96]]
[309, [3, 9, 16, 24, 27, 32, 48, 54, 96]]
[310, [4, 6, 9, 18, 27, 48, 54, 144]]
[311, [3, 8, 12, 18, 36, 54, 72, 108]]
[312, [4, 9, 12, 18, 24, 27, 32, 36, 54, 96]]
[313, [6, 8, 9, 12, 18, 24, 32, 36, 72, 96]]
[314, [2, 18, 24, 36, 54, 72, 108]]
[315, [3, 9, 12, 18, 27, 48, 54, 144]]
[316, [4, 6, 8, 16, 48, 54, 72, 108]]
[317, 0]
[318, 0]
[319, [4, 8, 12, 16, 18, 27, 36, 54, 144]]
[320, [3, 8, 16, 27, 32, 36, 48, 54, 96]]
[321, [4, 6, 12, 18, 27, 32, 54, 72, 96]]
[322, [4, 9, 12, 16, 24, 27, 32, 48, 54, 96]]
[323, [6, 8, 9, 12, 16, 24, 32, 48, 72, 96]]
[324, [2, 16, 24, 48, 54, 72, 108]]
[325, [4, 6, 9, 18, 24, 48, 72, 144]]
[326, [4, 6, 8, 18, 32, 54, 96, 108]]
[327, [4, 8, 9, 12, 24, 27, 81, 162]]
[328, [4, 6, 12, 16, 18, 32, 96, 144]]
[329, [4, 6, 16, 18, 24, 27, 36, 54, 144]]
[330, [3, 9, 16, 18, 32, 36, 48, 72, 96]]
[331, [3, 6, 16, 24, 48, 54, 72, 108]]
[332, [4, 6, 9, 16, 27, 54, 72, 144]]
[333, [4, 8, 12, 16, 27, 32, 36, 48, 54, 96]]
[334, [3, 8, 18, 24, 27, 32, 54, 72, 96]]
[335, [3, 8, 16, 24, 32, 36, 48, 72, 96]]
[336, [4, 6, 9, 27, 32, 36, 54, 72, 96]]
[337, [4, 8, 9, 16, 18, 48, 54, 72, 108]]
[338, 0]
[339, 0]
[340, [3, 6, 16, 24, 27, 48, 216]]
[341, [3, 9, 12, 27, 32, 36, 54, 72, 96]]
[342, [3, 8, 9, 16, 54, 108, 144]]
[343, [4, 6, 16, 24, 27, 32, 36, 48, 54, 96]]
[344, [4, 6, 12, 16, 24, 48, 54, 72, 108]]
[345, 0]
[346, [3, 8, 9, 32, 36, 54, 96, 108]]
[347, [4, 8, 12, 18, 24, 27, 32, 54, 72, 96]]
[348, [3, 12, 16, 24, 27, 32, 36, 48, 54, 96]]
[349, [4, 6, 12, 18, 27, 36, 48, 54, 144]]
[350, [6, 8, 9, 16, 18, 27, 32, 36, 48, 54, 96]]
[351, [6, 8, 9, 12, 16, 18, 48, 54, 72, 108]]
[352, [3, 9, 16, 18, 24, 48, 54, 72, 108]]
[353, [3, 8, 12, 24, 27, 36, 81, 162]]
[354, [4, 6, 12, 18, 24, 32, 54, 96, 108]]
[355, [4, 8, 9, 12, 16, 54, 108, 144]]
[356, [4, 6, 8, 18, 32, 48, 96, 144]]
[357, 0]
[358, [4, 8, 9, 16, 24, 27, 54, 72, 144]]
[359, [4, 8, 9, 12, 32, 36, 54, 96, 108]]
[360, [6, 8, 9, 12, 16, 18, 27, 48, 216]]
[361, [3, 8, 12, 18, 32, 48, 96, 144]]
[362, [4, 8, 9, 24, 27, 32, 36, 54, 72, 96]]
[363, [3, 8, 16, 18, 36, 48, 54, 72, 108]]
[364, [4, 9, 16, 18, 24, 27, 32, 36, 48, 54, 96]]
[365, [6, 8, 9, 16, 18, 24, 32, 36, 48, 72, 96]]
[366, [3, 6, 9, 24, 108, 216]]
[367, 0]
[368, 0]
[369, [4, 6, 9, 24, 32, 36, 54, 96, 108]]
[370, [3, 9, 12, 16, 24, 54, 108, 144]]
[371, [4, 6, 12, 16, 27, 36, 54, 72, 144]]
[372, [6, 8, 9, 12, 16, 24, 27, 54, 72, 144]]
[373, [4, 6, 16, 18, 27, 32, 48, 54, 72, 96]]
[374, [3, 9, 12, 24, 32, 36, 54, 96, 108]]
[375, [4, 8, 12, 18, 24, 27, 36, 48, 54, 144]]
[376, [6, 8, 9, 12, 24, 27, 32, 36, 54, 72, 96]]
[377, [3, 9, 12, 16, 27, 54, 64, 192]]
[378, [6, 9, 12, 16, 18, 24, 27, 32, 36, 48, 54, 96]]
[379, [3, 9, 16, 18, 27, 36, 54, 72, 144]]
[380, 0]
[381, [3, 8, 12, 16, 36, 54, 108, 144]]
[382, 0]
[383, [3, 8, 16, 18, 32, 48, 54, 96, 108]]
[384, [3, 8, 16, 24, 27, 36, 54, 72, 144]]
[385, [4, 6, 9, 12, 48, 54, 108, 144]]
[386, [4, 6, 16, 18, 24, 36, 48, 54, 72, 108]]
[387, [4, 6, 9, 16, 24, 64, 72, 192]]
[388, [4, 6, 9, 24, 27, 48, 54, 72, 144]]
[389, [4, 8, 9, 12, 32, 36, 48, 96, 144]]
[390, [3, 6, 12, 18, 81, 108, 162]]
[391, [3, 12, 16, 18, 24, 36, 48, 54, 72, 108]]
[392, [4, 9, 12, 16, 18, 27, 36, 54, 72, 144]]
[393, [3, 9, 16, 27, 32, 36, 48, 54, 72, 96]]
[394, [3, 6, 9, 48, 64, 72, 192]]
[395, [4, 6, 16, 18, 24, 27, 36, 48, 216]]
[396, [4, 8, 12, 16, 18, 32, 48, 54, 96, 108]]
[397, [4, 8, 12, 16, 24, 27, 36, 54, 72, 144]]
[398, [3, 8, 9, 24, 48, 54, 108, 144]]
[399, [4, 8, 16, 18, 24, 27, 32, 48, 54, 72, 96]]
[400, [3, 9, 16, 18, 27, 36, 48, 81, 162]]
[401, 0]
[402, 0]
[403, [3, 8, 12, 16, 36, 64, 72, 192]]
[404, [3, 9, 12, 18, 32, 54, 72, 96, 108]]
[405, [3, 8, 16, 24, 27, 36, 48, 81, 162]]
[406, [4, 9, 12, 16, 27, 32, 36, 48, 54, 72, 96]]
[407, [2, 24, 27, 36, 48, 54, 72, 144]]
[408, [4, 6, 9, 18, 27, 32, 96, 216]]
[409, [3, 8, 12, 24, 32, 54, 72, 96, 108]]
[410, 0]
[411, [3, 12, 16, 18, 24, 32, 48, 54, 96, 108]]
[412, [4, 9, 12, 16, 18, 27, 32, 54, 96, 144]]
[413, [6, 8, 12, 16, 18, 24, 27, 32, 48, 54, 72, 96]]
[414, [6, 8, 9, 16, 18, 24, 27, 36, 54, 72, 144]]
[415, 0]
[416, [3, 8, 12, 18, 24, 81, 108, 162]]
[417, [4, 8, 12, 16, 24, 27, 32, 54, 96, 144]]
[418, [2, 18, 32, 36, 54, 72, 96, 108]]
[419, [4, 6, 8, 27, 32, 48, 54, 96, 144]]
[420, [4, 8, 9, 18, 27, 36, 48, 54, 72, 144]]
[421, [3, 6, 16, 18, 54, 72, 108, 144]]
[422, 0]
[423, [3, 8, 12, 16, 32, 64, 96, 192]]
[424, [3, 8, 12, 27, 32, 48, 54, 96, 144]]
[425, [6, 8, 9, 12, 16, 32, 36, 48, 54, 96, 108]]
[426, [3, 9, 16, 24, 32, 36, 48, 54, 96, 108]]
[427, [4, 6, 12, 24, 27, 36, 48, 54, 72, 144]]
[428, [6, 8, 9, 16, 24, 27, 32, 36, 48, 54, 72, 96]]
[429, [4, 6, 9, 18, 32, 48, 72, 96, 144]]
[430, [3, 6, 16, 18, 27, 144, 216]]
[431, [4, 8, 9, 12, 27, 32, 81, 96, 162]]
[432, [3, 9, 12, 18, 36, 48, 54, 108, 144]]
[433, [4, 6, 16, 18, 27, 32, 36, 54, 96, 144]]
[434, [6, 8, 9, 12, 18, 27, 36, 48, 54, 72, 144]]
[435, [3, 6, 16, 32, 48, 54, 72, 96, 108]]
[436, [3, 9, 12, 16, 24, 48, 108, 216]]
[437, [3, 8, 12, 24, 36, 48, 54, 108, 144]]
[438, [4, 6, 12, 18, 32, 36, 54, 72, 96, 108]]
[439, [4, 9, 12, 16, 24, 32, 36, 48, 54, 96, 108]]
[440, [4, 8, 9, 18, 27, 32, 48, 54, 96, 144]]
[441, [4, 6, 9, 24, 27, 32, 81, 96, 162]]
[442, [3, 6, 16, 18, 48, 81, 108, 162]]
[443, [2, 9, 36, 72, 108, 216]]
[444, [4, 8, 9, 12, 24, 36, 81, 108, 162]]
[445, [3, 9, 16, 18, 27, 36, 48, 72, 216]]
[446, [3, 9, 12, 24, 27, 32, 81, 96, 162]]
[447, [4, 6, 12, 24, 27, 32, 48, 54, 96, 144]]
[448, [4, 6, 12, 16, 32, 48, 54, 72, 96, 108]]
[449, [4, 6, 9, 16, 36, 54, 72, 108, 144]]
[450, [3, 8, 16, 24, 27, 36, 48, 72, 216]]
[451, [3, 8, 18, 24, 32, 36, 54, 72, 96, 108]]
[452, [4, 6, 8, 27, 32, 36, 81, 96, 162]]
[453, [3, 12, 16, 18, 24, 32, 36, 72, 96, 144]]
[454, [6, 8, 9, 12, 18, 27, 32, 48, 54, 96, 144]]
[455, [3, 9, 18, 24, 27, 32, 48, 54, 96, 144]]
[456, [3, 9, 16, 18, 32, 48, 54, 72, 96, 108]]
[457, [3, 8, 12, 27, 32, 36, 81, 96, 162]]
[458, [4, 6, 16, 18, 24, 27, 48, 72, 81, 162]]
[459, [4, 8, 16, 18, 24, 27, 32, 36, 54, 96, 144]]
[460, [4, 8, 12, 16, 18, 24, 54, 72, 108, 144]]
[461, [3, 8, 16, 24, 32, 48, 54, 72, 96, 108]]
[462, [4, 8, 9, 16, 27, 32, 54, 72, 96, 144]]
[463, [3, 12, 16, 18, 24, 27, 48, 72, 81, 162]]
[464, [4, 8, 12, 18, 24, 32, 36, 54, 72, 96, 108]]
[465, [3, 8, 16, 18, 32, 36, 64, 96, 192]]
[466, [3, 8, 18, 27, 32, 36, 48, 54, 96, 144]]
[467, [6, 8, 9, 12, 18, 24, 36, 48, 54, 108, 144]]
[468, [4, 9, 12, 18, 24, 27, 32, 48, 54, 96, 144]]
[469, [4, 9, 12, 16, 18, 32, 48, 54, 72, 96, 108]]
[470, [2, 18, 24, 48, 54, 72, 108, 144]]
[471, [4, 6, 8, 18, 27, 48, 144, 216]]
[472, 0]
[473, [6, 8, 12, 16, 18, 24, 27, 32, 36, 54, 96, 144]]
[474, [4, 8, 12, 16, 24, 32, 48, 54, 72, 96, 108]]
[475, [4, 8, 9, 16, 24, 36, 54, 72, 108, 144]]
[476, [6, 8, 9, 12, 16, 27, 32, 54, 72, 96, 144]]
[477, [3, 9, 16, 24, 27, 32, 54, 72, 96, 144]]
[478, [3, 9, 16, 24, 27, 36, 48, 72, 81, 162]]
[479, [4, 8, 12, 18, 27, 32, 36, 48, 54, 96, 144]]
[480, [4, 6, 12, 24, 27, 32, 36, 81, 96, 162]]
[481, [3, 8, 18, 24, 32, 36, 48, 72, 96, 144]]
[482, [3, 8, 9, 36, 48, 54, 72, 108, 144]]
[483, [4, 8, 9, 16, 27, 32, 48, 81, 96, 162]]
[484, [4, 6, 9, 18, 24, 72, 81, 108, 162]]
[485, 0]
[486, [4, 6, 9, 24, 27, 32, 72, 96, 216]]
[487, [6, 8, 9, 12, 18, 27, 32, 36, 81, 96, 162]]
[488, [3, 8, 16, 27, 32, 36, 54, 72, 96, 144]]
[489, [4, 6, 18, 24, 27, 32, 36, 48, 54, 96, 144]]
[490, [4, 6, 16, 18, 32, 36, 48, 54, 72, 96, 108]]
[491, [6, 8, 9, 16, 18, 24, 32, 48, 54, 72, 96, 108]]
[492, [4, 6, 9, 27, 32, 48, 54, 72, 96, 144]]
[493, [3, 12, 16, 18, 24, 32, 36, 64, 96, 192]]
[494, [3, 12, 18, 24, 27, 32, 36, 48, 54, 96, 144]]
[495, [3, 12, 16, 18, 32, 36, 48, 54, 72, 96, 108]]
[496, [4, 8, 9, 16, 24, 36, 48, 81, 108, 162]]
[497, [3, 9, 12, 27, 32, 48, 54, 72, 96, 144]]
[498, [3, 9, 16, 24, 27, 32, 48, 81, 96, 162]]
[499, [4, 6, 9, 18, 27, 48, 81, 144, 162]]
[500, [3, 8, 12, 18, 36, 72, 81, 108, 162]]
[501, [4, 8, 12, 16, 27, 32, 36, 54, 72, 96, 144]]
[502, [3, 8, 9, 32, 48, 54, 96, 108, 144]]
[503, [2, 18, 24, 36, 72, 81, 108, 162]]
[504, [3, 9, 12, 18, 27, 48, 81, 144, 162]]
[505, [4, 6, 9, 24, 36, 48, 54, 72, 108, 144]]
[506, [3, 8, 12, 18, 27, 54, 96, 288]]
[507, [3, 8, 12, 18, 48, 54, 64, 108, 192]]
[508, [4, 6, 12, 16, 32, 36, 54, 96, 108, 144]]
[509, [6, 8, 9, 12, 16, 24, 32, 54, 96, 108, 144]]
[510, [3, 9, 12, 24, 36, 48, 54, 72, 108, 144]]
[511, [4, 6, 16, 24, 27, 32, 36, 54, 72, 96, 144]]
[512, [4, 6, 9, 27, 36, 48, 54, 64, 72, 192]]
[513, [2, 16, 24, 48, 72, 81, 108, 162]]
[514, [4, 6, 9, 18, 27, 54, 72, 108, 216]]
[515, [4, 8, 9, 12, 32, 48, 54, 96, 108, 144]]
[516, [4, 8, 16, 18, 24, 32, 36, 48, 54, 72, 96, 108]]
[517, [3, 9, 12, 27, 36, 48, 54, 64, 72, 192]]
[518, [6, 8, 9, 16, 18, 27, 32, 36, 54, 72, 96, 144]]
[519, [4, 6, 9, 16, 36, 48, 64, 144, 192]]
[520, [3, 6, 16, 24, 48, 72, 81, 108, 162]]
[521, [3, 8, 16, 24, 32, 36, 54, 96, 108, 144]]
[522, [4, 8, 12, 16, 27, 32, 36, 48, 81, 96, 162]]
[523, [3, 8, 18, 24, 27, 32, 72, 81, 96, 162]]
[524, [3, 8, 9, 27, 54, 72, 81, 108, 162]]
[525, [4, 6, 9, 24, 32, 48, 54, 96, 108, 144]]
[526, [3, 9, 16, 18, 27, 48, 54, 81, 108, 162]]
[527, 0]
[528, [3, 8, 16, 27, 32, 36, 54, 64, 96, 192]]
[529, [4, 9, 12, 16, 18, 32, 36, 54, 96, 108, 144]]
[530, [6, 8, 12, 16, 18, 24, 32, 36, 48, 54, 72, 96, 108]]
[531, [4, 6, 12, 27, 32, 36, 48, 54, 72, 96, 144]]
[532, [4, 9, 16, 18, 24, 27, 32, 36, 54, 72, 96, 144]]
[533, [4, 6, 12, 16, 24, 48, 72, 81, 108, 162]]
[534, [4, 8, 12, 16, 24, 32, 36, 54, 96, 108, 144]]
[535, [3, 8, 9, 32, 36, 81, 96, 108, 162]]
[536, [4, 6, 8, 32, 36, 48, 54, 96, 108, 144]]
[537, [3, 12, 16, 24, 27, 32, 36, 48, 81, 96, 162]]
[538, [4, 6, 12, 18, 27, 36, 48, 81, 144, 162]]
[539, [3, 9, 18, 27, 32, 36, 48, 54, 72, 96, 144]]
[540, [6, 8, 9, 12, 16, 18, 48, 72, 81, 108, 162]]
[541, [3, 8, 12, 32, 36, 48, 54, 96, 108, 144]]
[542, [6, 8, 9, 12, 16, 27, 32, 48, 72, 96, 216]]
[543, [4, 6, 12, 18, 24, 32, 81, 96, 108, 162]]
[544, [3, 8, 24, 27, 32, 36, 48, 54, 72, 96, 144]]
[545, [4, 6, 9, 24, 36, 48, 54, 64, 108, 192]]
[546, [6, 9, 12, 16, 18, 24, 27, 32, 36, 54, 72, 96, 144]]
[547, [4, 6, 9, 24, 27, 54, 72, 81, 108, 162]]
[548, [4, 8, 9, 12, 32, 36, 81, 96, 108, 162]]
[549, [3, 8, 12, 18, 36, 64, 72, 144, 192]]
[550, [3, 9, 12, 24, 36, 48, 54, 64, 108, 192]]
[551, [6, 8, 9, 16, 18, 24, 32, 36, 54, 96, 108, 144]]
[552, [4, 9, 12, 18, 27, 32, 36, 48, 54, 72, 96, 144]]
[553, [4, 9, 16, 18, 24, 27, 32, 36, 48, 81, 96, 162]]
[554, [4, 9, 12, 16, 18, 24, 48, 72, 81, 108, 162]]
[555, [6, 8, 9, 12, 16, 24, 36, 48, 72, 108, 216]]
[556, [3, 12, 16, 24, 27, 32, 36, 54, 64, 96, 192]]
[557, [4, 8, 12, 24, 27, 32, 36, 48, 54, 72, 96, 144]]
[558, [4, 6, 8, 27, 36, 54, 72, 81, 108, 162]]
[559, [3, 9, 12, 16, 24, 81, 108, 144, 162]]
[560, [4, 6, 16, 18, 27, 36, 48, 54, 81, 108, 162]]
[561, [6, 8, 9, 16, 18, 24, 27, 48, 54, 81, 108, 162]]
[562, [4, 6, 16, 18, 27, 32, 48, 72, 81, 96, 162]]
[563, [3, 8, 12, 27, 36, 54, 72, 81, 108, 162]]
[564, [4, 6, 12, 24, 32, 36, 48, 54, 96, 108, 144]]
[565, [6, 8, 9, 12, 24, 27, 32, 36, 72, 81, 96, 162]]
[566, [2, 24, 27, 36, 54, 72, 81, 108, 162]]
[567, [6, 9, 12, 16, 18, 24, 27, 32, 36, 48, 81, 96, 162]]
[568, [3, 9, 16, 18, 27, 36, 72, 81, 144, 162]]
[569, [3, 6, 16, 24, 48, 64, 72, 144, 192]]
[570, [3, 8, 12, 16, 36, 81, 108, 144, 162]]
[571, [6, 8, 9, 12, 18, 32, 36, 48, 54, 96, 108, 144]]
[572, [3, 9, 18, 24, 32, 36, 48, 54, 96, 108, 144]]
[573, [3, 6, 24, 27, 36, 54, 72, 81, 108, 162]]
[574, [6, 8, 9, 18, 24, 27, 32, 36, 48, 54, 72, 96, 144]]
[575, [4, 6, 16, 18, 24, 36, 48, 72, 81, 108, 162]]
[576, [3, 8, 16, 24, 27, 48, 54, 72, 108, 216]]
[577, [4, 6, 9, 24, 27, 48, 72, 81, 144, 162]]
[578, [4, 6, 8, 27, 32, 54, 81, 96, 108, 162]]
[579, [3, 12, 16, 18, 24, 32, 54, 72, 96, 108, 144]]
[580, [3, 12, 16, 18, 24, 36, 48, 72, 81, 108, 162]]
[581, [3, 6, 18, 32, 48, 54, 72, 96, 108, 144]]
[582, [3, 9, 16, 27, 32, 36, 48, 72, 81, 96, 162]]
[583, [3, 8, 12, 27, 32, 54, 81, 96, 108, 162]]
[584, [3, 8, 24, 27, 32, 36, 48, 54, 64, 96, 192]]
[585, [4, 9, 12, 18, 24, 32, 36, 48, 54, 96, 108, 144]]
[586, [4, 8, 16, 18, 24, 27, 36, 48, 54, 81, 108, 162]]
[587, [3, 8, 9, 24, 48, 81, 108, 144, 162]]
[588, [4, 8, 16, 18, 24, 27, 32, 48, 72, 81, 96, 162]]
[589, [4, 8, 9, 16, 27, 48, 54, 72, 81, 108, 162]]
[590, [3, 9, 16, 18, 24, 48, 64, 72, 144, 192]]
[591, [3, 8, 16, 18, 32, 54, 64, 96, 108, 192]]
[592, [4, 9, 12, 18, 27, 32, 36, 48, 54, 64, 96, 192]]
[593, [6, 8, 9, 12, 16, 32, 36, 54, 72, 96, 108, 144]]
[594, [3, 9, 16, 24, 32, 36, 54, 72, 96, 108, 144]]
[595, [4, 9, 12, 16, 27, 32, 36, 48, 72, 81, 96, 162]]
[596, [2, 24, 27, 36, 48, 72, 81, 144, 162]]
[597, [4, 8, 12, 24, 27, 32, 36, 48, 54, 64, 96, 192]]
[598, [3, 8, 12, 24, 32, 72, 81, 96, 108, 162]]
[599, [4, 8, 9, 18, 27, 32, 54, 81, 96, 108, 162]]
[600, [6, 8, 12, 16, 18, 24, 27, 36, 48, 54, 81, 108, 162]]
[601, [4, 9, 12, 16, 18, 27, 32, 81, 96, 144, 162]]
[602, [6, 8, 12, 16, 18, 24, 27, 32, 48, 72, 81, 96, 162]]
[603, [6, 8, 9, 12, 16, 27, 48, 54, 72, 81, 108, 162]]
[604, [3, 9, 16, 24, 27, 48, 54, 72, 81, 108, 162]]
[605, [3, 4, 36, 54, 64, 108, 144, 192]]
[606, [4, 6, 12, 24, 27, 32, 54, 81, 96, 108, 162]]
[607, [4, 9, 12, 16, 24, 32, 36, 54, 72, 96, 108, 144]]
[608, [4, 6, 8, 27, 32, 48, 81, 96, 144, 162]]
[609, [4, 6, 9, 32, 36, 48, 54, 72, 96, 108, 144]]
[610, [3, 6, 16, 18, 72, 81, 108, 144, 162]]
[611, [3, 9, 12, 16, 27, 64, 72, 192, 216]]
[612, [3, 8, 12, 27, 36, 54, 64, 72, 144, 192]]
[613, [6, 8, 9, 12, 18, 27, 32, 54, 81, 96, 108, 162]]
[614, [3, 9, 12, 32, 36, 48, 54, 72, 96, 108, 144]]
[615, [3, 8, 16, 27, 36, 48, 54, 72, 81, 108, 162]]
[616, [4, 6, 12, 24, 27, 36, 48, 72, 81, 144, 162]]
[617, [6, 8, 9, 16, 24, 27, 32, 36, 48, 72, 81, 96, 162]]
[618, [4, 6, 9, 27, 32, 36, 48, 96, 144, 216]]
[619, [3, 12, 16, 18, 24, 32, 54, 64, 96, 108, 192]]
[620, [4, 8, 12, 18, 24, 32, 48, 54, 72, 96, 108, 144]]
[621, [3, 9, 12, 18, 36, 48, 81, 108, 144, 162]]
[622, [4, 6, 16, 18, 27, 32, 36, 81, 96, 144, 162]]
[623, [6, 8, 9, 12, 18, 27, 36, 48, 72, 81, 144, 162]]
[624, [3, 6, 16, 32, 48, 72, 81, 96, 108, 162]]
[625, [3, 8, 18, 27, 32, 36, 54, 81, 96, 108, 162]]
[626, [3, 8, 12, 24, 36, 48, 81, 108, 144, 162]]
[627, [4, 9, 12, 18, 24, 27, 32, 54, 81, 96, 108, 162]]
[628, [4, 8, 12, 16, 27, 36, 48, 54, 72, 81, 108, 162]]
[629, [4, 8, 9, 18, 27, 32, 48, 81, 96, 144, 162]]
[630, [3, 12, 16, 18, 27, 32, 48, 54, 96, 108, 216]]
[631, [4, 8, 16, 18, 24, 27, 36, 48, 54, 72, 108, 216]]
[632, [3, 8, 12, 27, 32, 54, 64, 96, 144, 192]]
[633, [6, 8, 9, 12, 16, 32, 36, 54, 64, 96, 108, 192]]
[634, [4, 8, 12, 16, 18, 27, 54, 81, 108, 144, 162]]
[635, [4, 8, 9, 24, 32, 36, 48, 54, 72, 96, 108, 144]]
[636, [4, 6, 12, 24, 27, 32, 48, 81, 96, 144, 162]]
[637, [4, 6, 12, 16, 32, 48, 72, 81, 96, 108, 162]]
[638, [4, 6, 16, 24, 27, 36, 48, 54, 72, 81, 108, 162]]
[639, [3, 8, 9, 27, 48, 64, 72, 192, 216]]
[640, [3, 8, 18, 24, 32, 36, 72, 81, 96, 108, 162]]
[641, [3, 8, 16, 24, 32, 36, 54, 72, 108, 288]]
[642, [4, 8, 9, 18, 24, 36, 48, 81, 108, 144, 162]]
[643, [3, 12, 16, 24, 27, 36, 48, 54, 72, 81, 108, 162]]
[644, [3, 9, 18, 24, 27, 32, 48, 81, 96, 144, 162]]
[645, [6, 8, 9, 16, 18, 27, 36, 48, 54, 72, 81, 108, 162]]
[646, [4, 9, 12, 16, 18, 27, 32, 72, 96, 144, 216]]
[647, [4, 9, 12, 16, 24, 32, 36, 54, 64, 96, 108, 192]]
[648, [4, 6, 18, 24, 27, 32, 36, 54, 81, 96, 108, 162]]
[649, [6, 8, 9, 12, 24, 32, 36, 48, 54, 72, 96, 108, 144]]
[650, [3, 8, 16, 24, 32, 48, 72, 81, 96, 108, 162]]
[651, [4, 6, 9, 27, 32, 54, 72, 81, 96, 108, 162]]
[652, [6, 8, 9, 12, 16, 27, 48, 54, 64, 72, 144, 192]]
[653, [3, 12, 18, 24, 27, 32, 36, 54, 81, 96, 108, 162]]
[654, [3, 9, 12, 32, 36, 48, 54, 64, 96, 108, 192]]
[655, [3, 8, 18, 27, 32, 36, 48, 81, 96, 144, 162]]
[656, [3, 9, 12, 27, 32, 54, 72, 81, 96, 108, 162]]
[657, [4, 9, 12, 18, 24, 27, 32, 48, 81, 96, 144, 162]]
[658, [4, 6, 16, 24, 27, 32, 48, 54, 81, 96, 108, 162]]
[659, [4, 9, 16, 18, 24, 27, 36, 48, 54, 72, 81, 108, 162]]
[660, [4, 8, 12, 18, 24, 32, 48, 54, 64, 96, 108, 192]]
[661, [4, 8, 9, 18, 24, 36, 54, 64, 108, 144, 192]]
[662, [6, 8, 12, 16, 18, 24, 27, 32, 36, 81, 96, 144, 162]]
[663, [3, 12, 16, 24, 27, 32, 48, 54, 81, 96, 108, 162]]
[664, [3, 9, 16, 24, 27, 36, 54, 81, 108, 144, 162]]
[665, [6, 8, 9, 16, 18, 27, 32, 48, 54, 81, 96, 108, 162]]
[666, [3, 9, 16, 24, 27, 32, 72, 81, 96, 144, 162]]
[667, [4, 6, 16, 18, 27, 32, 36, 72, 96, 144, 216]]
[668, [4, 8, 12, 18, 27, 32, 36, 48, 81, 96, 144, 162]]
[669, [3, 8, 16, 24, 32, 54, 64, 72, 96, 108, 192]]
[670, [2, 27, 32, 36, 54, 72, 81, 96, 108, 162]]
[671, [3, 8, 9, 36, 48, 72, 81, 108, 144, 162]]
[672, [4, 9, 12, 18, 24, 27, 32, 54, 72, 96, 108, 216]]
[673, [6, 9, 12, 16, 18, 24, 27, 36, 48, 54, 72, 81, 108, 162]]
[674, [3, 8, 18, 27, 32, 36, 54, 64, 96, 144, 192]]
[675, [4, 8, 9, 24, 32, 36, 48, 54, 64, 96, 108, 192]]
[676, [4, 9, 12, 18, 24, 27, 32, 54, 64, 96, 144, 192]]
[677, [4, 8, 9, 24, 27, 32, 54, 72, 81, 96, 108, 162]]
[678, [4, 6, 18, 24, 27, 32, 36, 48, 81, 96, 144, 162]]
[679, [4, 9, 16, 18, 24, 27, 32, 48, 54, 81, 96, 108, 162]]
[680, [6, 8, 9, 16, 18, 24, 32, 48, 72, 81, 96, 108, 162]]
[681, [4, 6, 9, 27, 32, 48, 72, 81, 96, 144, 162]]
[682, [4, 8, 12, 16, 24, 32, 54, 64, 72, 96, 108, 192]]
[683, [3, 12, 18, 24, 27, 32, 36, 48, 81, 96, 144, 162]]
[684, [3, 12, 16, 18, 32, 36, 48, 72, 81, 96, 108, 162]]
[685, [6, 8, 9, 12, 16, 24, 48, 54, 64, 108, 144, 192]]
[686, [3, 9, 12, 27, 32, 48, 72, 81, 96, 144, 162]]
[687, [4, 6, 16, 24, 27, 36, 48, 54, 64, 72, 144, 192]]
[688, [6, 8, 9, 12, 18, 27, 32, 48, 72, 96, 144, 216]]
[689, [6, 8, 9, 12, 24, 32, 36, 48, 54, 64, 96, 108, 192]]
[690, [4, 8, 16, 18, 27, 32, 36, 48, 54, 81, 96, 108, 162]]
[691, [6, 8, 9, 12, 24, 27, 32, 54, 72, 81, 96, 108, 162]]
[692, [2, 24, 32, 48, 54, 64, 72, 96, 108, 192]]
[693, [6, 9, 12, 16, 18, 24, 27, 32, 48, 54, 81, 96, 108, 162]]
[694, [4, 6, 9, 24, 36, 48, 72, 81, 108, 144, 162]]
[695, [3, 6, 16, 18, 64, 72, 108, 192, 216]]
[696, [3, 8, 12, 18, 48, 64, 81, 108, 162, 192]]
[697, [4, 6, 12, 16, 32, 36, 81, 96, 108, 144, 162]]
[698, [3, 9, 18, 27, 32, 36, 54, 72, 81, 96, 108, 162]]
[699, [3, 9, 12, 24, 36, 48, 72, 81, 108, 144, 162]]
[700, [4, 6, 16, 24, 27, 32, 36, 72, 81, 96, 144, 162]]
[701, [4, 6, 9, 27, 36, 48, 64, 72, 81, 162, 192]]
[702, [3, 12, 18, 24, 27, 32, 36, 54, 64, 96, 144, 192]]
[703, [3, 8, 24, 27, 32, 36, 54, 72, 81, 96, 108, 162]]
[704, [6, 8, 12, 16, 18, 27, 32, 36, 48, 54, 81, 96, 108, 162]]
[705, [3, 16, 18, 24, 27, 32, 36, 48, 54, 81, 96, 108, 162]]
[706, [3, 9, 12, 27, 36, 48, 64, 72, 81, 162, 192]]
[707, [6, 8, 9, 16, 18, 27, 32, 36, 72, 81, 96, 144, 162]]
[708, [3, 9, 16, 27, 32, 48, 54, 72, 81, 96, 108, 162]]
[709, [3, 9, 16, 24, 27, 36, 54, 72, 108, 144, 216]]
[710, [3, 8, 16, 24, 32, 36, 81, 96, 108, 144, 162]]
[711, [4, 9, 12, 18, 27, 32, 36, 54, 72, 81, 96, 108, 162]]
[712, [4, 8, 12, 16, 24, 27, 54, 72, 81, 108, 144, 162]]
[713, [4, 6, 9, 24, 36, 54, 64, 72, 108, 144, 192]]
[714, [4, 6, 8, 27, 48, 54, 72, 81, 108, 144, 162]]
[715, [3, 9, 16, 18, 36, 48, 54, 72, 81, 162, 216]]
[716, [4, 8, 12, 24, 27, 32, 36, 54, 72, 81, 96, 108, 162]]
[717, [3, 8, 16, 27, 32, 36, 64, 81, 96, 162, 192]]
[718, [4, 12, 16, 18, 24, 27, 32, 36, 48, 54, 81, 96, 108, 162]]
[719, [6, 8, 12, 16, 18, 24, 32, 36, 48, 72, 81, 96, 108, 162]]
[720, [4, 6, 12, 27, 32, 36, 48, 72, 81, 96, 144, 162]]
[721, [4, 9, 12, 16, 27, 32, 48, 54, 72, 81, 96, 108, 162]]
[722, [2, 24, 27, 48, 54, 72, 81, 108, 144, 162]]
[723, [4, 8, 12, 16, 24, 32, 36, 81, 96, 108, 144, 162]]
[724, [4, 8, 16, 18, 24, 32, 36, 54, 64, 72, 96, 108, 192]]
[725, [4, 6, 8, 32, 36, 48, 81, 96, 108, 144, 162]]
[726, [4, 8, 9, 24, 27, 32, 54, 64, 72, 96, 144, 192]]
[727, [6, 8, 9, 16, 18, 24, 36, 48, 54, 64, 108, 144, 192]]
[728, [3, 9, 18, 27, 32, 36, 48, 72, 81, 96, 144, 162]]
[729, [6, 8, 9, 16, 18, 24, 27, 54, 72, 81, 108, 144, 162]]
[730, [3, 8, 12, 32, 36, 48, 81, 96, 108, 144, 162]]
[731, [3, 8, 18, 32, 36, 48, 54, 64, 72, 96, 108, 192]]
[732, [2, 16, 27, 48, 72, 81, 108, 162, 216]]
[733, [6, 8, 9, 18, 24, 27, 32, 36, 54, 72, 81, 96, 108, 162]]
[734, [4, 6, 9, 24, 36, 48, 64, 81, 108, 162, 192]]
[735, [6, 9, 12, 16, 18, 24, 27, 32, 36, 72, 81, 96, 144, 162]]
[736, [2, 16, 27, 48, 64, 81, 144, 162, 192]]
[737, [4, 8, 9, 12, 32, 36, 54, 96, 162, 324]]
[738, [6, 8, 12, 16, 18, 24, 32, 36, 54, 64, 72, 96, 108, 192]]
[739, [4, 8, 16, 18, 27, 32, 36, 48, 54, 64, 96, 144, 192]]
[740, [6, 8, 9, 16, 18, 24, 32, 36, 81, 96, 108, 144, 162]]
[741, [4, 9, 12, 18, 27, 32, 36, 48, 72, 81, 96, 144, 162]]
[742, [4, 6, 16, 27, 32, 36, 48, 54, 72, 81, 96, 108, 162]]
[743, [6, 8, 9, 16, 24, 27, 32, 48, 54, 72, 81, 96, 108, 162]]
[744, [4, 8, 12, 18, 32, 36, 48, 54, 64, 72, 96, 108, 192]]
[745, [3, 12, 16, 24, 27, 32, 36, 64, 81, 96, 162, 192]]
[746, [4, 8, 12, 24, 27, 32, 36, 48, 72, 81, 96, 144, 162]]
[747, [3, 12, 16, 27, 32, 36, 48, 54, 72, 81, 96, 108, 162]]
[748, [4, 6, 16, 18, 27, 32, 54, 81, 96, 108, 144, 162]]
[749, [6, 8, 9, 12, 18, 27, 48, 54, 72, 81, 108, 144, 162]]
[750, [3, 9, 18, 24, 27, 48, 54, 72, 81, 108, 144, 162]]
[751, [3, 9, 16, 24, 27, 32, 64, 72, 96, 192, 216]]
[752, [3, 8, 24, 27, 32, 36, 54, 64, 72, 96, 144, 192]]
[753, [4, 6, 12, 24, 32, 36, 48, 81, 96, 108, 144, 162]]
[754, [4, 8, 16, 18, 24, 27, 36, 54, 72, 81, 108, 144, 162]]
[755, [3, 12, 16, 18, 24, 48, 54, 64, 72, 108, 144, 192]]
[756, [4, 6, 12, 16, 27, 48, 64, 81, 144, 162, 192]]
[757, [3, 9, 16, 27, 32, 48, 54, 64, 72, 96, 144, 192]]
[758, [3, 6, 16, 27, 54, 64, 72, 108, 192, 216]]
[759, [3, 12, 18, 24, 32, 36, 48, 54, 64, 72, 96, 108, 192]]
[760, [6, 8, 9, 12, 18, 32, 36, 48, 81, 96, 108, 144, 162]]
[761, [3, 8, 18, 27, 36, 48, 54, 72, 81, 108, 144, 162]]
[762, [2, 24, 27, 48, 54, 64, 81, 108, 162, 192]]
[763, [4, 9, 16, 18, 27, 32, 36, 48, 54, 72, 81, 96, 108, 162]]
[764, [4, 6, 9, 18, 48, 64, 72, 81, 108, 162, 192]]
[765, [4, 8, 12, 24, 27, 32, 36, 54, 64, 72, 96, 144, 192]]
[766, [4, 6, 9, 27, 32, 48, 64, 72, 96, 192, 216]]
[767, [4, 12, 16, 18, 24, 27, 32, 36, 48, 54, 64, 96, 144, 192]]
[768, [4, 8, 16, 24, 27, 32, 36, 48, 54, 72, 81, 96, 108, 162]]
[769, [6, 8, 9, 12, 16, 36, 48, 54, 64, 72, 108, 144, 192]]
[770, [3, 6, 18, 32, 48, 72, 81, 96, 108, 144, 162]]
[771, [2, 16, 24, 54, 72, 81, 144, 162, 216]]
[772, [4, 6, 12, 24, 32, 36, 54, 64, 96, 108, 144, 192]]
[773, [3, 8, 24, 27, 32, 36, 48, 64, 81, 96, 162, 192]]
[774, [4, 8, 12, 18, 27, 36, 48, 54, 72, 81, 108, 144, 162]]
[775, [4, 8, 9, 16, 32, 48, 54, 64, 96, 108, 144, 192]]
[776, [3, 8, 9, 32, 48, 64, 96, 108, 192, 216]]
[777, [6, 9, 12, 16, 18, 27, 32, 36, 48, 54, 72, 81, 96, 108, 162]]
[778, [2, 24, 32, 36, 48, 72, 96, 108, 144, 216]]
[779, [6, 8, 9, 12, 18, 32, 36, 54, 64, 96, 108, 144, 192]]
[780, [3, 9, 18, 24, 32, 36, 54, 64, 96, 108, 144, 192]]
[781, [4, 9, 12, 16, 27, 32, 36, 54, 81, 96, 108, 144, 162]]
[782, [6, 8, 12, 16, 24, 27, 32, 36, 48, 54, 72, 81, 96, 108, 162]]
[783, [3, 9, 16, 24, 32, 36, 72, 81, 96, 108, 144, 162]]
[784, [4, 6, 18, 24, 27, 36, 48, 54, 72, 81, 108, 144, 162]]
[785, [4, 6, 9, 24, 27, 64, 72, 81, 144, 162, 192]]
[786, [4, 8, 12, 24, 27, 32, 36, 48, 64, 81, 96, 162, 192]]
[787, [3, 8, 18, 24, 32, 36, 54, 72, 108, 144, 288]]
[788, [6, 8, 12, 16, 18, 24, 27, 32, 54, 81, 96, 108, 144, 162]]
[789, [3, 12, 18, 24, 27, 36, 48, 54, 72, 81, 108, 144, 162]]
[790, [3, 9, 16, 24, 32, 48, 54, 64, 96, 108, 144, 192]]
[791, [4, 6, 16, 27, 32, 36, 48, 54, 64, 72, 96, 144, 192]]
[792, [6, 8, 9, 16, 24, 27, 32, 48, 54, 64, 72, 96, 144, 192]]
[793, [4, 9, 12, 18, 24, 32, 36, 54, 64, 96, 108, 144, 192]]
[794, [4, 8, 12, 18, 27, 32, 48, 54, 81, 96, 108, 144, 162]]
[795, [3, 8, 9, 24, 64, 81, 108, 144, 162, 192]]
[796, [4, 9, 12, 16, 24, 32, 36, 72, 81, 96, 108, 144, 162]]
[797, [4, 8, 9, 16, 27, 54, 64, 72, 81, 108, 162, 192]]
[798, [4, 6, 9, 32, 36, 48, 72, 81, 96, 108, 144, 162]]
[799, [6, 8, 9, 16, 18, 24, 27, 48, 64, 81, 144, 162, 192]]
[800, [4, 8, 12, 18, 24, 32, 36, 54, 72, 108, 144, 288]]
[801, [3, 8, 16, 32, 36, 48, 54, 64, 96, 108, 144, 192]]
[802, [4, 6, 12, 18, 32, 54, 64, 72, 96, 108, 144, 192]]
[803, [8, 9, 12, 16, 18, 24, 27, 32, 36, 48, 54, 72, 81, 96, 108, 162]]
[804, [4, 6, 18, 24, 27, 32, 48, 54, 81, 96, 108, 144, 162]]
[805, [6, 8, 9, 12, 18, 32, 36, 48, 72, 96, 108, 144, 216]]
[806, [3, 9, 18, 24, 32, 36, 48, 72, 96, 108, 144, 216]]
[807, [2, 24, 27, 48, 54, 64, 72, 108, 192, 216]]
[808, [6, 8, 12, 16, 18, 24, 27, 36, 54, 64, 81, 108, 162, 192]]
[809, [3, 12, 18, 24, 27, 32, 48, 54, 81, 96, 108, 144, 162]]
[810, [6, 8, 12, 16, 18, 24, 27, 32, 64, 72, 81, 96, 162, 192]]
[811, [6, 8, 9, 12, 16, 27, 54, 64, 72, 81, 108, 162, 192]]
[812, [4, 9, 16, 18, 27, 32, 36, 48, 54, 64, 72, 96, 144, 192]]
[813, [3, 9, 16, 27, 32, 36, 54, 72, 96, 108, 144, 216]]
[814, [4, 8, 12, 16, 32, 36, 48, 54, 64, 96, 108, 144, 192]]
[815, [3, 8, 18, 24, 32, 54, 64, 72, 96, 108, 144, 192]]
[816, [4, 8, 12, 16, 27, 32, 54, 72, 81, 96, 108, 144, 162]]
[817, [4, 8, 16, 24, 27, 32, 36, 48, 54, 64, 72, 96, 144, 192]]
[818, [3, 8, 24, 27, 32, 36, 48, 64, 72, 96, 192, 216]]
[819, [4, 9, 12, 18, 24, 32, 36, 48, 72, 96, 108, 144, 216]]
[820, [4, 8, 16, 18, 24, 27, 36, 48, 72, 81, 108, 162, 216]]
[821, [3, 8, 12, 27, 32, 64, 81, 96, 144, 162, 192]]
[822, [3, 9, 12, 32, 36, 54, 64, 72, 96, 108, 144, 192]]
[823, [6, 8, 9, 12, 27, 32, 36, 48, 54, 81, 96, 108, 144, 162]]
[824, [3, 9, 24, 27, 32, 36, 48, 54, 81, 96, 108, 144, 162]]
[825, [6, 8, 9, 16, 24, 27, 32, 36, 64, 72, 81, 96, 162, 192]]
[826, [4, 6, 16, 24, 27, 32, 54, 72, 81, 96, 108, 144, 162]]
[827, [4, 6, 9, 27, 48, 54, 64, 72, 81, 108, 162, 192]]
[828, [4, 8, 12, 18, 24, 32, 54, 64, 72, 96, 108, 144, 192]]
[829, [3, 12, 16, 24, 32, 36, 48, 54, 64, 96, 108, 144, 192]]
[830, [3, 8, 16, 18, 32, 54, 81, 96, 144, 162, 216]]
[831, [3, 12, 16, 24, 27, 32, 54, 72, 81, 96, 108, 144, 162]]
[832, [3, 9, 12, 27, 48, 54, 64, 72, 81, 108, 162, 192]]
[833, [6, 8, 9, 16, 18, 27, 32, 54, 72, 81, 96, 108, 144, 162]]
[834, [3, 8, 12, 24, 36, 64, 81, 108, 144, 162, 192]]
[835, [3, 9, 18, 24, 27, 48, 54, 64, 72, 108, 192, 216]]
[836, [4, 8, 12, 16, 27, 36, 54, 64, 72, 81, 108, 162, 192]]
[837, [4, 9, 12, 24, 27, 32, 36, 48, 54, 81, 96, 108, 144, 162]]
[838, [6, 8, 9, 12, 24, 32, 36, 48, 72, 81, 96, 108, 144, 162]]
[839, [3, 9, 12, 16, 48, 64, 81, 108, 144, 162, 192]]
[840, [4, 8, 16, 18, 24, 27, 32, 48, 81, 96, 108, 162, 216]]
[841, [6, 8, 9, 12, 16, 27, 48, 64, 72, 81, 144, 162, 192]]
[842, [3, 9, 16, 24, 27, 48, 64, 72, 81, 144, 162, 192]]
[843, [4, 8, 9, 24, 32, 36, 54, 64, 72, 96, 108, 144, 192]]
[844, [4, 6, 12, 24, 27, 32, 64, 81, 96, 144, 162, 192]]
[845, [4, 9, 16, 18, 24, 32, 36, 48, 54, 64, 96, 108, 144, 192]]
[846, [4, 6, 12, 27, 32, 48, 54, 72, 81, 96, 108, 144, 162]]
[847, [4, 9, 16, 18, 24, 27, 32, 54, 72, 81, 96, 108, 144, 162]]
[848, [6, 8, 9, 16, 24, 27, 32, 36, 54, 72, 96, 108, 144, 216]]
[849, [4, 8, 12, 18, 24, 32, 48, 64, 81, 96, 108, 162, 192]]
[850, [4, 8, 9, 18, 24, 36, 64, 81, 108, 144, 162, 192]]
[851, [3, 12, 16, 24, 27, 36, 54, 64, 72, 81, 108, 162, 192]]
[852, [8, 9, 12, 16, 18, 24, 27, 32, 36, 48, 54, 64, 72, 96, 144, 192]]
[853, [6, 8, 9, 16, 18, 27, 36, 54, 64, 72, 81, 108, 162, 192]]
[854, [3, 9, 18, 27, 32, 48, 54, 72, 81, 96, 108, 144, 162]]
[855, [4, 9, 12, 16, 24, 27, 48, 64, 72, 81, 144, 162, 192]]
[856, [4, 8, 12, 16, 27, 32, 54, 64, 81, 96, 108, 162, 192]]
[857, [6, 8, 9, 12, 24, 32, 36, 54, 64, 72, 96, 108, 144, 192]]
[858, [4, 8, 16, 18, 27, 32, 36, 54, 72, 81, 96, 108, 144, 162]]
[859, [3, 8, 24, 27, 32, 48, 54, 72, 81, 96, 108, 144, 162]]
[860, [4, 8, 9, 16, 24, 48, 64, 81, 108, 144, 162, 192]]
[861, [6, 9, 12, 16, 18, 24, 27, 32, 54, 72, 81, 96, 108, 144, 162]]
[862, [6, 9, 12, 16, 18, 24, 27, 32, 48, 54, 64, 72, 192, 288]]
[863, [3, 8, 18, 27, 32, 36, 64, 81, 96, 144, 162, 192]]
[864, [4, 8, 9, 24, 32, 36, 48, 64, 81, 96, 108, 162, 192]]
[865, [4, 9, 12, 18, 24, 27, 32, 64, 81, 96, 144, 162, 192]]
[866, [4, 6, 12, 27, 36, 48, 54, 64, 72, 81, 108, 162, 192]]
[867, [4, 9, 12, 18, 27, 32, 48, 54, 72, 81, 96, 108, 144, 162]]
[868, [6, 8, 9, 12, 27, 32, 36, 48, 54, 72, 96, 108, 144, 216]]
[869, [3, 9, 24, 27, 32, 36, 48, 54, 72, 96, 108, 144, 216]]
[870, [4, 6, 8, 27, 36, 54, 81, 96, 108, 162, 288]]
[871, [3, 12, 16, 24, 27, 32, 54, 64, 81, 96, 108, 162, 192]]
[872, [6, 8, 12, 16, 18, 27, 32, 36, 54, 72, 81, 96, 108, 144, 162]]
[873, [3, 16, 18, 24, 27, 32, 36, 54, 72, 81, 96, 108, 144, 162]]
[874, [3, 9, 16, 32, 36, 48, 54, 64, 72, 96, 108, 144, 192]]
[875, [2, 16, 32, 54, 72, 81, 96, 144, 162, 216]]
[876, [4, 6, 16, 24, 27, 36, 48, 64, 72, 81, 144, 162, 192]]
[877, [4, 8, 12, 16, 18, 36, 48, 81, 96, 108, 162, 288]]
[878, [6, 8, 9, 12, 24, 32, 36, 48, 64, 81, 96, 108, 162, 192]]
[879, [3, 8, 24, 27, 36, 48, 54, 64, 72, 81, 108, 162, 192]]
[880, [4, 8, 16, 18, 24, 32, 48, 54, 64, 72, 96, 108, 144, 192]]
[881, [6, 9, 12, 16, 18, 24, 27, 36, 54, 64, 72, 81, 108, 162, 192]]
[882, [4, 9, 12, 24, 27, 32, 36, 48, 54, 72, 96, 108, 144, 216]]
[883, [6, 8, 9, 16, 18, 27, 36, 48, 64, 72, 81, 144, 162, 192]]
[884, [3, 9, 12, 16, 48, 64, 72, 108, 144, 192, 216]]
[885, [3, 8, 18, 24, 27, 54, 64, 81, 108, 144, 162, 192]]
[886, [4, 12, 16, 18, 24, 27, 32, 36, 54, 72, 81, 96, 108, 144, 162]]
[887, [4, 9, 12, 16, 32, 36, 48, 54, 64, 72, 96, 108, 144, 192]]
[888, [4, 6, 18, 27, 32, 36, 48, 54, 72, 81, 96, 108, 144, 162]]
[889, [6, 8, 9, 18, 24, 27, 32, 48, 54, 72, 81, 96, 108, 144, 162]]
[890, [4, 8, 9, 16, 27, 48, 54, 64, 108, 144, 192, 216]]
[891, [3, 12, 18, 24, 27, 32, 36, 64, 81, 96, 144, 162, 192]]
[892, [4, 8, 12, 24, 27, 36, 48, 54, 64, 72, 81, 108, 162, 192]]
[893, [3, 12, 18, 27, 32, 36, 48, 54, 72, 81, 96, 108, 144, 162]]
[894, [6, 8, 12, 16, 18, 24, 32, 48, 54, 64, 72, 96, 108, 144, 192]]
[895, [4, 6, 12, 16, 32, 54, 72, 81, 96, 144, 162, 216]]
[896, [4, 6, 16, 24, 27, 32, 48, 64, 81, 96, 144, 162, 192]]
[897, [4, 9, 16, 18, 24, 27, 36, 48, 64, 72, 81, 144, 162, 192]]
[898, [4, 8, 16, 18, 27, 32, 36, 54, 64, 81, 96, 108, 162, 192]]
[899, [3, 8, 24, 27, 32, 48, 54, 64, 81, 96, 108, 162, 192]]
[900, [4, 6, 8, 27, 36, 48, 81, 96, 144, 162, 288]]
[901, [6, 9, 12, 16, 18, 24, 27, 32, 54, 64, 81, 96, 108, 162, 192]]
[902, [4, 6, 9, 24, 36, 64, 72, 81, 108, 144, 162, 192]]
[903, [6, 8, 9, 16, 18, 27, 32, 48, 64, 81, 96, 144, 162, 192]]
[904, [6, 8, 9, 12, 16, 27, 48, 54, 64, 108, 144, 192, 216]]
[905, [3, 9, 16, 24, 27, 48, 54, 64, 108, 144, 192, 216]]
[906, [3, 8, 18, 24, 36, 48, 54, 64, 81, 162, 192, 216]]
[907, [4, 9, 12, 18, 27, 32, 48, 54, 64, 81, 96, 108, 162, 192]]
[908, [6, 8, 9, 12, 18, 32, 48, 64, 72, 81, 96, 108, 162, 192]]
[909, [6, 8, 9, 16, 24, 32, 36, 48, 54, 64, 72, 96, 108, 144, 192]]
[910, [4, 9, 12, 18, 24, 27, 32, 64, 72, 96, 144, 192, 216]]
[911, [6, 9, 12, 16, 18, 24, 27, 36, 48, 64, 72, 81, 144, 162, 192]]
[912, [6, 8, 12, 16, 18, 27, 32, 36, 54, 64, 81, 96, 108, 162, 192]]
[913, [3, 16, 18, 24, 27, 32, 36, 54, 64, 81, 96, 108, 162, 192]]
[914, [4, 8, 18, 24, 27, 32, 36, 48, 54, 72, 81, 96, 108, 144, 162]]
[915, [4, 8, 9, 24, 27, 32, 64, 72, 81, 96, 144, 162, 192]]
[916, [3, 9, 16, 27, 32, 54, 64, 72, 81, 96, 108, 162, 192]]
[917, [4, 9, 16, 18, 24, 27, 32, 48, 64, 81, 96, 144, 162, 192]]
[918, [3, 9, 12, 27, 36, 48, 72, 81, 108, 144, 162, 216]]
[919, [6, 8, 9, 12, 16, 24, 48, 64, 72, 108, 144, 192, 216]]
[920, [3, 8, 18, 32, 36, 48, 64, 72, 81, 96, 108, 162, 192]]
[921, [4, 8, 12, 16, 24, 32, 54, 72, 81, 96, 144, 162, 216]]
[922, [4, 9, 12, 18, 24, 32, 48, 64, 72, 81, 96, 108, 162, 192]]
[923, [4, 6, 8, 32, 48, 54, 72, 81, 96, 144, 162, 216]]
[924, [4, 6, 16, 18, 27, 48, 54, 64, 81, 108, 144, 162, 192]]
[925, [3, 6, 16, 32, 48, 64, 96, 108, 144, 192, 216]]
[926, [4, 12, 16, 18, 24, 27, 32, 36, 54, 64, 81, 96, 108, 162, 192]]
[927, [6, 8, 12, 16, 18, 24, 32, 36, 64, 72, 81, 96, 108, 162, 192]]
[928, [6, 8, 12, 18, 24, 27, 32, 36, 48, 54, 72, 81, 96, 108, 144, 162]]
[929, [6, 8, 9, 18, 24, 27, 32, 48, 54, 64, 81, 96, 108, 162, 192]]
[930, [2, 24, 27, 54, 64, 72, 81, 108, 144, 162, 192]]
[931, [6, 9, 12, 16, 18, 24, 27, 32, 48, 64, 81, 96, 144, 162, 192]]
[932, [4, 9, 16, 18, 24, 27, 32, 54, 64, 72, 96, 108, 192, 216]]
[933, [3, 12, 18, 27, 32, 36, 48, 54, 64, 81, 96, 108, 162, 192]]
[934, [3, 8, 12, 24, 32, 72, 81, 108, 144, 162, 288]]
[935, [4, 6, 12, 16, 32, 54, 64, 81, 96, 162, 192, 216]]
[936, [3, 9, 18, 27, 32, 36, 64, 72, 81, 96, 144, 162, 192]]
[937, [3, 6, 24, 27, 54, 64, 72, 81, 108, 144, 162, 192]]
[938, [3, 8, 12, 32, 36, 64, 81, 96, 108, 144, 162, 192]]
[939, [4, 6, 16, 18, 24, 48, 64, 72, 81, 108, 144, 162, 192]]
[940, [2, 16, 27, 64, 72, 81, 108, 162, 192, 216]]
[941, [3, 8, 24, 27, 32, 36, 64, 72, 81, 96, 144, 162, 192]]
[942, [6, 8, 12, 16, 18, 27, 32, 36, 48, 64, 81, 96, 144, 162, 192]]
[943, [4, 6, 18, 24, 32, 36, 48, 64, 72, 81, 96, 108, 162, 192]]
[944, [3, 9, 16, 27, 36, 48, 54, 64, 81, 108, 144, 162, 192]]
[945, [3, 6, 18, 27, 48, 72, 81, 96, 144, 162, 288]]
[946, [3, 9, 16, 27, 32, 48, 64, 72, 81, 96, 144, 162, 192]]
[947, [3, 6, 16, 27, 64, 72, 81, 108, 162, 192, 216]]
[948, [3, 12, 18, 24, 32, 36, 48, 64, 72, 81, 96, 108, 162, 192]]
[949, [4, 9, 12, 18, 27, 32, 36, 64, 72, 81, 96, 144, 162, 192]]
[950, [4, 6, 16, 27, 32, 36, 54, 64, 72, 81, 96, 108, 162, 192]]
[951, [6, 8, 9, 16, 24, 27, 32, 54, 64, 72, 81, 96, 108, 162, 192]]
[952, [4, 12, 16, 18, 24, 27, 32, 36, 48, 72, 81, 96, 108, 162, 216]]
[953, [6, 8, 9, 12, 24, 27, 36, 48, 72, 81, 108, 144, 162, 216]]
[954, [4, 8, 18, 24, 27, 32, 36, 48, 54, 64, 81, 96, 108, 162, 192]]
[955, [3, 12, 16, 27, 32, 36, 54, 64, 72, 81, 96, 108, 162, 192]]
[956, [4, 12, 16, 18, 24, 27, 32, 36, 48, 64, 81, 96, 144, 162, 192]]
[957, [4, 8, 9, 27, 32, 48, 54, 64, 72, 81, 96, 108, 162, 192]]
[958, [6, 8, 9, 12, 16, 36, 48, 64, 72, 81, 108, 144, 162, 192]]
[959, [4, 9, 12, 16, 27, 32, 48, 64, 72, 81, 96, 144, 162, 192]]
[960, [4, 9, 16, 18, 24, 27, 36, 48, 54, 64, 108, 144, 192, 216]]
[961, [4, 6, 12, 24, 32, 36, 64, 81, 96, 108, 144, 162, 192]]
[962, [4, 9, 16, 18, 24, 27, 32, 48, 64, 72, 96, 144, 192, 216]]
[963, [4, 8, 16, 18, 24, 32, 36, 54, 72, 81, 96, 144, 162, 216]]
[964, [6, 8, 12, 16, 18, 24, 27, 48, 54, 64, 81, 108, 144, 162, 192]]
[965, [4, 9, 16, 18, 24, 32, 36, 48, 54, 64, 72, 108, 192, 288]]
[966, [4, 8, 9, 18, 27, 36, 48, 72, 96, 144, 216, 288]]
[967, [4, 6, 9, 24, 32, 64, 72, 96, 108, 144, 192, 216]]
[968, [6, 8, 12, 18, 24, 27, 32, 36, 48, 54, 64, 81, 96, 108, 162, 192]]
[969, [3, 8, 18, 27, 36, 54, 64, 72, 81, 108, 144, 162, 192]]
[970, [3, 8, 18, 32, 36, 48, 54, 72, 81, 96, 144, 162, 216]]
[971, [4, 9, 16, 18, 27, 32, 36, 54, 64, 72, 81, 96, 108, 162, 192]]
[972, [3, 9, 24, 27, 32, 48, 54, 64, 72, 81, 96, 108, 162, 192]]
[973, [4, 9, 16, 18, 24, 27, 32, 36, 81, 96, 108, 144, 162, 216]]
[974, [6, 8, 9, 18, 24, 27, 32, 48, 54, 64, 72, 96, 108, 192, 216]]
[975, [3, 9, 12, 18, 36, 54, 81, 96, 162, 216, 288]]
[976, [4, 8, 16, 24, 27, 32, 36, 54, 64, 72, 81, 96, 108, 162, 192]]
[977, [6, 8, 12, 16, 18, 24, 32, 36, 54, 72, 81, 96, 144, 162, 216]]
[978, [6, 8, 9, 12, 16, 32, 48, 64, 81, 96, 108, 144, 162, 192]]
[979, [6, 8, 9, 16, 24, 27, 36, 48, 54, 64, 81, 108, 144, 162, 192]]
[980, [4, 6, 16, 27, 32, 36, 48, 64, 72, 81, 96, 144, 162, 192]]
[981, [6, 8, 9, 16, 24, 27, 32, 48, 64, 72, 81, 96, 144, 162, 192]]
[982, [4, 8, 12, 18, 27, 36, 54, 64, 72, 81, 108, 144, 162, 192]]
[983, [3, 8, 27, 32, 36, 48, 54, 64, 72, 81, 96, 108, 162, 192]]
[984, [4, 8, 9, 18, 32, 48, 54, 64, 81, 96, 162, 192, 216]]
[985, [6, 9, 12, 16, 18, 27, 32, 36, 54, 64, 72, 81, 96, 108, 162, 192]]
[986, [2, 24, 32, 36, 64, 72, 96, 108, 144, 192, 216]]
[987, [6, 9, 12, 16, 18, 24, 27, 32, 36, 81, 96, 108, 144, 162, 216]]
[988, [3, 16, 18, 24, 27, 32, 36, 48, 64, 72, 96, 144, 192, 216]]
[989, [3, 8, 18, 27, 32, 54, 64, 81, 96, 108, 144, 162, 192]]
[990, [6, 8, 12, 16, 24, 27, 32, 36, 54, 64, 72, 81, 96, 108, 162, 192]]
[991, [4, 6, 12, 18, 32, 64, 72, 81, 96, 108, 144, 162, 192]]
[992, [4, 6, 18, 24, 27, 36, 54, 64, 72, 81, 108, 144, 162, 192]]
[993, [4, 6, 18, 24, 32, 36, 48, 54, 72, 81, 96, 144, 162, 216]]
[994, [4, 6, 16, 24, 27, 32, 48, 54, 81, 108, 144, 162, 288]]
[995, [4, 8, 16, 18, 24, 27, 48, 54, 64, 72, 108, 144, 192, 216]]
[996, [4, 8, 12, 27, 32, 36, 48, 54, 64, 72, 81, 96, 108, 162, 192]]
[997, [3, 12, 18, 24, 27, 36, 54, 64, 72, 81, 108, 144, 162, 192]]
[998, [3, 12, 18, 24, 32, 36, 48, 54, 72, 81, 96, 144, 162, 216]]
[999, [4, 8, 18, 24, 27, 32, 36, 48, 54, 64, 72, 96, 108, 192, 216]]
[1000, [3, 9, 16, 27, 36, 48, 54, 72, 81, 96, 108, 162, 288]]
[1001, [4, 9, 16, 18, 27, 32, 36, 48, 64, 72, 81, 96, 144, 162, 192]]
[1002, [4, 6, 16, 24, 27, 48, 54, 64, 72, 81, 108, 144, 162, 192]]
[1003, [4, 8, 12, 16, 32, 36, 48, 64, 81, 96, 108, 144, 162, 192]]
[1004, [3, 8, 18, 24, 32, 64, 72, 81, 96, 108, 144, 162, 192]]
[1005, [3, 8, 16, 24, 32, 54, 64, 72, 108, 144, 192, 288]]
[1006, [4, 6, 24, 27, 32, 36, 48, 54, 64, 72, 81, 96, 108, 162, 192]]
[1007, [3, 12, 16, 24, 27, 48, 54, 64, 72, 81, 108, 144, 162, 192]]
[1008, [4, 8, 16, 18, 24, 27, 32, 72, 81, 96, 108, 144, 162, 216]]
[1009, [6, 8, 9, 16, 18, 27, 48, 54, 64, 72, 81, 108, 144, 162, 192]]
[1010, [3, 8, 18, 32, 36, 48, 54, 64, 81, 96, 162, 192, 216]]
[1011, [8, 9, 12, 16, 18, 24, 27, 32, 36, 54, 64, 72, 81, 96, 108, 162, 192]]
[1012, [4, 6, 18, 24, 27, 32, 54, 64, 81, 96, 108, 144, 162, 192]]
[1013, [6, 8, 9, 18, 27, 32, 36, 48, 54, 64, 72, 81, 96, 108, 162, 192]]
[1014, [3, 9, 18, 24, 32, 36, 64, 72, 96, 108, 144, 192, 216]]
[1015, [6, 9, 12, 16, 18, 27, 32, 36, 48, 64, 72, 81, 96, 144, 162, 192]]
[1016, [4, 6, 12, 24, 27, 48, 64, 72, 81, 108, 162, 192, 216]]
[1017, [3, 12, 18, 24, 27, 32, 54, 64, 81, 96, 108, 144, 162, 192]]
[1018, [3, 12, 16, 24, 32, 36, 48, 64, 81, 96, 108, 144, 162, 192]]
[1019, [4, 8, 12, 16, 18, 48, 54, 64, 81, 144, 162, 192, 216]]
[1020, [6, 8, 12, 16, 24, 27, 32, 36, 48, 64, 72, 81, 96, 144, 162, 192]]
[1021, [3, 9, 16, 24, 32, 54, 64, 72, 81, 96, 162, 192, 216]]
[1022, [6, 8, 12, 16, 18, 24, 27, 32, 72, 81, 96, 108, 144, 162, 216]]
[1023, [4, 9, 16, 18, 24, 27, 48, 54, 64, 72, 81, 108, 144, 162, 192]]
[1024, [6, 8, 9, 16, 24, 27, 36, 48, 54, 64, 72, 108, 144, 192, 216]]
[1025, [4, 9, 12, 18, 24, 36, 48, 54, 64, 72, 96, 108, 192, 288]]
[1026, [4, 8, 16, 18, 27, 32, 36, 48, 54, 81, 108, 144, 162, 288]]
[1027, [4, 9, 18, 24, 27, 32, 36, 48, 54, 64, 72, 81, 96, 108, 162, 192]]
[1028, [4, 8, 12, 18, 27, 32, 48, 72, 81, 96, 108, 144, 162, 216]]
[1029, [4, 6, 16, 18, 24, 48, 54, 64, 81, 144, 162, 192, 216]]
[1030, [3, 9, 12, 24, 36, 54, 64, 96, 108, 144, 192, 288]]
[1031, [6, 8, 9, 12, 27, 32, 36, 54, 64, 81, 96, 108, 144, 162, 192]]
[1032, [3, 9, 24, 27, 32, 36, 54, 64, 81, 96, 108, 144, 162, 192]]
[1033, [4, 6, 18, 24, 32, 36, 48, 54, 64, 81, 96, 162, 192, 216]]
[1034, [4, 8, 16, 18, 27, 36, 48, 54, 64, 72, 81, 108, 144, 162, 192]]
[1035, [3, 8, 16, 32, 36, 48, 64, 72, 96, 108, 144, 192, 216]]
[1036, [4, 6, 9, 32, 48, 54, 64, 72, 81, 96, 162, 192, 216]]
[1037, [6, 9, 12, 16, 18, 24, 27, 48, 54, 64, 72, 81, 108, 144, 162, 192]]
[1038, [4, 6, 18, 24, 27, 32, 48, 72, 81, 96, 108, 144, 162, 216]]
[1039, [3, 8, 24, 27, 32, 36, 54, 72, 81, 108, 144, 162, 288]]
[1040, [6, 8, 12, 16, 18, 27, 32, 36, 48, 54, 81, 108, 144, 162, 288]]
[1041, [6, 9, 12, 18, 24, 27, 32, 36, 48, 54, 64, 72, 81, 96, 108, 162, 192]]
[1042, [6, 8, 12, 16, 18, 24, 27, 36, 64, 72, 81, 108, 162, 192, 216]]
[1043, [4, 6, 16, 18, 32, 48, 64, 72, 81, 96, 108, 144, 162, 192]]
[1044, [6, 8, 9, 16, 24, 27, 32, 48, 54, 64, 96, 108, 144, 192, 216]]
[1045, [4, 9, 12, 24, 27, 32, 36, 54, 64, 81, 96, 108, 144, 162, 192]]
[1046, [6, 8, 9, 12, 24, 32, 36, 64, 72, 81, 96, 108, 144, 162, 192]]
[1047, [4, 8, 12, 18, 27, 32, 54, 64, 72, 96, 108, 144, 192, 216]]
[1048, [6, 8, 12, 16, 18, 27, 36, 48, 54, 64, 72, 81, 108, 144, 162, 192]]
[1049, [3, 16, 18, 24, 27, 36, 48, 54, 64, 72, 81, 108, 144, 162, 192]]
[1050, [4, 6, 18, 24, 27, 32, 36, 48, 81, 108, 162, 216, 288]]
[1051, [2, 16, 48, 54, 64, 72, 81, 144, 162, 192, 216]]
[1052, [4, 8, 12, 24, 27, 32, 36, 54, 72, 81, 108, 144, 162, 288]]
[1053, [3, 8, 12, 27, 36, 64, 81, 108, 144, 162, 192, 216]]
[1054, [4, 8, 16, 18, 27, 32, 48, 54, 64, 81, 96, 108, 144, 162, 192]]
[1055, [4, 6, 16, 24, 32, 36, 54, 64, 72, 81, 96, 162, 192, 216]]
[1056, [2, 24, 27, 36, 64, 81, 108, 144, 162, 192, 216]]
[1057, [6, 8, 9, 12, 27, 32, 36, 48, 72, 81, 96, 108, 144, 162, 216]]
[1058, [3, 9, 24, 27, 32, 36, 48, 72, 81, 96, 108, 144, 162, 216]]
[1059, [4, 8, 12, 18, 27, 32, 36, 54, 64, 108, 192, 216, 288]]
[1060, [3, 12, 16, 24, 32, 36, 54, 64, 72, 81, 96, 162, 192, 216]]
[1061, [4, 6, 12, 18, 36, 54, 64, 72, 81, 144, 162, 192, 216]]
[1062, [4, 12, 16, 18, 24, 27, 36, 48, 54, 64, 72, 81, 108, 144, 162, 192]]
[1063, [3, 9, 16, 32, 36, 48, 64, 72, 81, 96, 108, 144, 162, 192]]
[1064, [4, 9, 16, 18, 27, 32, 36, 48, 54, 64, 96, 108, 144, 192, 216]]
[1065, [6, 8, 9, 16, 18, 32, 36, 48, 64, 72, 96, 108, 144, 192, 216]]
[1066, [4, 8, 16, 18, 24, 27, 36, 54, 81, 96, 108, 144, 162, 288]]
[1067, [3, 8, 24, 27, 32, 54, 64, 72, 81, 96, 108, 144, 162, 192]]
[1068, [6, 8, 12, 16, 18, 27, 32, 48, 54, 64, 81, 96, 108, 144, 162, 192]]
[1069, [3, 16, 18, 24, 27, 32, 48, 54, 64, 81, 96, 108, 144, 162, 192]]
[1070, [3, 8, 9, 27, 72, 81, 96, 108, 162, 216, 288]]
[1071, [4, 9, 12, 24, 27, 32, 36, 48, 72, 81, 96, 108, 144, 162, 216]]
[1072, [3, 8, 16, 18, 36, 64, 81, 96, 108, 162, 192, 288]]
[1073, [3, 8, 18, 27, 36, 48, 54, 81, 96, 108, 144, 162, 288]]
[1074, [3, 8, 18, 24, 36, 54, 64, 72, 81, 144, 162, 192, 216]]
[1075, [4, 9, 12, 18, 27, 32, 54, 64, 72, 81, 96, 108, 144, 162, 192]]
[1076, [4, 9, 12, 16, 32, 36, 48, 64, 72, 81, 96, 108, 144, 162, 192]]
[1077, [3, 9, 24, 27, 32, 36, 54, 64, 72, 96, 108, 144, 192, 216]]
[1078, [6, 9, 12, 16, 18, 27, 32, 36, 48, 54, 64, 96, 108, 144, 192, 216]]
[1079, [4, 9, 16, 18, 24, 32, 36, 48, 64, 72, 96, 108, 144, 192, 216]]
[1080, [4, 8, 12, 24, 27, 32, 54, 64, 72, 81, 96, 108, 144, 162, 192]]
[1081, [4, 6, 12, 18, 32, 54, 64, 81, 96, 144, 162, 192, 216]]
[1082, [4, 12, 16, 18, 24, 27, 32, 48, 54, 64, 81, 96, 108, 144, 162, 192]]
[1083, [6, 8, 9, 16, 27, 32, 36, 48, 54, 64, 81, 96, 108, 144, 162, 192]]
[1084, [3, 8, 16, 24, 48, 54, 64, 72, 81, 144, 162, 192, 216]]
[1085, [4, 8, 12, 16, 18, 36, 64, 81, 96, 108, 162, 192, 288]]
[1086, [2, 18, 27, 64, 72, 81, 108, 144, 162, 192, 216]]
[1087, [4, 8, 12, 18, 24, 36, 54, 64, 72, 81, 144, 162, 192, 216]]
[1088, [3, 8, 24, 32, 36, 48, 54, 64, 72, 81, 96, 162, 192, 216]]
[1089, [3, 9, 18, 24, 32, 36, 64, 72, 81, 108, 162, 192, 288]]
[1090, [4, 9, 12, 24, 27, 32, 36, 54, 64, 72, 96, 108, 144, 192, 216]]
[1091, [3, 6, 16, 48, 54, 64, 72, 96, 108, 144, 192, 288]]
[1092, [4, 9, 12, 16, 18, 48, 54, 64, 72, 81, 144, 162, 192, 216]]
[1093, [6, 9, 12, 16, 18, 24, 32, 36, 48, 64, 72, 96, 108, 144, 192, 216]]
[1094, [3, 8, 18, 24, 32, 54, 64, 81, 96, 144, 162, 192, 216]]
[1095, [3, 8, 16, 27, 36, 54, 72, 81, 96, 108, 144, 162, 288]]
[1096, [4, 6, 18, 27, 32, 36, 54, 64, 72, 81, 96, 108, 144, 162, 192]]
[1097, [4, 9, 16, 24, 27, 32, 36, 48, 54, 64, 81, 96, 108, 144, 162, 192]]
[1098, [6, 8, 9, 16, 24, 32, 36, 48, 64, 72, 81, 96, 108, 144, 162, 192]]
[1099, [4, 8, 16, 18, 27, 32, 48, 54, 64, 72, 96, 108, 144, 192, 216]]
[1100, [4, 6, 16, 24, 27, 32, 64, 72, 81, 96, 108, 162, 192, 216]]
[1101, [3, 12, 18, 27, 32, 36, 54, 64, 72, 81, 96, 108, 144, 162, 192]]
[1102, [6, 8, 12, 16, 18, 24, 27, 36, 64, 72, 81, 96, 162, 192, 288]]
[1103, [3, 9, 12, 16, 64, 72, 81, 96, 108, 162, 192, 288]]
[1104, [8, 9, 12, 16, 18, 24, 27, 32, 36, 48, 54, 64, 96, 108, 144, 192, 216]]
[1105, [3, 12, 16, 24, 27, 32, 64, 72, 81, 96, 108, 162, 192, 216]]
[1106, [4, 6, 16, 27, 32, 48, 54, 64, 72, 81, 96, 108, 144, 162, 192]]
[1107, [6, 8, 9, 16, 18, 27, 32, 64, 72, 81, 96, 108, 162, 192, 216]]
[1108, [4, 8, 12, 16, 27, 36, 54, 72, 81, 96, 108, 144, 162, 288]]
[1109, [6, 8, 9, 18, 24, 27, 32, 36, 54, 64, 81, 108, 162, 192, 288]]
[1110, [3, 8, 16, 32, 36, 48, 64, 72, 81, 108, 162, 192, 288]]
[1111, [6, 9, 12, 16, 24, 27, 32, 36, 48, 54, 64, 81, 96, 108, 144, 162, 192]]
[1112, [3, 9, 16, 18, 48, 54, 64, 72, 96, 108, 144, 192, 288]]
[1113, [6, 8, 12, 16, 18, 27, 32, 48, 54, 64, 72, 96, 108, 144, 192, 216]]
[1114, [3, 16, 18, 24, 27, 32, 48, 54, 64, 72, 96, 108, 144, 192, 216]]
[1115, [4, 6, 12, 18, 36, 48, 64, 81, 96, 108, 162, 192, 288]]
[1116, [6, 8, 9, 12, 18, 24, 48, 64, 81, 96, 108, 162, 192, 288]]
[1117, [3, 8, 16, 24, 48, 54, 64, 72, 96, 108, 144, 192, 288]]
[1118, [6, 8, 9, 18, 24, 32, 36, 48, 54, 64, 72, 81, 96, 162, 192, 216]]
[1119, [3, 8, 18, 24, 27, 64, 72, 81, 108, 144, 162, 192, 216]]
[1120, [4, 6, 12, 27, 32, 48, 64, 72, 81, 96, 108, 162, 192, 216]]
[1121, [4, 9, 16, 18, 24, 27, 32, 64, 72, 81, 96, 108, 162, 192, 216]]
[1122, [4, 8, 18, 24, 27, 32, 36, 54, 64, 72, 81, 96, 108, 144, 162, 192]]
[1123, [3, 12, 16, 24, 27, 36, 54, 72, 81, 96, 108, 144, 162, 288]]
[1124, [3, 9, 16, 24, 27, 54, 64, 81, 96, 108, 162, 192, 288]]
[1125, [6, 8, 9, 16, 18, 27, 36, 54, 72, 81, 96, 108, 144, 162, 288]]
[1126, [3, 9, 12, 27, 36, 64, 72, 81, 108, 144, 162, 192, 216]]
[1127, [4, 9, 16, 18, 27, 32, 48, 54, 64, 72, 81, 96, 108, 144, 162, 192]]
[1128, [6, 8, 9, 16, 27, 32, 36, 48, 54, 64, 72, 96, 108, 144, 192, 216]]
[1129, [4, 8, 9, 18, 27, 36, 64, 81, 96, 144, 162, 192, 288]]
[1130, [4, 8, 12, 16, 24, 48, 54, 64, 72, 96, 108, 144, 192, 288]]
[1131, [4, 6, 8, 32, 54, 64, 72, 81, 96, 144, 162, 192, 216]]
[1132, [4, 8, 16, 24, 27, 32, 48, 54, 64, 72, 81, 96, 108, 144, 162, 192]]
[1133, [3, 8, 24, 27, 32, 48, 64, 72, 81, 96, 108, 162, 192, 216]]
[1134, [4, 8, 9, 16, 32, 48, 54, 72, 81, 144, 162, 216, 288]]
[1135, [6, 9, 12, 16, 18, 24, 27, 32, 64, 72, 81, 96, 108, 162, 192, 216]]
[1136, [6, 8, 12, 18, 24, 27, 32, 36, 54, 64, 72, 81, 96, 108, 144, 162, 192]]
[1137, [3, 12, 18, 24, 27, 32, 54, 64, 72, 81, 108, 162, 192, 288]]
[1138, [3, 12, 16, 18, 32, 48, 54, 64, 81, 96, 144, 162, 192, 216]]
[1139, [4, 8, 16, 18, 24, 36, 48, 54, 64, 72, 81, 144, 162, 192, 216]]
[1140, [6, 8, 9, 16, 18, 32, 36, 48, 64, 72, 81, 108, 162, 192, 288]]
[1141, [6, 9, 12, 16, 18, 27, 32, 48, 54, 64, 72, 81, 96, 108, 144, 162, 192]]
[1142, [4, 9, 16, 24, 27, 32, 36, 48, 54, 64, 72, 96, 108, 144, 192, 216]]
[1143, [6, 8, 9, 12, 18, 27, 36, 64, 81, 96, 144, 162, 192, 288]]
[1144, [4, 8, 16, 24, 27, 32, 36, 48, 54, 64, 81, 108, 162, 192, 288]]
[1145, [3, 9, 16, 18, 36, 64, 72, 81, 96, 108, 162, 192, 288]]
[1146, [6, 8, 12, 16, 24, 27, 32, 48, 54, 64, 72, 81, 96, 108, 144, 162, 192]]
[1147, [3, 16, 18, 24, 27, 32, 36, 64, 72, 81, 96, 108, 162, 192, 216]]
[1148, [4, 8, 12, 16, 27, 36, 54, 64, 81, 96, 108, 162, 192, 288]]
[1149, [4, 9, 16, 18, 24, 27, 36, 48, 64, 81, 108, 144, 162, 192, 216]]
[1150, [3, 8, 16, 24, 36, 64, 72, 81, 96, 108, 162, 192, 288]]
[1151, [3, 8, 24, 27, 36, 48, 54, 72, 81, 96, 108, 144, 162, 288]]
[1152, [4, 8, 9, 18, 32, 54, 64, 72, 81, 96, 144, 162, 192, 216]]
[1153, [3, 16, 18, 27, 32, 36, 48, 54, 64, 72, 81, 96, 108, 144, 162, 192]]
[1154, [4, 9, 16, 18, 24, 32, 36, 48, 64, 72, 81, 108, 162, 192, 288]]
[1155, [3, 12, 16, 18, 27, 32, 48, 81, 108, 144, 162, 216, 288]]
[1156, [6, 9, 12, 16, 24, 27, 32, 36, 48, 54, 64, 72, 96, 108, 144, 192, 216]]
[1157, [4, 9, 12, 18, 24, 27, 36, 64, 81, 96, 144, 162, 192, 288]]
[1158, [4, 6, 16, 18, 27, 48, 64, 72, 81, 108, 144, 162, 192, 216]]
[1159, [4, 8, 16, 18, 24, 32, 48, 54, 64, 81, 96, 144, 162, 192, 216]]
[1160, [4, 12, 16, 18, 24, 27, 32, 36, 64, 72, 81, 96, 108, 162, 192, 216]]
[1161, [6, 8, 9, 12, 24, 27, 36, 64, 72, 81, 108, 144, 162, 192, 216]]
[1162, [4, 6, 18, 27, 32, 36, 48, 64, 72, 81, 96, 108, 162, 192, 216]]
[1163, [6, 8, 9, 18, 24, 27, 32, 48, 64, 72, 81, 96, 108, 162, 192, 216]]
[1164, [4, 8, 12, 24, 27, 36, 48, 54, 72, 81, 96, 108, 144, 162, 288]]
[1165, [4, 9, 12, 24, 27, 32, 36, 54, 64, 72, 81, 108, 162, 192, 288]]
[1166, [4, 12, 16, 18, 27, 32, 36, 48, 54, 64, 72, 81, 96, 108, 144, 162, 192]]
[1167, [8, 9, 12, 16, 18, 24, 27, 32, 48, 54, 64, 72, 81, 96, 108, 144, 162, 192]]
[1168, [6, 9, 12, 16, 18, 24, 32, 36, 48, 64, 72, 81, 108, 162, 192, 288]]
[1169, [4, 8, 9, 18, 27, 32, 72, 81, 108, 144, 162, 216, 288]]
[1170, [3, 8, 12, 36, 48, 64, 72, 81, 96, 108, 162, 192, 288]]
[1171, [4, 6, 8, 18, 64, 81, 96, 108, 144, 162, 192, 288]]
[1172, [4, 8, 16, 18, 24, 36, 48, 54, 64, 72, 96, 108, 144, 192, 288]]
[1173, [6, 8, 12, 16, 18, 24, 32, 48, 54, 64, 81, 96, 144, 162, 192, 216]]
[1174, [4, 8, 16, 18, 27, 32, 48, 54, 64, 72, 81, 108, 162, 192, 288]]
[1175, [4, 8, 16, 18, 24, 27, 36, 48, 64, 108, 144, 162, 192, 324]]
[1176, [3, 8, 12, 18, 64, 81, 96, 108, 144, 162, 192, 288]]
[1177, [4, 6, 18, 24, 27, 32, 48, 64, 72, 96, 108, 162, 192, 324]]
[1178, [3, 8, 18, 32, 36, 54, 64, 72, 81, 96, 144, 162, 192, 216]]
[1179, [8, 9, 12, 16, 18, 24, 27, 32, 36, 48, 54, 64, 81, 108, 162, 192, 288]]
[1180, [4, 9, 12, 18, 24, 32, 54, 64, 72, 81, 96, 144, 162, 192, 216]]
[1181, [6, 8, 9, 12, 24, 27, 32, 64, 81, 96, 108, 144, 162, 192, 216]]
[1182, [3, 9, 24, 27, 32, 36, 48, 64, 72, 81, 144, 162, 192, 288]]
[1183, [4, 6, 16, 24, 32, 36, 48, 54, 72, 81, 144, 162, 216, 288]]
[1184, [4, 8, 16, 18, 24, 27, 48, 64, 72, 81, 108, 144, 162, 192, 216]]
[1185, [4, 8, 12, 18, 24, 32, 48, 64, 81, 108, 144, 162, 192, 288]]
[1186, [6, 8, 12, 16, 18, 24, 36, 48, 54, 64, 72, 96, 108, 144, 192, 288]]
[1187, [4, 6, 12, 16, 36, 54, 72, 81, 96, 144, 162, 216, 288]]
[1188, [6, 8, 16, 18, 24, 27, 32, 36, 48, 54, 64, 72, 81, 96, 108, 144, 162, 192]]
[1189, [3, 16, 18, 24, 27, 32, 48, 54, 64, 72, 81, 108, 162, 192, 288]]
[1190, [6, 8, 9, 16, 18, 32, 36, 48, 54, 72, 81, 144, 162, 216, 288]]
[1191, [4, 8, 12, 18, 32, 36, 54, 64, 72, 81, 96, 144, 162, 192, 216]]
[1192, [4, 8, 12, 18, 24, 27, 64, 72, 81, 96, 144, 162, 192, 288]]
[1193, [3, 8, 24, 27, 32, 36, 64, 81, 96, 108, 144, 162, 192, 216]]
[1194, [3, 8, 16, 24, 32, 64, 72, 81, 108, 144, 162, 192, 288]]
[1195, [4, 9, 12, 24, 27, 32, 36, 48, 64, 72, 81, 144, 162, 192, 288]]
[1196, [3, 9, 12, 16, 48, 64, 96, 108, 144, 192, 216, 288]]
[1197, [4, 9, 12, 18, 24, 27, 32, 72, 81, 108, 144, 162, 216, 288]]
[1198, [6, 8, 12, 16, 18, 24, 27, 48, 64, 72, 81, 108, 144, 162, 192, 216]]
[1199, [4, 9, 12, 18, 27, 36, 48, 54, 64, 81, 96, 108, 162, 192, 288]]
[1200, [6, 8, 9, 12, 18, 36, 48, 64, 72, 81, 96, 108, 162, 192, 288]]
[1201, [4, 6, 18, 24, 32, 36, 54, 64, 72, 81, 96, 144, 162, 192, 216]]
[1202, [6, 8, 12, 18, 24, 27, 32, 36, 48, 64, 72, 81, 96, 108, 162, 192, 216]]
[1203, [6, 8, 9, 16, 27, 32, 36, 48, 54, 64, 72, 81, 108, 162, 192, 288]]
[1204, [4, 8, 12, 24, 27, 36, 48, 54, 64, 81, 96, 108, 162, 192, 288]]
[1205, [4, 9, 16, 18, 24, 27, 36, 48, 72, 81, 96, 108, 162, 216, 288]]
[1206, [3, 12, 18, 24, 32, 36, 54, 64, 72, 81, 96, 144, 162, 192, 216]]
[1207, [4, 8, 9, 24, 27, 36, 64, 72, 81, 96, 144, 162, 192, 288]]
[1208, [3, 9, 16, 27, 36, 54, 64, 72, 81, 96, 108, 162, 192, 288]]
[1209, [4, 9, 16, 18, 24, 27, 36, 48, 64, 81, 96, 144, 162, 192, 288]]
[1210, [3, 9, 16, 24, 27, 36, 81, 96, 108, 144, 162, 216, 288]]
[1211, [4, 6, 16, 24, 32, 48, 54, 64, 72, 81, 96, 144, 162, 192, 216]]
[1212, [2, 16, 27, 72, 81, 96, 108, 144, 162, 216, 288]]
[1213, [6, 8, 9, 16, 24, 27, 36, 48, 64, 72, 81, 108, 144, 162, 192, 216]]
[1214, [4, 9, 12, 18, 24, 36, 48, 64, 72, 81, 96, 108, 162, 192, 288]]
[1215, [4, 6, 8, 36, 48, 54, 72, 81, 96, 144, 162, 216, 288]]
[1216, [3, 12, 16, 24, 32, 48, 54, 64, 72, 81, 96, 144, 162, 192, 216]]
[1217, [4, 9, 16, 24, 27, 32, 36, 48, 54, 64, 72, 81, 108, 162, 192, 288]]
[1218, [6, 8, 9, 16, 18, 32, 48, 54, 64, 72, 81, 96, 144, 162, 192, 216]]
[1219, [3, 9, 12, 24, 36, 64, 81, 96, 108, 144, 162, 192, 288]]
[1220, [3, 8, 12, 36, 48, 54, 72, 81, 96, 144, 162, 216, 288]]
[1221, [6, 8, 9, 18, 24, 27, 36, 48, 54, 64, 81, 96, 108, 162, 192, 288]]
[1222, [4, 6, 12, 27, 32, 48, 54, 64, 81, 108, 144, 162, 192, 288]]
[1223, [6, 8, 9, 18, 24, 27, 32, 36, 64, 81, 96, 108, 144, 162, 192, 216]]
[1224, [6, 8, 9, 16, 18, 24, 32, 64, 72, 81, 108, 144, 162, 192, 288]]
[1225, [4, 6, 9, 27, 36, 48, 81, 96, 108, 144, 162, 216, 288]]
[1226, [6, 8, 9, 16, 24, 27, 32, 36, 54, 72, 96, 144, 162, 216, 324]]
[1227, [4, 8, 12, 18, 24, 32, 54, 64, 72, 81, 162, 192, 216, 288]]
[1228, [6, 8, 12, 16, 18, 24, 27, 54, 64, 72, 81, 96, 108, 162, 192, 288]]
[1229, [4, 6, 12, 18, 27, 54, 64, 96, 108, 144, 192, 216, 288]]
[1230, [3, 9, 18, 27, 32, 48, 54, 64, 81, 108, 144, 162, 192, 288]]
[1231, [6, 9, 12, 16, 24, 27, 32, 36, 48, 54, 64, 72, 81, 108, 162, 192, 288]]
[1232, [4, 9, 16, 18, 24, 32, 48, 54, 64, 72, 81, 96, 144, 162, 192, 216]]
[1233, [6, 8, 9, 16, 24, 27, 32, 48, 64, 81, 96, 108, 144, 162, 192, 216]]
[1234, [4, 8, 12, 18, 27, 48, 54, 64, 72, 81, 96, 108, 162, 192, 288]]
[1235, [3, 8, 24, 27, 32, 48, 54, 64, 81, 108, 144, 162, 192, 288]]
[1236, [4, 8, 12, 18, 27, 32, 64, 72, 81, 96, 108, 144, 162, 192, 216]]
[1237, [3, 12, 16, 27, 32, 36, 48, 64, 81, 96, 108, 144, 162, 192, 216]]
[1238, [3, 9, 16, 27, 36, 48, 64, 72, 81, 96, 144, 162, 192, 288]]
[1239, [3, 8, 12, 27, 54, 64, 81, 96, 108, 144, 162, 192, 288]]
[1240, [3, 9, 16, 18, 27, 72, 81, 96, 108, 144, 162, 216, 288]]
[1241, [4, 8, 12, 16, 18, 48, 64, 81, 96, 108, 144, 162, 192, 288]]
[1242, [2, 24, 27, 54, 64, 81, 96, 108, 144, 162, 192, 288]]
[1243, [4, 8, 16, 18, 32, 36, 48, 54, 64, 72, 81, 96, 144, 162, 192, 216]]
[1244, [4, 6, 18, 24, 27, 48, 54, 64, 72, 81, 96, 108, 162, 192, 288]]
[1245, [3, 9, 18, 24, 32, 48, 64, 72, 81, 108, 144, 162, 192, 288]]
[1246, [6, 9, 12, 16, 18, 24, 32, 48, 54, 64, 72, 81, 96, 144, 162, 192, 216]]
[1247, [4, 6, 16, 24, 27, 32, 54, 64, 72, 108, 144, 192, 216, 288]]
[1248, [6, 8, 12, 16, 18, 27, 32, 36, 54, 64, 81, 108, 144, 162, 192, 288]]
[1249, [3, 12, 18, 24, 27, 48, 54, 64, 72, 81, 96, 108, 162, 192, 288]]
[1250, [6, 8, 9, 12, 18, 36, 48, 54, 72, 81, 96, 144, 162, 216, 288]]
[1251, [3, 12, 18, 24, 27, 32, 64, 72, 81, 96, 108, 144, 162, 192, 216]]
[1252, [3, 9, 16, 27, 32, 54, 64, 72, 81, 108, 144, 162, 192, 288]]
[1253, [4, 9, 16, 18, 27, 32, 36, 48, 64, 81, 96, 108, 144, 162, 192, 216]]
[1254, [3, 8, 12, 24, 64, 72, 81, 96, 108, 144, 162, 192, 288]]
[1255, [4, 8, 9, 18, 27, 54, 64, 81, 96, 108, 144, 162, 192, 288]]
[1256, [3, 8, 18, 32, 36, 48, 64, 72, 81, 108, 144, 162, 192, 288]]
[1257, [6, 8, 12, 16, 18, 32, 36, 48, 54, 64, 72, 81, 96, 144, 162, 192, 216]]
[1258, [3, 16, 18, 24, 32, 36, 48, 54, 64, 72, 81, 96, 144, 162, 192, 216]]
[1259, [6, 8, 9, 12, 24, 32, 36, 48, 64, 72, 108, 144, 192, 216, 288]]
[1260, [4, 8, 16, 18, 27, 32, 36, 48, 72, 81, 108, 144, 162, 216, 288]]
[1261, [4, 6, 9, 27, 32, 64, 72, 81, 108, 162, 192, 216, 288]]
[1262, [4, 12, 16, 18, 24, 27, 32, 36, 54, 64, 81, 108, 144, 162, 192, 288]]
[1263, [6, 8, 9, 12, 27, 36, 48, 54, 64, 72, 81, 96, 108, 162, 192, 288]]
[1264, [3, 9, 24, 27, 36, 48, 54, 64, 72, 81, 96, 108, 162, 192, 288]]
[1265, [6, 8, 9, 12, 27, 32, 36, 64, 72, 81, 96, 108, 144, 162, 192, 216]]
[1266, [3, 9, 24, 27, 32, 36, 64, 72, 81, 96, 108, 144, 162, 192, 216]]
[1267, [6, 9, 12, 16, 18, 27, 32, 36, 48, 64, 81, 96, 108, 144, 162, 192, 216]]
[1268, [2, 24, 27, 48, 72, 81, 96, 108, 144, 162, 216, 288]]
[1269, [3, 12, 18, 27, 32, 36, 48, 54, 64, 81, 108, 144, 162, 192, 288]]
[1270, [6, 8, 9, 12, 16, 36, 48, 64, 81, 96, 108, 144, 162, 192, 288]]
[1271, [4, 12, 16, 18, 24, 32, 36, 48, 54, 64, 72, 81, 96, 144, 162, 192, 216]]
[1272, [6, 8, 12, 16, 24, 27, 32, 36, 48, 64, 81, 96, 108, 144, 162, 192, 216]]
[1273, [6, 8, 9, 16, 24, 27, 36, 48, 64, 72, 81, 96, 144, 162, 192, 288]]
[1274, [6, 8, 12, 16, 18, 27, 32, 36, 48, 72, 81, 108, 144, 162, 216, 288]]
[1275, [3, 16, 18, 24, 27, 32, 36, 48, 72, 81, 108, 144, 162, 216, 288]]
[1276, [4, 8, 9, 18, 36, 48, 54, 64, 81, 96, 162, 192, 216, 288]]
[1277, [4, 9, 12, 24, 27, 36, 48, 54, 64, 72, 81, 96, 108, 162, 192, 288]]
[1278, [3, 9, 18, 24, 32, 36, 54, 64, 72, 162, 192, 288, 324]]
[1279, [4, 9, 12, 24, 27, 32, 36, 64, 72, 81, 96, 108, 144, 162, 192, 216]]
[1280, [3, 6, 16, 48, 64, 72, 81, 96, 108, 144, 162, 192, 288]]
[1281, [3, 8, 18, 27, 36, 54, 64, 81, 96, 108, 144, 162, 192, 288]]
[1282, [6, 9, 12, 16, 18, 24, 27, 32, 54, 64, 72, 108, 144, 192, 216, 288]]
[1283, [4, 9, 12, 18, 24, 27, 54, 64, 81, 96, 108, 144, 162, 192, 288]]
[1284, [3, 12, 18, 24, 32, 36, 48, 64, 72, 81, 108, 144, 162, 192, 288]]
[1285, [3, 8, 16, 24, 27, 64, 81, 96, 108, 162, 192, 216, 288]]
[1286, [4, 6, 16, 27, 32, 36, 54, 64, 72, 81, 108, 144, 162, 192, 288]]
[1287, [6, 8, 9, 16, 24, 27, 32, 54, 64, 72, 81, 108, 144, 162, 192, 288]]
[1288, [4, 8, 16, 18, 27, 32, 48, 64, 72, 81, 96, 108, 144, 162, 192, 216]]
[1289, [4, 9, 16, 18, 24, 27, 32, 48, 64, 81, 108, 162, 192, 216, 288]]
[1290, [4, 8, 18, 24, 27, 32, 36, 48, 54, 64, 81, 108, 144, 162, 192, 288]]
[1291, [3, 12, 16, 27, 32, 36, 54, 64, 72, 81, 108, 144, 162, 192, 288]]
[1292, [4, 9, 12, 16, 18, 32, 54, 64, 81, 144, 162, 192, 216, 288]]
[1293, [8, 9, 12, 16, 18, 24, 27, 32, 36, 48, 64, 81, 96, 108, 144, 162, 192, 216]]
[1294, [4, 8, 12, 18, 27, 36, 54, 64, 81, 96, 108, 144, 162, 192, 288]]
[1295, [6, 8, 9, 12, 18, 27, 48, 72, 81, 96, 108, 144, 162, 216, 288]]
[1296, [3, 8, 18, 24, 36, 64, 72, 81, 96, 108, 144, 162, 192, 288]]
[1297, [4, 8, 12, 16, 24, 32, 54, 64, 81, 144, 162, 192, 216, 288]]
[1298, [3, 12, 16, 18, 24, 54, 64, 72, 81, 96, 162, 192, 216, 288]]
[1299, [4, 6, 8, 32, 48, 54, 64, 81, 144, 162, 192, 216, 288]]
[1300, [4, 8, 16, 18, 24, 27, 36, 72, 81, 96, 108, 144, 162, 216, 288]]
[1301, [3, 9, 16, 18, 48, 64, 72, 81, 96, 108, 144, 162, 192, 288]]
[1302, [6, 8, 12, 16, 18, 27, 32, 48, 64, 72, 81, 96, 108, 144, 162, 192, 216]]
[1303, [3, 16, 18, 24, 27, 32, 48, 64, 72, 81, 96, 108, 144, 162, 192, 216]]
[1304, [6, 8, 12, 18, 24, 27, 32, 36, 48, 54, 64, 81, 108, 144, 162, 192, 288]]
[1305, [3, 8, 12, 27, 48, 64, 81, 96, 108, 162, 192, 216, 288]]
[1306, [3, 8, 16, 24, 48, 64, 72, 81, 96, 108, 144, 162, 192, 288]]
[1307, [4, 9, 16, 18, 27, 32, 36, 54, 64, 72, 81, 108, 144, 162, 192, 288]]
[1308, [3, 9, 24, 27, 32, 48, 54, 64, 72, 81, 108, 144, 162, 192, 288]]
[1309, [3, 12, 18, 24, 27, 36, 54, 64, 81, 96, 108, 144, 162, 192, 288]]
[1310, [6, 8, 9, 18, 24, 27, 32, 48, 54, 64, 72, 108, 144, 192, 216, 288]]
[1311, [2, 12, 54, 64, 81, 96, 144, 162, 192, 216, 288]]
[1312, [4, 8, 16, 24, 27, 32, 36, 54, 64, 72, 81, 108, 144, 162, 192, 288]]
[1313, [3, 9, 16, 24, 36, 54, 64, 72, 81, 96, 162, 192, 216, 288]]
[1314, [4, 6, 16, 24, 27, 48, 54, 64, 81, 96, 108, 144, 162, 192, 288]]
[1315, [6, 8, 9, 12, 16, 36, 48, 64, 72, 96, 108, 144, 192, 216, 288]]
[1316, [4, 12, 16, 18, 24, 27, 32, 48, 64, 72, 81, 96, 108, 144, 162, 192, 216]]
[1317, [6, 8, 9, 16, 27, 32, 36, 48, 64, 72, 81, 96, 108, 144, 162, 192, 216]]
[1318, [3, 9, 16, 27, 32, 48, 64, 72, 81, 108, 162, 192, 216, 288]]
[1319, [3, 8, 27, 32, 36, 48, 54, 64, 72, 81, 108, 144, 162, 192, 288]]
[1320, [4, 8, 12, 18, 27, 36, 48, 72, 81, 96, 108, 144, 162, 216, 288]]
[1321, [6, 9, 12, 16, 18, 27, 32, 36, 54, 64, 72, 81, 108, 144, 162, 192, 288]]
[1322, [6, 8, 9, 18, 24, 27, 32, 36, 64, 72, 96, 108, 144, 162, 192, 324]]
[1323, [4, 9, 12, 18, 24, 32, 48, 54, 72, 96, 108, 144, 162, 216, 324]]
[1324, [6, 9, 12, 16, 18, 24, 27, 32, 54, 64, 72, 96, 162, 192, 216, 324]]
[1325, [6, 8, 9, 16, 24, 32, 36, 48, 54, 64, 72, 108, 128, 144, 192, 384]]
[1326, [6, 8, 12, 16, 24, 27, 32, 36, 54, 64, 72, 81, 108, 144, 162, 192, 288]]
[1327, [4, 6, 12, 24, 32, 48, 54, 64, 81, 144, 162, 192, 216, 288]]
[1328, [4, 9, 12, 18, 24, 27, 54, 64, 72, 96, 108, 144, 192, 216, 288]]
[1329, [4, 9, 12, 16, 24, 36, 48, 64, 72, 96, 108, 144, 192, 216, 288]]
[1330, [4, 6, 18, 24, 27, 36, 48, 72, 81, 96, 108, 144, 162, 216, 288]]
[1331, [4, 9, 16, 24, 27, 32, 36, 48, 64, 72, 81, 96, 108, 144, 162, 192, 216]]
[1332, [4, 8, 12, 27, 32, 36, 48, 54, 64, 72, 81, 108, 144, 162, 192, 288]]
[1333, [4, 8, 9, 24, 27, 54, 64, 72, 81, 96, 108, 144, 162, 192, 288]]
[1334, [6, 8, 9, 12, 18, 32, 48, 54, 64, 81, 144, 162, 192, 216, 288]]
[1335, [4, 9, 16, 18, 24, 27, 48, 54, 64, 81, 96, 108, 144, 162, 192, 288]]
[1336, [6, 8, 9, 16, 18, 24, 48, 64, 72, 81, 96, 108, 144, 162, 192, 288]]
[1337, [4, 9, 12, 16, 18, 32, 48, 64, 96, 144, 162, 192, 216, 324]]
[1338, [4, 9, 16, 18, 24, 27, 36, 48, 54, 64, 144, 162, 192, 216, 324]]
[1339, [4, 8, 12, 18, 27, 36, 54, 64, 72, 96, 108, 144, 192, 216, 288]]
[1340, [3, 12, 16, 18, 36, 48, 64, 72, 81, 96, 108, 144, 162, 192, 288]]
[1341, [3, 9, 16, 27, 36, 48, 54, 72, 96, 108, 128, 144, 216, 384]]
[1342, [4, 6, 24, 27, 32, 36, 48, 54, 64, 72, 81, 108, 144, 162, 192, 288]]
[1343, [6, 8, 9, 18, 24, 27, 32, 36, 64, 72, 81, 108, 162, 192, 216, 288]]
[1344, [3, 8, 12, 24, 54, 64, 81, 96, 144, 162, 192, 216, 288]]
[1345, [6, 9, 12, 16, 24, 27, 32, 36, 48, 64, 72, 81, 96, 108, 144, 162, 192, 216]]
[1346, [4, 8, 16, 18, 27, 36, 48, 54, 64, 81, 96, 108, 144, 162, 192, 288]]
[1347, [8, 9, 12, 16, 18, 24, 27, 32, 36, 54, 64, 72, 81, 108, 144, 162, 192, 288]]
[1348, [4, 9, 12, 18, 24, 32, 48, 54, 64, 81, 144, 162, 192, 216, 288]]
[1349, [6, 8, 9, 18, 27, 32, 36, 48, 54, 64, 72, 81, 108, 144, 162, 192, 288]]
[1350, [3, 9, 18, 24, 32, 48, 54, 64, 96, 108, 162, 192, 216, 324]]
[1351, [4, 6, 18, 27, 32, 36, 48, 54, 64, 72, 96, 162, 192, 216, 324]]
[1352, [4, 6, 16, 27, 32, 36, 48, 64, 72, 81, 108, 162, 192, 216, 288]]
[1353, [6, 8, 9, 16, 24, 27, 32, 48, 64, 72, 81, 108, 162, 192, 216, 288]]
[1354, [3, 9, 18, 27, 36, 54, 64, 72, 81, 96, 108, 144, 162, 192, 288]]
[1355, [3, 16, 18, 24, 27, 32, 36, 48, 72, 81, 108, 128, 162, 216, 384]]
[1356, [6, 8, 9, 12, 16, 32, 54, 64, 72, 81, 144, 162, 192, 216, 288]]
[1357, [3, 12, 16, 27, 32, 36, 48, 64, 72, 81, 108, 162, 192, 216, 288]]
[1358, [3, 9, 16, 24, 27, 64, 72, 81, 96, 108, 162, 192, 216, 288]]
[1359, [3, 8, 24, 27, 36, 54, 64, 72, 81, 96, 108, 144, 162, 192, 288]]
[1360, [6, 8, 12, 16, 18, 27, 36, 48, 54, 64, 81, 96, 108, 144, 162, 192, 288]]
[1361, [3, 16, 18, 24, 27, 36, 48, 54, 64, 81, 96, 108, 144, 162, 192, 288]]
[1362, [2, 24, 36, 48, 54, 64, 72, 96, 162, 192, 288, 324]]
[1363, [4, 9, 18, 24, 27, 32, 36, 48, 54, 64, 72, 81, 108, 144, 162, 192, 288]]
[1364, [3, 9, 16, 27, 48, 54, 64, 72, 81, 96, 108, 144, 162, 192, 288]]
[1365, [3, 8, 12, 18, 54, 64, 96, 144, 162, 192, 288, 324]]
[1366, [6, 8, 9, 16, 18, 27, 48, 54, 64, 72, 96, 108, 144, 192, 216, 288]]
[1367, [4, 9, 12, 18, 27, 36, 54, 64, 72, 81, 96, 108, 144, 162, 192, 288]]
[1368, [6, 8, 9, 12, 24, 36, 48, 54, 64, 72, 81, 96, 162, 192, 216, 288]]
[1369, [3, 8, 16, 27, 36, 64, 72, 81, 96, 108, 162, 192, 216, 288]]
[1370, [4, 6, 18, 24, 27, 36, 48, 64, 81, 96, 108, 162, 192, 216, 288]]
[1371, [4, 9, 12, 16, 24, 27, 64, 72, 81, 96, 108, 162, 192, 216, 288]]
[1372, [4, 8, 12, 24, 27, 36, 54, 64, 72, 81, 96, 108, 144, 162, 192, 288]]
[1373, [4, 9, 16, 18, 27, 32, 36, 48, 64, 72, 81, 108, 162, 192, 216, 288]]
[1374, [4, 12, 16, 18, 24, 27, 36, 48, 54, 64, 81, 96, 108, 144, 162, 192, 288]]
[1375, [6, 8, 12, 16, 18, 24, 36, 48, 64, 72, 81, 96, 108, 144, 162, 192, 288]]
[1376, [3, 8, 9, 36, 54, 72, 96, 108, 162, 216, 288, 324]]
[1377, [6, 9, 12, 18, 24, 27, 32, 36, 48, 54, 64, 72, 81, 108, 144, 162, 192, 288]]
[1378, [4, 8, 16, 24, 27, 32, 36, 48, 64, 72, 81, 108, 162, 192, 216, 288]]
[1379, [3, 9, 16, 18, 27, 64, 72, 96, 108, 162, 192, 288, 324]]
[1380, [4, 9, 16, 18, 24, 27, 48, 54, 64, 72, 96, 108, 144, 192, 216, 288]]
[1381, [4, 8, 12, 16, 32, 36, 54, 64, 72, 81, 144, 162, 192, 216, 288]]
[1382, [4, 8, 12, 16, 27, 36, 64, 72, 81, 96, 108, 162, 192, 216, 288]]
[1383, [4, 6, 12, 16, 48, 54, 64, 81, 96, 144, 162, 192, 216, 288]]
[1384, [4, 8, 16, 18, 24, 27, 32, 64, 81, 108, 144, 162, 192, 216, 288]]
[1385, [4, 9, 12, 16, 24, 32, 54, 64, 72, 96, 108, 162, 192, 216, 324]]
[1386, [3, 8, 18, 24, 36, 54, 64, 81, 96, 144, 162, 192, 216, 288]]
[1387, [6, 9, 12, 16, 18, 27, 32, 36, 48, 64, 72, 81, 108, 162, 192, 216, 288]]
[1388, [4, 9, 16, 18, 24, 27, 32, 48, 64, 72, 108, 162, 192, 288, 324]]
[1389, [6, 8, 9, 18, 24, 27, 36, 54, 64, 72, 81, 96, 108, 144, 162, 192, 288]]
[1390, [4, 9, 12, 18, 27, 32, 36, 54, 64, 96, 144, 162, 192, 216, 324]]
[1391, [4, 8, 16, 18, 27, 36, 48, 54, 64, 72, 96, 108, 144, 192, 216, 288]]
[1392, [6, 8, 12, 16, 24, 27, 32, 36, 48, 64, 72, 81, 108, 162, 192, 216, 288]]
[1393, [4, 8, 9, 12, 36, 54, 64, 96, 144, 162, 192, 288, 324]]
[1394, [6, 9, 12, 16, 18, 24, 27, 48, 54, 64, 72, 96, 108, 144, 192, 216, 288]]
[1395, [4, 8, 12, 24, 27, 32, 36, 54, 64, 96, 144, 162, 192, 216, 324]]
[1396, [3, 12, 16, 24, 32, 36, 54, 64, 72, 81, 144, 162, 192, 216, 288]]
[1397, [3, 12, 16, 24, 27, 36, 64, 72, 81, 96, 108, 162, 192, 216, 288]]
[1398, [4, 6, 16, 27, 36, 48, 54, 64, 72, 81, 96, 108, 144, 162, 192, 288]]
[1399, [6, 8, 9, 16, 24, 27, 48, 54, 64, 72, 81, 96, 108, 144, 162, 192, 288]]
[1400, [4, 9, 12, 16, 27, 32, 48, 54, 64, 96, 144, 162, 192, 216, 324]]
[1401, [6, 8, 9, 12, 16, 32, 48, 64, 72, 96, 144, 162, 192, 216, 324]]
[1402, [4, 8, 9, 12, 54, 64, 72, 81, 96, 144, 162, 192, 216, 288]]
[1403, [3, 12, 16, 27, 36, 48, 54, 64, 72, 81, 96, 108, 144, 162, 192, 288]]
[1404, [4, 9, 12, 16, 18, 48, 54, 64, 81, 96, 144, 162, 192, 216, 288]]
[1405, [6, 8, 12, 16, 18, 27, 36, 48, 54, 64, 72, 96, 108, 144, 192, 216, 288]]
[1406, [3, 16, 18, 24, 27, 36, 48, 54, 64, 72, 96, 108, 144, 192, 216, 288]]
[1407, [2, 24, 27, 48, 64, 72, 96, 108, 162, 192, 288, 324]]
[1408, [3, 9, 12, 24, 36, 54, 64, 96, 144, 162, 192, 288, 324]]
[1409, [4, 8, 12, 16, 24, 48, 54, 64, 81, 96, 144, 162, 192, 216, 288]]
[1410, [2, 12, 54, 64, 72, 96, 144, 162, 192, 288, 324]]
[1411, [4, 6, 12, 32, 36, 48, 54, 64, 72, 81, 144, 162, 192, 216, 288]]
[1412, [4, 6, 12, 27, 36, 48, 64, 72, 81, 96, 108, 162, 192, 216, 288]]
[1413, [8, 9, 12, 16, 18, 24, 27, 32, 36, 48, 64, 72, 81, 108, 162, 192, 216, 288]]
[1414, [4, 6, 18, 24, 27, 32, 48, 64, 81, 108, 144, 162, 192, 216, 288]]
[1415, [4, 9, 12, 16, 24, 32, 48, 64, 72, 96, 144, 162, 192, 216, 324]]
[1416, [2, 16, 32, 48, 64, 72, 162, 192, 216, 288, 324]]
[1417, [3, 9, 12, 24, 54, 64, 72, 81, 96, 144, 162, 192, 216, 288]]
[1418, [4, 6, 12, 18, 27, 64, 81, 96, 108, 144, 162, 192, 216, 288]]
[1419, [4, 9, 16, 18, 27, 36, 48, 54, 64, 72, 81, 96, 108, 144, 162, 192, 288]]
[1420, [3, 9, 18, 27, 36, 48, 64, 72, 81, 96, 108, 162, 192, 216, 288]]
[1421, [4, 6, 16, 27, 32, 36, 48, 54, 64, 96, 144, 162, 192, 216, 324]]
[1422, [6, 8, 9, 16, 24, 27, 32, 48, 54, 64, 96, 144, 162, 192, 216, 324]]
[1423, [4, 6, 8, 36, 54, 64, 72, 81, 96, 144, 162, 192, 216, 288]]
[1424, [4, 8, 16, 24, 27, 36, 48, 54, 64, 72, 81, 96, 108, 144, 162, 192, 288]]
[1425, [3, 8, 24, 27, 36, 48, 64, 72, 81, 96, 108, 162, 192, 216, 288]]
[1426, [6, 9, 12, 16, 18, 24, 32, 36, 54, 64, 72, 81, 144, 162, 192, 216, 288]]
[1427, [6, 9, 12, 16, 18, 24, 27, 36, 64, 72, 81, 96, 108, 162, 192, 216, 288]]
[1428, [3, 8, 12, 36, 54, 64, 72, 81, 96, 144, 162, 192, 216, 288]]
[1429, [4, 6, 9, 24, 36, 48, 72, 96, 144, 162, 216, 288, 324]]
[1430, [3, 12, 16, 18, 36, 48, 54, 64, 81, 96, 144, 162, 192, 216, 288]]
[1431, [2, 24, 36, 54, 64, 72, 81, 96, 144, 162, 192, 216, 288]]
[1432, [4, 9, 12, 18, 32, 36, 48, 54, 64, 72, 81, 144, 162, 192, 216, 288]]
[1433, [6, 9, 12, 16, 18, 27, 36, 48, 54, 64, 72, 81, 96, 108, 144, 162, 192, 288]]
[1434, [3, 9, 24, 27, 32, 36, 48, 64, 81, 108, 144, 162, 192, 216, 288]]
[1435, [4, 6, 18, 24, 27, 32, 54, 64, 72, 96, 144, 162, 192, 216, 324]]
[1436, [4, 6, 16, 24, 27, 32, 64, 72, 81, 108, 144, 162, 192, 216, 288]]
[1437, [4, 8, 12, 24, 32, 36, 48, 54, 64, 72, 81, 144, 162, 192, 216, 288]]
[1438, [6, 8, 12, 16, 24, 27, 36, 48, 54, 64, 72, 81, 96, 108, 144, 162, 192, 288]]
[1439, [3, 8, 24, 32, 36, 48, 54, 64, 72, 96, 108, 162, 192, 216, 324]]
[1440, [3, 12, 18, 24, 27, 32, 54, 64, 72, 96, 144, 162, 192, 216, 324]]
[1441, [3, 12, 16, 24, 27, 32, 64, 72, 81, 108, 144, 162, 192, 216, 288]]
[1442, [4, 9, 16, 18, 27, 32, 36, 48, 54, 64, 96, 144, 162, 192, 216, 324]]
[1443, [6, 8, 9, 16, 18, 27, 32, 64, 72, 81, 108, 144, 162, 192, 216, 288]]
[1444, [4, 8, 9, 18, 36, 54, 64, 72, 81, 96, 144, 162, 192, 216, 288]]
[1445, [3, 8, 18, 24, 32, 54, 64, 96, 108, 144, 162, 192, 216, 324]]
[1446, [3, 8, 18, 27, 36, 48, 64, 72, 96, 108, 162, 192, 288, 324]]
[1447, [4, 9, 12, 24, 27, 32, 36, 48, 64, 81, 108, 144, 162, 192, 216, 288]]
[1448, [4, 8, 12, 16, 24, 48, 54, 64, 72, 108, 144, 162, 192, 216, 324]]
[1449, [4, 8, 16, 18, 27, 32, 36, 48, 54, 72, 144, 162, 216, 288, 324]]
[1450, [4, 6, 9, 27, 32, 54, 64, 72, 162, 192, 216, 288, 324]]
[1451, [4, 8, 16, 18, 24, 36, 48, 54, 64, 81, 96, 144, 162, 192, 216, 288]]
[1452, [4, 8, 12, 24, 32, 36, 48, 54, 64, 72, 96, 108, 162, 192, 216, 324]]
[1453, [6, 8, 12, 16, 18, 24, 27, 36, 64, 72, 96, 108, 162, 192, 288, 324]]
[1454, [6, 8, 9, 18, 24, 32, 36, 48, 54, 64, 72, 81, 144, 162, 192, 216, 288]]
[1455, [6, 8, 9, 18, 24, 27, 36, 48, 64, 72, 81, 96, 108, 162, 192, 216, 288]]
[1456, [4, 6, 12, 27, 32, 48, 64, 72, 81, 108, 144, 162, 192, 216, 288]]
[1457, [4, 9, 16, 18, 24, 27, 32, 64, 72, 81, 108, 144, 162, 192, 216, 288]]
[1458, [6, 8, 9, 12, 18, 36, 54, 64, 72, 81, 96, 144, 162, 192, 216, 288]]
[1459, [8, 9, 12, 16, 18, 24, 27, 36, 48, 54, 64, 72, 81, 96, 108, 144, 162, 192, 288]]
[1460, [3, 9, 16, 24, 36, 48, 54, 64, 96, 144, 162, 192, 288, 324]]
[1461, [6, 8, 12, 16, 24, 27, 32, 36, 48, 54, 64, 96, 144, 162, 192, 216, 324]]
[1462, [2, 16, 48, 54, 64, 72, 96, 144, 162, 192, 288, 324]]
[1463, [6, 8, 12, 16, 18, 27, 32, 36, 48, 54, 72, 144, 162, 216, 288, 324]]
[1464, [3, 9, 18, 27, 32, 48, 64, 72, 81, 108, 144, 162, 192, 216, 288]]
[1465, [6, 8, 12, 16, 18, 24, 36, 48, 54, 64, 81, 96, 144, 162, 192, 216, 288]]
[1466, [3, 8, 12, 36, 48, 64, 81, 96, 108, 128, 144, 162, 192, 384]]
[1467, [2, 24, 27, 36, 64, 96, 108, 144, 162, 192, 288, 324]]
[1468, [6, 8, 9, 12, 16, 48, 54, 64, 72, 81, 96, 144, 162, 192, 216, 288]]
[1469, [3, 9, 16, 24, 48, 54, 64, 72, 81, 96, 144, 162, 192, 216, 288]]
[1470, [4, 6, 16, 18, 27, 48, 64, 81, 96, 108, 144, 162, 192, 216, 288]]
[1471, [6, 9, 12, 16, 18, 24, 27, 32, 64, 72, 81, 108, 144, 162, 192, 216, 288]]
[1472, [4, 9, 12, 18, 24, 36, 54, 64, 72, 81, 96, 144, 162, 192, 216, 288]]
[1473, [6, 8, 9, 12, 24, 27, 36, 64, 81, 96, 108, 144, 162, 192, 216, 288]]
[1474, [3, 12, 18, 24, 27, 36, 48, 64, 72, 96, 108, 162, 192, 288, 324]]
[1475, [3, 12, 16, 18, 27, 48, 64, 81, 96, 108, 144, 162, 192, 216, 288]]
[1476, [2, 24, 27, 64, 72, 81, 96, 108, 144, 162, 192, 216, 288]]
[1477, [4, 9, 12, 18, 27, 32, 48, 64, 72, 81, 108, 144, 162, 192, 216, 288]]
[1478, [4, 9, 16, 18, 24, 27, 32, 48, 54, 64, 162, 192, 216, 288, 324]]
[1479, [6, 8, 9, 16, 18, 24, 32, 48, 64, 72, 162, 192, 216, 288, 324]]
[1480, [3, 8, 16, 36, 48, 54, 64, 72, 81, 96, 144, 162, 192, 216, 288]]
[1481, [6, 8, 9, 16, 18, 32, 36, 48, 64, 72, 108, 128, 144, 192, 216, 384]]
[1482, [4, 9, 12, 16, 24, 48, 54, 64, 72, 81, 96, 144, 162, 192, 216, 288]]
[1483, [3, 16, 18, 24, 27, 32, 36, 64, 72, 81, 108, 144, 162, 192, 216, 288]]
[1484, [4, 6, 16, 18, 32, 48, 54, 64, 96, 108, 144, 162, 192, 216, 324]]
[1485, [3, 8, 18, 24, 36, 54, 64, 72, 96, 144, 162, 192, 288, 324]]
[1486, [4, 8, 12, 16, 18, 36, 54, 96, 108, 144, 162, 216, 288, 324]]
[1487, [6, 8, 9, 12, 24, 32, 36, 54, 64, 96, 108, 144, 162, 192, 216, 324]]
[1488, [3, 9, 12, 24, 32, 54, 64, 108, 162, 192, 216, 288, 324]]
[1489, [4, 8, 9, 18, 27, 64, 72, 81, 96, 108, 144, 162, 192, 216, 288]]
[1490, [3, 9, 16, 27, 36, 48, 64, 81, 96, 108, 144, 162, 192, 216, 288]]
[1491, [6, 8, 12, 16, 18, 27, 32, 48, 54, 64, 72, 96, 144, 162, 192, 216, 324]]
[1492, [3, 16, 18, 24, 27, 32, 48, 54, 64, 72, 96, 144, 162, 192, 216, 324]]
[1493, [4, 8, 12, 16, 36, 48, 54, 64, 72, 81, 96, 144, 162, 192, 216, 288]]
[1494, [6, 8, 9, 12, 18, 27, 36, 64, 96, 108, 144, 162, 192, 288, 324]]
[1495, [3, 8, 16, 24, 48, 54, 64, 72, 96, 144, 162, 192, 288, 324]]
[1496, [4, 12, 16, 18, 24, 27, 32, 36, 64, 72, 81, 108, 144, 162, 192, 216, 288]]
[1497, [3, 6, 24, 32, 54, 64, 72, 96, 108, 144, 162, 192, 216, 324]]
[1498, [4, 6, 18, 27, 32, 36, 48, 64, 72, 81, 108, 144, 162, 192, 216, 288]]
[1499, [6, 8, 9, 18, 24, 27, 32, 48, 64, 72, 81, 108, 144, 162, 192, 216, 288]]
[1500, [3, 9, 16, 24, 32, 48, 54, 72, 108, 144, 162, 216, 288, 324]]
[1501, [3, 12, 16, 18, 24, 36, 54, 96, 108, 144, 162, 216, 288, 324]]
[1502, [3, 8, 24, 27, 32, 36, 54, 64, 72, 162, 192, 216, 288, 324]]
[1503, [4, 6, 16, 24, 36, 48, 54, 64, 72, 81, 96, 144, 162, 192, 216, 288]]
[1504, [3, 9, 18, 24, 27, 64, 72, 81, 96, 108, 144, 162, 192, 216, 288]]
[1505, [4, 12, 16, 18, 24, 27, 32, 48, 54, 64, 72, 96, 144, 162, 192, 216, 324]]
[1506, [6, 8, 9, 16, 27, 32, 36, 48, 54, 64, 72, 96, 144, 162, 192, 216, 324]]
[1507, [3, 9, 16, 27, 32, 48, 54, 64, 72, 162, 192, 216, 288, 324]]
[1508, [3, 12, 16, 24, 36, 48, 54, 64, 72, 81, 96, 144, 162, 192, 216, 288]]
[1509, [4, 8, 12, 18, 27, 36, 48, 54, 72, 96, 144, 162, 216, 288, 324]]
[1510, [6, 8, 9, 16, 18, 36, 48, 54, 64, 72, 81, 96, 144, 162, 192, 216, 288]]
[1511, [3, 8, 16, 32, 36, 48, 54, 72, 108, 144, 162, 216, 288, 324]]
[1512, [6, 8, 9, 16, 24, 27, 32, 36, 64, 72, 108, 144, 162, 192, 288, 324]]
[1513, [4, 6, 18, 24, 27, 32, 48, 64, 72, 108, 144, 162, 192, 288, 324]]
[1514, [6, 8, 9, 16, 24, 32, 36, 48, 64, 72, 81, 108, 128, 144, 162, 192, 384]]
[1515, [3, 8, 18, 27, 36, 64, 72, 81, 96, 108, 144, 162, 192, 216, 288]]
[1516, [3, 8, 16, 27, 36, 48, 64, 96, 108, 144, 162, 192, 288, 324]]
[1517, [4, 9, 12, 18, 24, 27, 64, 72, 81, 96, 108, 144, 162, 192, 216, 288]]
[1518, [3, 9, 18, 24, 32, 54, 64, 72, 96, 108, 144, 162, 192, 216, 324]]
[1519, [4, 6, 18, 24, 27, 36, 48, 54, 72, 96, 144, 162, 216, 288, 324]]
[1520, [4, 9, 16, 24, 27, 32, 36, 48, 54, 64, 72, 96, 144, 162, 192, 216, 324]]
[1521, [6, 8, 9, 16, 18, 24, 36, 64, 72, 96, 108, 128, 144, 192, 216, 384]]
[1522, [4, 6, 12, 24, 32, 36, 54, 64, 108, 162, 192, 216, 288, 324]]
[1523, [3, 12, 16, 18, 24, 36, 64, 72, 96, 162, 192, 216, 288, 324]]
[1524, [4, 9, 16, 18, 24, 36, 48, 54, 64, 72, 81, 96, 144, 162, 192, 216, 288]]
[1525, [6, 8, 9, 16, 24, 27, 36, 48, 64, 81, 96, 108, 144, 162, 192, 216, 288]]
[1526, [4, 8, 16, 18, 27, 32, 48, 54, 72, 81, 96, 108, 128, 162, 288, 384]]
[1527, [6, 9, 12, 16, 24, 27, 32, 36, 48, 54, 64, 81, 108, 128, 144, 162, 192, 384]]
[1528, [4, 8, 12, 18, 27, 36, 64, 72, 81, 96, 108, 144, 162, 192, 216, 288]]
[1529, [3, 8, 18, 32, 36, 54, 64, 72, 96, 108, 144, 162, 192, 216, 324]]
[1530, [3, 8, 18, 24, 27, 64, 72, 96, 108, 144, 162, 192, 288, 324]]
[1531, [4, 9, 12, 18, 24, 32, 54, 64, 72, 96, 108, 144, 162, 192, 216, 324]]
[1532, [6, 8, 9, 12, 27, 32, 36, 48, 64, 72, 108, 144, 162, 192, 288, 324]]
[1533, [3, 9, 24, 27, 32, 36, 48, 64, 72, 108, 144, 162, 192, 288, 324]]
[1534, [6, 9, 12, 16, 24, 27, 32, 36, 48, 54, 64, 72, 96, 144, 162, 192, 216, 324]]
[1535, [3, 6, 24, 27, 36, 72, 81, 108, 128, 162, 216, 288, 384]]
[1536, [3, 8, 18, 27, 36, 48, 54, 64, 96, 162, 192, 216, 288, 324]]
[1537, [3, 9, 12, 27, 36, 64, 72, 96, 108, 144, 162, 192, 288, 324]]
[1538, [6, 9, 12, 16, 18, 24, 36, 48, 54, 64, 72, 81, 96, 144, 162, 192, 216, 288]]
[1539, [6, 8, 9, 16, 24, 32, 36, 48, 54, 64, 96, 108, 144, 162, 192, 216, 324]]
[1540, [3, 9, 16, 24, 32, 48, 54, 64, 108, 162, 192, 216, 288, 324]]
[1541, [6, 8, 9, 16, 18, 32, 36, 48, 54, 72, 108, 144, 162, 216, 288, 324]]
[1542, [4, 8, 12, 18, 32, 36, 54, 64, 72, 96, 108, 144, 162, 192, 216, 324]]
[1543, [3, 12, 18, 24, 27, 36, 64, 72, 81, 96, 108, 144, 162, 192, 216, 288]]
[1544, [3, 12, 16, 24, 27, 36, 48, 64, 96, 108, 144, 162, 192, 288, 324]]
[1545, [4, 8, 9, 12, 48, 54, 72, 96, 108, 144, 162, 216, 288, 324]]
[1546, [4, 9, 12, 24, 27, 32, 36, 48, 64, 72, 108, 144, 162, 192, 288, 324]]
[1547, [3, 9, 16, 24, 27, 54, 64, 72, 96, 162, 192, 216, 288, 324]]
[1548, [4, 6, 16, 24, 27, 48, 64, 72, 81, 96, 108, 144, 162, 192, 216, 288]]
[1549, [4, 8, 12, 18, 27, 36, 48, 54, 64, 96, 162, 192, 216, 288, 324]]
[1550, [4, 8, 16, 18, 24, 36, 48, 54, 64, 72, 96, 144, 162, 192, 288, 324]]
[1551, [3, 8, 16, 24, 36, 54, 72, 96, 108, 144, 162, 216, 288, 324]]
[1552, [4, 6, 18, 24, 32, 36, 54, 64, 72, 96, 108, 144, 162, 192, 216, 324]]
[1553, [3, 12, 16, 24, 27, 48, 64, 72, 81, 96, 108, 144, 162, 192, 216, 288]]
[1554, [3, 12, 16, 18, 32, 48, 54, 64, 81, 128, 144, 162, 192, 216, 384]]
[1555, [6, 8, 9, 16, 18, 27, 48, 64, 72, 81, 96, 108, 144, 162, 192, 216, 288]]
[1556, [2, 24, 27, 64, 72, 81, 96, 108, 128, 162, 192, 216, 384]]
[1557, [3, 12, 18, 24, 32, 36, 54, 64, 72, 96, 108, 144, 162, 192, 216, 324]]
[1558, [4, 8, 9, 24, 27, 36, 64, 72, 96, 108, 144, 162, 192, 288, 324]]
[1559, [4, 9, 12, 16, 18, 36, 54, 72, 96, 108, 144, 162, 216, 288, 324]]
[1560, [4, 9, 16, 18, 24, 27, 36, 48, 64, 96, 108, 144, 162, 192, 288, 324]]
[1561, [6, 8, 9, 16, 18, 27, 32, 54, 81, 96, 108, 128, 144, 162, 288, 384]]
[1562, [4, 6, 16, 24, 32, 48, 54, 64, 72, 96, 108, 144, 162, 192, 216, 324]]
[1563, [3, 16, 18, 24, 27, 32, 36, 64, 72, 81, 108, 128, 162, 192, 216, 384]]
[1564, [6, 8, 12, 16, 18, 24, 36, 48, 54, 64, 72, 96, 144, 162, 192, 288, 324]]
[1565, [3, 8, 18, 24, 32, 54, 64, 72, 108, 162, 192, 216, 288, 324]]
[1566, [4, 6, 8, 36, 48, 54, 72, 96, 108, 144, 162, 216, 288, 324]]
[1567, [3, 12, 16, 24, 32, 48, 54, 64, 72, 96, 108, 144, 162, 192, 216, 324]]
[1568, [4, 8, 9, 18, 32, 54, 64, 72, 81, 128, 144, 162, 192, 216, 384]]
[1569, [4, 9, 16, 18, 24, 27, 48, 64, 72, 81, 96, 108, 144, 162, 192, 216, 288]]
[1570, [3, 9, 16, 27, 36, 48, 64, 81, 96, 108, 128, 162, 192, 216, 384]]
[1571, [3, 8, 12, 36, 48, 54, 72, 96, 108, 144, 162, 216, 288, 324]]
[1572, [6, 8, 9, 12, 24, 27, 36, 64, 72, 96, 108, 144, 162, 192, 288, 324]]
[1573, [4, 9, 12, 18, 24, 32, 36, 48, 64, 144, 162, 192, 216, 288, 324]]
[1574, [6, 9, 12, 16, 18, 24, 27, 36, 48, 64, 96, 108, 144, 162, 192, 288, 324]]
[1575, [4, 8, 12, 18, 27, 48, 54, 64, 72, 96, 108, 128, 144, 192, 216, 384]]
[1576, [6, 9, 12, 16, 18, 27, 32, 36, 48, 54, 64, 72, 162, 192, 216, 288, 324]]
[1577, [4, 6, 18, 24, 27, 32, 48, 54, 96, 108, 128, 144, 216, 288, 384]]
[1578, [4, 8, 12, 18, 24, 32, 54, 64, 72, 108, 162, 192, 216, 288, 324]]
[1579, [3, 12, 16, 24, 32, 36, 48, 54, 64, 108, 162, 192, 216, 288, 324]]
[1580, [4, 8, 16, 18, 27, 36, 48, 64, 72, 81, 96, 108, 144, 162, 192, 216, 288]]
[1581, [6, 8, 9, 16, 18, 24, 36, 54, 72, 96, 108, 144, 162, 216, 288, 324]]
[1582, [3, 9, 16, 24, 32, 36, 64, 72, 144, 162, 192, 216, 288, 324]]
[1583, [6, 9, 12, 16, 18, 24, 27, 48, 64, 72, 81, 96, 108, 144, 162, 192, 216, 288]]
[1584, [6, 8, 9, 16, 24, 27, 36, 54, 64, 72, 96, 108, 128, 144, 192, 216, 384]]
[1585, [4, 8, 9, 12, 48, 54, 64, 96, 108, 162, 192, 216, 288, 324]]
[1586, [3, 12, 16, 24, 27, 36, 54, 64, 72, 96, 162, 192, 216, 288, 324]]
[1587, [4, 8, 9, 18, 36, 48, 54, 72, 96, 108, 144, 162, 216, 288, 324]]
[1588, [6, 8, 9, 16, 18, 27, 36, 54, 64, 72, 96, 162, 192, 216, 288, 324]]
[1589, [3, 9, 16, 27, 36, 48, 64, 72, 96, 108, 144, 162, 192, 288, 324]]
[1590, [3, 9, 18, 27, 48, 54, 64, 72, 81, 96, 108, 128, 144, 162, 192, 384]]
[1591, [3, 8, 16, 24, 36, 54, 64, 96, 108, 162, 192, 216, 288, 324]]
[1592, [3, 8, 12, 18, 64, 81, 108, 128, 144, 162, 192, 288, 384]]
[1593, [4, 8, 9, 24, 32, 36, 54, 64, 72, 108, 162, 192, 216, 288, 324]]
[1594, [6, 8, 12, 16, 18, 27, 36, 48, 64, 72, 81, 96, 108, 144, 162, 192, 216, 288]]
[1595, [3, 16, 18, 24, 27, 36, 48, 64, 72, 81, 96, 108, 144, 162, 192, 216, 288]]
[1596, [4, 9, 12, 18, 24, 32, 54, 64, 72, 81, 128, 144, 162, 192, 216, 384]]
[1597, [6, 9, 12, 16, 18, 24, 32, 48, 54, 64, 72, 96, 108, 144, 162, 192, 216, 324]]
[1598, [6, 8, 9, 16, 24, 27, 32, 36, 64, 72, 96, 128, 192, 216, 288, 384]]
[1599, [4, 9, 12, 16, 18, 36, 54, 64, 96, 108, 162, 192, 216, 288, 324]]
[1600, [3, 9, 12, 24, 48, 54, 64, 96, 108, 162, 192, 216, 288, 324]]
[1601, [6, 8, 9, 12, 18, 36, 48, 54, 72, 96, 108, 144, 162, 216, 288, 324]]
[1602, [4, 9, 12, 16, 27, 36, 48, 64, 72, 96, 108, 144, 162, 192, 288, 324]]
[1603, [4, 6, 18, 24, 27, 32, 48, 54, 64, 144, 162, 192, 216, 288, 324]]
[1604, [4, 6, 16, 18, 32, 48, 54, 64, 72, 108, 162, 192, 216, 288, 324]]
[1605, [3, 9, 24, 27, 36, 48, 54, 64, 72, 96, 108, 128, 144, 192, 216, 384]]
[1606, [4, 6, 8, 36, 48, 54, 64, 96, 108, 162, 192, 216, 288, 324]]
[1607, [6, 8, 9, 12, 24, 32, 36, 54, 64, 72, 108, 162, 192, 216, 288, 324]]
[1608, [4, 12, 16, 18, 24, 27, 36, 48, 64, 72, 81, 96, 108, 144, 162, 192, 216, 288]]
[1609, [3, 16, 18, 24, 32, 36, 48, 54, 64, 72, 96, 108, 144, 162, 192, 216, 324]]
[1610, [4, 9, 12, 18, 24, 32, 48, 72, 81, 96, 108, 128, 144, 162, 288, 384]]
[1611, [3, 8, 12, 36, 48, 54, 64, 96, 108, 162, 192, 216, 288, 324]]
[1612, [3, 9, 12, 16, 48, 64, 108, 128, 144, 192, 216, 288, 384]]
[1613, [4, 6, 9, 27, 32, 72, 81, 96, 108, 128, 162, 216, 288, 384]]
[1614, [3, 8, 24, 27, 36, 48, 54, 64, 72, 96, 162, 192, 216, 288, 324]]
[1615, [4, 9, 12, 18, 24, 36, 48, 54, 72, 96, 108, 144, 162, 216, 288, 324]]
[1616, [6, 9, 12, 16, 18, 24, 27, 36, 54, 64, 72, 96, 162, 192, 216, 288, 324]]
[1617, [4, 6, 18, 24, 32, 36, 54, 64, 72, 81, 128, 144, 162, 192, 216, 384]]
[1618, [4, 9, 12, 24, 27, 36, 48, 54, 64, 72, 96, 108, 128, 144, 192, 216, 384]]
[1619, [4, 6, 12, 27, 32, 48, 54, 72, 96, 108, 128, 144, 216, 288, 384]]
[1620, [3, 8, 18, 24, 27, 54, 64, 96, 144, 162, 192, 216, 288, 324]]
[1621, [6, 8, 9, 16, 18, 24, 36, 54, 64, 96, 108, 162, 192, 216, 288, 324]]
[1622, [4, 12, 16, 18, 24, 32, 36, 48, 54, 64, 72, 96, 108, 144, 162, 192, 216, 324]]
[1623, [3, 9, 24, 27, 32, 36, 48, 54, 64, 144, 162, 192, 216, 288, 324]]
[1624, [6, 8, 9, 16, 24, 27, 36, 48, 64, 72, 96, 108, 144, 162, 192, 288, 324]]
[1625, [4, 6, 16, 24, 27, 32, 54, 64, 72, 144, 162, 192, 216, 288, 324]]
[1626, [3, 9, 16, 24, 27, 36, 81, 108, 128, 144, 162, 216, 288, 384]]
[1627, [4, 8, 12, 24, 27, 36, 48, 54, 64, 72, 96, 162, 192, 216, 288, 324]]
[1628, [4, 6, 16, 24, 27, 48, 64, 72, 81, 96, 108, 128, 162, 192, 216, 384]]
[1629, [4, 9, 12, 16, 18, 36, 48, 64, 96, 144, 162, 192, 216, 288, 324]]
[1630, [4, 8, 16, 18, 24, 32, 48, 54, 64, 72, 108, 162, 192, 216, 288, 324]]
[1631, [4, 6, 12, 16, 54, 64, 72, 81, 96, 128, 144, 162, 192, 216, 384]]
[1632, [6, 8, 9, 16, 18, 27, 32, 54, 64, 72, 144, 162, 192, 216, 288, 324]]
[1633, [4, 8, 12, 18, 24, 27, 54, 64, 96, 144, 162, 192, 216, 288, 324]]
[1634, [4, 6, 12, 24, 36, 48, 54, 64, 96, 108, 162, 192, 216, 288, 324]]
[1635, [3, 8, 16, 24, 32, 54, 64, 108, 144, 162, 192, 216, 288, 324]]
[1636, [4, 9, 12, 24, 27, 32, 36, 48, 54, 64, 144, 162, 192, 216, 288, 324]]
[1637, [4, 9, 12, 16, 32, 36, 48, 54, 64, 72, 108, 162, 192, 216, 288, 324]]
[1638, [4, 6, 16, 27, 32, 36, 54, 72, 81, 96, 108, 128, 144, 162, 288, 384]]
