[1, [1]]
[2, 0]
[3, 0]
[4, 0]
[5, 0]
[6, 0]
[7, 0]
[8, 0]
[9, 0]
[10, 0]
[11, [2, 3, 6]]
[12, 0]
[13, 0]
[14, 0]
[15, 0]
[16, 0]
[17, 0]
[18, 0]
[19, 0]
[20, 0]
[21, 0]
[22, 0]
[23, 0]
[24, 0]
[25, 0]
[26, 0]
[27, 0]
[28, 0]
[29, 0]
[30, [2, 3, 10, 15]]
[31, 0]
[32, [2, 3, 9, 18]]
[33, 0]
[34, 0]
[35, 0]
[36, 0]
[37, 0]
[38, 0]
[39, 0]
[40, 0]
[41, 0]
[42, 0]
[43, 0]
[44, 0]
[45, 0]
[46, 0]
[47, 0]
[48, 0]
[49, 0]
[50, 0]
[51, 0]
[52, 0]
[53, [2, 5, 6, 10, 30]]
[54, [2, 3, 7, 42]]
[55, 0]
[56, 0]
[57, 0]
[58, 0]
[59, 0]
[60, [2, 6, 9, 10, 15, 18]]
[61, 0]
[62, 0]
[63, 0]
[64, 0]
[65, 0]
[66, 0]
[67, [2, 5, 6, 9, 45]]
[68, 0]
[69, [2, 3, 14, 15, 35]]
[70, 0]
[71, [2, 3, 11, 22, 33]]
[72, 0]
[73, 0]
[74, [2, 5, 9, 10, 18, 30]]
[75, 0]
[76, 0]
[77, 0]
[78, 0]
[79, 0]
[80, 0]
[81, [3, 5, 6, 9, 10, 18, 30]]
[82, [2, 6, 7, 10, 15, 42]]
[83, 0]
[84, [2, 6, 7, 9, 18, 42]]
[85, 0]
[86, [2, 5, 9, 10, 15, 45]]
[87, 0]
[88, 0]
[89, [2, 3, 9, 30, 45]]
[90, 0]
[91, 0]
[92, [2, 5, 6, 14, 30, 35]]
[93, [3, 5, 6, 9, 10, 15, 45]]
[94, 0]
[95, [2, 3, 9, 27, 54]]
[96, [2, 5, 7, 10, 30, 42]]
[97, 0]
[98, 0]
[99, [2, 6, 9, 14, 15, 18, 35]]
[100, 0]
[101, [2, 6, 9, 11, 18, 22, 33]]
[102, 0]
[103, [2, 7, 9, 10, 15, 18, 42]]
[104, 0]
[105, 0]
[106, 0]
[107, 0]
[108, 0]
[109, 0]
[110, [2, 5, 7, 9, 42, 45]]
[111, [2, 5, 10, 14, 15, 30, 35]]
[112, 0]
[113, [2, 5, 9, 14, 18, 30, 35]]
[114, 0]
[115, 0]
[116, 0]
[117, [2, 6, 9, 10, 15, 30, 45]]
[118, [2, 3, 15, 21, 35, 42]]
[119, 0]
[120, [2, 9, 10, 11, 15, 18, 22, 33]]
[121, [2, 6, 7, 14, 15, 35, 42]]
[122, 0]
[123, [2, 3, 10, 18, 90]]
[124, [3, 5, 7, 9, 10, 18, 30, 42]]
[125, [2, 5, 9, 14, 15, 35, 45]]
[126, 0]
[127, [2, 5, 9, 11, 22, 33, 45]]
[128, 0]
[129, 0]
[130, 0]
[131, [2, 6, 7, 14, 18, 21, 63]]
[132, [3, 5, 6, 9, 14, 15, 35, 45]]
[133, 0]
[134, [3, 5, 6, 9, 11, 22, 33, 45]]
[135, [2, 3, 9, 22, 99]]
[136, [2, 3, 15, 18, 35, 63]]
[137, [2, 5, 9, 10, 27, 30, 54]]
[138, [2, 6, 11, 14, 15, 22, 33, 35]]
[139, [2, 5, 9, 14, 18, 21, 70]]
[140, [2, 3, 14, 21, 30, 70]]
[141, [2, 3, 11, 15, 110]]
[142, [2, 3, 14, 18, 42, 63]]
[143, 0]
[144, [2, 5, 6, 10, 55, 66]]
[145, 0]
[146, [3, 5, 6, 9, 14, 18, 21, 70]]
[147, [2, 6, 7, 9, 27, 42, 54]]
[148, [2, 5, 6, 10, 50, 75]]
[149, [3, 6, 7, 9, 14, 15, 18, 35, 42]]
[150, [2, 5, 7, 10, 21, 105]]
[151, [2, 6, 7, 10, 21, 35, 70]]
[152, [2, 5, 11, 14, 22, 30, 33, 35]]
[153, [3, 5, 9, 10, 11, 15, 22, 33, 45]]
[154, 0]
[155, [2, 5, 7, 15, 21, 35, 70]]
[156, [2, 3, 15, 17, 34, 85]]
[157, [2, 5, 6, 18, 27, 45, 54]]
[158, [2, 3, 10, 35, 45, 63]]
[159, [2, 5, 6, 18, 30, 35, 63]]
[160, [2, 5, 10, 15, 21, 30, 35, 42]]
[161, [2, 3, 9, 21, 126]]
[162, [2, 3, 10, 35, 42, 70]]
[163, [2, 6, 9, 10, 15, 22, 99]]
[164, [2, 5, 6, 11, 30, 110]]
[165, [2, 5, 9, 10, 18, 55, 66]]
[166, [2, 3, 10, 30, 55, 66]]
[167, [3, 5, 6, 10, 15, 21, 30, 35, 42]]
[168, [2, 6, 10, 14, 15, 21, 30, 70]]
[169, [2, 5, 9, 10, 18, 50, 75]]
[170, [2, 3, 10, 30, 50, 75]]
[171, [2, 5, 6, 15, 35, 45, 63]]
[172, [2, 7, 9, 10, 18, 21, 35, 70]]
[173, [3, 6, 7, 9, 10, 15, 27, 42, 54]]
[174, [2, 5, 9, 15, 21, 35, 42, 45]]
[175, [2, 5, 6, 15, 35, 42, 70]]
[176, [2, 5, 9, 14, 27, 30, 35, 54]]
[177, [2, 5, 6, 14, 42, 45, 63]]
[178, [2, 5, 10, 15, 18, 30, 35, 63]]
[179, [2, 3, 18, 27, 30, 45, 54]]
[180, [2, 3, 9, 45, 55, 66]]
[181, [2, 3, 7, 78, 91]]
[182, [2, 6, 9, 14, 15, 21, 45, 70]]
[183, [2, 5, 6, 14, 35, 55, 66]]
[184, [2, 3, 9, 45, 50, 75]]
[185, [2, 5, 6, 18, 21, 63, 70]]
[186, [2, 3, 10, 27, 54, 90]]
[187, [2, 3, 7, 70, 105]]
[188, [2, 6, 7, 14, 21, 30, 45, 63]]
[189, [2, 5, 7, 14, 21, 35, 105]]
[190, [2, 6, 10, 14, 15, 18, 35, 90]]
[191, [2, 5, 7, 10, 42, 50, 75]]
[192, [2, 3, 10, 30, 42, 105]]
[193, [2, 3, 15, 30, 35, 45, 63]]
[194, [2, 6, 7, 14, 21, 27, 54, 63]]
[195, [2, 6, 7, 9, 21, 45, 105]]
[196, [2, 5, 9, 14, 21, 30, 45, 70]]
[197, [2, 3, 15, 30, 35, 42, 70]]
[198, [2, 5, 9, 14, 18, 42, 45, 63]]
[199, [2, 3, 14, 30, 42, 45, 63]]
[200, [2, 3, 15, 18, 27, 135]]
[201, [2, 3, 7, 63, 126]]
[202, [2, 3, 9, 35, 63, 90]]
[203, [2, 5, 9, 10, 21, 30, 126]]
[204, [2, 5, 9, 14, 18, 35, 55, 66]]
[205, [2, 3, 14, 27, 42, 54, 63]]
[206, [2, 3, 9, 42, 45, 105]]
[207, [2, 3, 18, 21, 30, 63, 70]]
[208, [2, 5, 9, 14, 18, 35, 50, 75]]
[209, [2, 3, 14, 30, 35, 50, 75]]
[210, [2, 6, 7, 10, 35, 42, 45, 63]]
[211, [2, 3, 18, 21, 35, 42, 90]]
[212, [2, 3, 9, 33, 66, 99]]
[213, [2, 5, 9, 10, 18, 39, 130]]
[214, [2, 3, 10, 30, 39, 130]]
[215, [2, 6, 7, 10, 15, 70, 105]]
[216, [2, 5, 9, 14, 22, 30, 35, 99]]
[217, [2, 5, 7, 14, 18, 45, 126]]
[218, [2, 3, 11, 26, 33, 143]]
[219, [2, 3, 14, 30, 35, 45, 90]]
[220, [2, 5, 9, 15, 18, 27, 54, 90]]
[221, [2, 3, 15, 27, 30, 54, 90]]
[222, [2, 3, 10, 23, 69, 115]]
[223, [2, 3, 14, 26, 35, 65, 78]]
[224, [2, 7, 9, 11, 14, 22, 33, 126]]
[225, [2, 3, 14, 27, 35, 54, 90]]
[226, [2, 3, 10, 22, 90, 99]]
[227, [2, 5, 6, 13, 39, 45, 117]]
[228, [2, 3, 9, 39, 45, 130]]
[229, [2, 5, 7, 10, 30, 70, 105]]
[230, [2, 5, 7, 14, 35, 42, 50, 75]]
[231, [2, 3, 14, 21, 55, 66, 70]]
[232, [2, 5, 6, 21, 35, 42, 55, 66]]
[233, [2, 6, 9, 14, 21, 27, 30, 54, 70]]
[234, [2, 3, 11, 18, 90, 110]]
[235, [2, 3, 14, 21, 50, 70, 75]]
[236, [2, 5, 6, 21, 35, 42, 50, 75]]
[237, [2, 5, 6, 11, 66, 70, 77]]
[238, [2, 5, 10, 14, 18, 21, 63, 105]]
[239, [2, 3, 15, 22, 35, 63, 99]]
[240, [2, 3, 9, 30, 70, 126]]
[241, [2, 5, 10, 15, 27, 30, 35, 54, 63]]
[242, [2, 5, 6, 21, 30, 45, 63, 70]]
[243, [2, 5, 7, 9, 45, 70, 105]]
[244, [2, 5, 9, 10, 30, 35, 63, 90]]
[245, [2, 3, 14, 21, 45, 70, 90]]
[246, [2, 5, 6, 21, 35, 42, 45, 90]]
[247, [2, 5, 10, 14, 27, 30, 42, 54, 63]]
[248, [2, 5, 6, 21, 27, 54, 63, 70]]
[249, [2, 3, 13, 30, 39, 45, 117]]
[250, [2, 5, 6, 18, 35, 55, 63, 66]]
[251, [2, 3, 11, 33, 55, 70, 77]]
[252, [2, 3, 9, 34, 51, 153]]
[253, [2, 3, 14, 21, 45, 63, 105]]
[254, [2, 3, 21, 30, 35, 42, 55, 66]]
[255, [2, 3, 7, 54, 189]]
[256, [2, 5, 7, 18, 21, 35, 63, 105]]
[257, [2, 3, 14, 21, 42, 70, 105]]
[258, [2, 3, 21, 30, 35, 42, 50, 75]]
[259, [2, 3, 11, 30, 66, 70, 77]]
[260, [2, 5, 6, 22, 27, 45, 54, 99]]
[261, [2, 3, 11, 14, 231]]
[262, [2, 5, 6, 22, 30, 35, 63, 99]]
[263, [2, 5, 9, 15, 27, 30, 54, 55, 66]]
[264, [2, 5, 6, 18, 35, 45, 63, 90]]
[265, [2, 3, 14, 22, 35, 90, 99]]
[266, [2, 3, 9, 27, 90, 135]]
[267, [2, 5, 9, 14, 27, 35, 54, 55, 66]]
[268, [2, 3, 10, 22, 66, 165]]
[269, [2, 3, 11, 35, 45, 63, 110]]
[270, [2, 3, 18, 27, 45, 54, 55, 66]]
[271, [2, 3, 10, 45, 55, 66, 90]]
[272, [2, 3, 18, 30, 35, 55, 63, 66]]
[273, [2, 3, 11, 35, 42, 70, 110]]
[274, [2, 3, 18, 27, 45, 50, 54, 75]]
[275, [2, 3, 10, 45, 50, 75, 90]]
[276, [2, 3, 18, 30, 35, 50, 63, 75]]
[277, [2, 3, 11, 30, 55, 66, 110]]
[278, [2, 3, 10, 21, 77, 165]]
[279, [2, 3, 14, 21, 39, 70, 130]]
[280, [2, 5, 6, 21, 35, 39, 42, 130]]
[281, [2, 3, 11, 30, 50, 75, 110]]
[282, [2, 3, 9, 26, 99, 143]]
[283, [2, 3, 10, 42, 55, 66, 105]]
[284, [2, 3, 9, 27, 81, 162]]
[285, [2, 3, 15, 23, 35, 46, 161]]
[286, [2, 3, 10, 21, 75, 175]]
[287, [2, 3, 10, 42, 50, 75, 105]]
[288, [2, 3, 15, 18, 25, 225]]
[289, [2, 3, 10, 35, 70, 78, 91]]
[290, [2, 3, 10, 30, 35, 210]]
[291, [2, 3, 11, 30, 45, 90, 110]]
[292, [2, 3, 13, 14, 78, 182]]
[293, [2, 5, 7, 14, 15, 75, 175]]
[294, [2, 3, 14, 42, 45, 50, 63, 75]]
[295, [2, 3, 11, 26, 65, 78, 110]]
[296, [2, 3, 15, 30, 50, 55, 66, 75]]
[297, [2, 3, 10, 42, 45, 90, 105]]
[298, [2, 3, 11, 18, 66, 198]]
[299, [2, 5, 6, 15, 21, 75, 175]]
[300, [2, 3, 14, 35, 50, 55, 66, 75]]
[301, [2, 3, 7, 51, 238]]
[302, [2, 3, 15, 35, 42, 45, 70, 90]]
[303, [2, 3, 10, 33, 66, 90, 99]]
[304, [2, 3, 9, 35, 45, 210]]
[305, [2, 3, 10, 33, 70, 77, 110]]
[306, [2, 3, 15, 30, 45, 55, 66, 90]]
[307, [2, 3, 14, 22, 35, 66, 165]]
[308, [2, 3, 21, 27, 30, 45, 54, 126]]
[309, [2, 3, 10, 35, 63, 70, 126]]
[310, [2, 3, 10, 25, 45, 225]]
[311, [2, 3, 11, 33, 42, 66, 154]]
[312, [2, 5, 6, 10, 34, 255]]
[313, [2, 3, 14, 18, 45, 105, 126]]
[314, [2, 3, 14, 35, 45, 50, 75, 90]]
[315, [2, 3, 9, 55, 70, 77, 99]]
[316, [2, 3, 10, 21, 70, 210]]
[317, [2, 3, 14, 21, 35, 77, 165]]
[318, [2, 3, 15, 30, 42, 55, 66, 105]]
[319, [2, 3, 10, 30, 78, 91, 105]]
[320, [2, 3, 18, 21, 45, 55, 77, 99]]
[321, [2, 3, 13, 18, 65, 90, 130]]
[322, [2, 3, 14, 33, 42, 63, 66, 99]]
[323, [2, 3, 14, 19, 38, 114, 133]]
[324, [2, 3, 15, 26, 45, 65, 78, 90]]
[325, [2, 3, 11, 30, 39, 110, 130]]
[326, [2, 3, 14, 30, 45, 63, 78, 91]]
[327, [2, 5, 6, 27, 35, 45, 54, 63, 90]]
[328, [2, 3, 11, 18, 63, 231]]
[329, [2, 3, 15, 21, 27, 126, 135]]
[330, [2, 3, 14, 30, 42, 70, 78, 91]]
[331, [2, 3, 9, 55, 66, 70, 126]]
[332, [2, 3, 14, 27, 54, 63, 78, 91]]
[333, [2, 3, 9, 45, 78, 91, 105]]
[334, [2, 3, 10, 30, 34, 255]]
[335, [2, 3, 9, 50, 70, 75, 126]]
[336, [2, 3, 14, 35, 42, 45, 90, 105]]
[337, [2, 3, 11, 22, 90, 99, 110]]
[338, [2, 3, 10, 19, 114, 190]]
[339, [2, 3, 10, 30, 63, 105, 126]]
[340, [2, 3, 13, 39, 45, 55, 66, 117]]
[341, [2, 3, 13, 21, 42, 78, 182]]
[342, [2, 3, 14, 33, 35, 66, 90, 99]]
[343, [2, 3, 10, 34, 51, 90, 153]]
[344, [2, 3, 13, 39, 45, 50, 75, 117]]
[345, [2, 3, 9, 45, 70, 90, 126]]
[346, [2, 5, 6, 9, 54, 270]]
[347, [2, 3, 11, 33, 45, 55, 198]]
[348, [2, 3, 9, 34, 45, 255]]
[349, [2, 3, 14, 25, 35, 45, 225]]
[350, [2, 3, 14, 30, 42, 63, 70, 126]]
[351, [2, 3, 9, 42, 78, 91, 126]]
[352, [2, 3, 9, 26, 78, 234]]
[353, [2, 3, 9, 45, 63, 105, 126]]
[354, [2, 3, 9, 25, 90, 225]]
[355, [2, 3, 7, 49, 294]]
[356, [2, 3, 13, 35, 45, 63, 65, 130]]
[357, [2, 3, 9, 42, 70, 105, 126]]
[358, [2, 3, 14, 30, 35, 78, 91, 105]]
[359, [2, 3, 13, 18, 63, 78, 182]]
[360, [2, 3, 13, 35, 42, 65, 70, 130]]
[361, [2, 3, 11, 22, 78, 91, 154]]
[362, [2, 3, 9, 29, 58, 261]]
[363, [2, 3, 10, 35, 54, 70, 189]]
[364, [2, 3, 11, 45, 66, 70, 77, 90]]
[365, [2, 3, 10, 30, 70, 75, 175]]
[366, [2, 3, 13, 39, 42, 45, 105, 117]]
[367, [2, 3, 10, 26, 91, 105, 130]]
[368, [2, 3, 9, 30, 54, 270]]
[369, [2, 3, 9, 45, 62, 93, 155]]
[370, [2, 3, 11, 42, 66, 77, 78, 91]]
[371, [2, 3, 9, 45, 70, 77, 165]]
[372, [2, 3, 11, 45, 63, 66, 77, 105]]
[373, [2, 3, 9, 39, 78, 99, 143]]
[374, [2, 3, 10, 21, 65, 273]]
[375, [2, 3, 9, 19, 342]]
[376, [2, 3, 11, 42, 66, 70, 77, 105]]
[377, [2, 3, 14, 19, 35, 114, 190]]
[378, [2, 3, 13, 30, 45, 65, 90, 130]]
[379, [2, 3, 9, 39, 70, 126, 130]]
[380, [2, 3, 15, 25, 45, 50, 90, 150]]
[381, [2, 3, 10, 35, 42, 119, 170]]
[382, [2, 3, 9, 23, 138, 207]]
[383, [2, 3, 10, 30, 65, 78, 195]]
[384, [2, 3, 13, 27, 54, 65, 90, 130]]
[385, [2, 3, 10, 35, 50, 75, 210]]
[386, [2, 5, 6, 10, 33, 330]]
[387, [2, 3, 10, 30, 57, 95, 190]]
[388, [2, 3, 14, 22, 55, 77, 105, 110]]
[389, [2, 3, 9, 45, 55, 110, 165]]
[390, [2, 3, 11, 42, 63, 66, 77, 126]]
[391, [2, 3, 11, 27, 54, 63, 231]]
[392, [2, 3, 14, 26, 42, 63, 99, 143]]
[393, [2, 3, 10, 30, 54, 105, 189]]
[394, [2, 3, 10, 18, 171, 190]]
[395, [2, 3, 9, 34, 102, 119, 126]]
[396, [2, 3, 10, 18, 165, 198]]
[397, [2, 3, 9, 45, 65, 78, 195]]
[398, [2, 3, 11, 39, 66, 70, 77, 130]]
[399, [2, 3, 14, 21, 34, 70, 255]]
[400, [2, 3, 11, 35, 70, 78, 91, 110]]
[401, [2, 3, 9, 45, 57, 95, 190]]
[402, [2, 3, 13, 26, 45, 91, 105, 117]]
[403, [2, 3, 9, 45, 55, 102, 187]]
[404, [2, 3, 9, 27, 66, 297]]
[405, [2, 3, 18, 27, 54, 55, 70, 77, 99]]
[406, [2, 3, 7, 105, 119, 170]]
[407, [2, 3, 9, 45, 54, 105, 189]]
[408, [2, 3, 10, 18, 150, 225]]
[409, [2, 3, 10, 33, 42, 154, 165]]
[410, [2, 3, 10, 55, 66, 78, 91, 105]]
[411, [2, 3, 9, 45, 55, 99, 198]]
[412, [2, 3, 13, 34, 39, 51, 117, 153]]
[413, [2, 3, 14, 15, 78, 91, 210]]
[414, [2, 3, 10, 19, 95, 285]]
[415, [2, 3, 9, 39, 63, 117, 182]]
[416, [2, 3, 11, 39, 55, 66, 110, 130]]
[417, [2, 3, 9, 35, 77, 126, 165]]
[418, [2, 3, 14, 23, 46, 78, 91, 161]]
[419, [2, 3, 9, 38, 63, 133, 171]]
[420, [2, 3, 11, 35, 63, 70, 110, 126]]
[421, [2, 3, 9, 33, 99, 110, 165]]
[422, [2, 3, 9, 33, 45, 330]]
[423, [2, 5, 6, 11, 34, 110, 255]]
[424, [2, 3, 10, 45, 78, 90, 91, 105]]
[425, [2, 3, 9, 35, 75, 126, 175]]
[426, [2, 3, 7, 90, 135, 189]]
[427, [2, 3, 11, 21, 66, 126, 198]]
[428, [2, 3, 7, 91, 130, 195]]
[429, [2, 3, 10, 34, 50, 75, 255]]
[430, [2, 3, 10, 55, 63, 66, 105, 126]]
[431, [2, 3, 10, 26, 65, 130, 195]]
[432, [2, 3, 10, 25, 42, 350]]
[433, [2, 3, 14, 15, 63, 126, 210]]
[434, [2, 3, 10, 50, 63, 75, 105, 126]]
[435, [2, 3, 9, 33, 99, 102, 187]]
[436, [2, 3, 13, 22, 65, 78, 110, 143]]
[437, [2, 3, 10, 35, 54, 63, 270]]
[438, [2, 3, 7, 90, 126, 210]]
[439, [2, 3, 10, 30, 51, 105, 238]]
[440, [2, 3, 14, 21, 55, 70, 110, 165]]
[441, [2, 3, 13, 21, 39, 77, 286]]
[442, [2, 3, 14, 18, 27, 378]]
[443, [2, 3, 9, 35, 70, 135, 189]]
[444, [2, 3, 7, 81, 162, 189]]
[445, [2, 3, 9, 33, 90, 110, 198]]
[446, [2, 3, 10, 55, 62, 66, 93, 155]]
[447, [2, 3, 14, 15, 70, 98, 245]]
[448, [2, 3, 10, 42, 70, 90, 105, 126]]
[449, [2, 3, 11, 19, 110, 114, 190]]
[450, [2, 3, 10, 45, 65, 78, 117, 130]]
[451, [2, 3, 10, 30, 45, 171, 190]]
[452, [2, 3, 10, 50, 70, 75, 77, 165]]
[453, [2, 3, 9, 45, 51, 105, 238]]
[454, [2, 3, 7, 91, 117, 234]]
[455, [2, 3, 9, 35, 70, 126, 210]]
[456, [2, 3, 10, 42, 65, 91, 117, 126]]
[457, [2, 3, 10, 26, 65, 117, 234]]
[458, [2, 3, 10, 39, 78, 91, 105, 130]]
[459, [2, 3, 9, 30, 119, 126, 170]]
[460, [2, 3, 7, 98, 105, 245]]
[461, [2, 3, 10, 25, 70, 126, 225]]
[462, [2, 3, 10, 45, 70, 77, 90, 165]]
[463, [2, 3, 9, 50, 54, 75, 270]]
[464, [2, 3, 7, 77, 165, 210]]
[465, [2, 3, 10, 30, 45, 150, 225]]
[466, [2, 3, 10, 19, 90, 342]]
[467, [2, 3, 9, 45, 51, 102, 255]]
[468, [2, 3, 10, 42, 70, 77, 110, 154]]
[469, [2, 3, 9, 30, 102, 153, 170]]
[470, [2, 3, 10, 26, 39, 390]]
[471, [2, 3, 9, 42, 51, 126, 238]]
[472, [2, 3, 7, 75, 175, 210]]
[473, [2, 3, 9, 30, 105, 135, 189]]
[474, [2, 3, 7, 77, 154, 231]]
[475, [2, 3, 9, 35, 63, 165, 198]]
[476, [2, 3, 10, 42, 75, 78, 91, 175]]
[477, [2, 3, 11, 23, 46, 161, 231]]
[478, [2, 3, 7, 95, 105, 266]]
[479, [2, 3, 10, 29, 58, 87, 290]]
[480, [2, 3, 10, 45, 55, 90, 110, 165]]
[481, [2, 3, 9, 30, 99, 143, 195]]
[482, [2, 3, 9, 27, 63, 378]]
[483, [2, 3, 15, 17, 38, 85, 323]]
[484, [2, 3, 9, 70, 78, 91, 105, 126]]
[485, [2, 3, 9, 30, 105, 126, 210]]
[486, [2, 3, 10, 34, 90, 102, 119, 126]]
[487, [2, 3, 9, 35, 63, 150, 225]]
[488, [2, 3, 10, 42, 63, 77, 126, 165]]
[489, [2, 3, 14, 34, 51, 63, 78, 91, 153]]
[490, [2, 3, 11, 30, 70, 77, 99, 198]]
[491, [2, 3, 10, 22, 102, 165, 187]]
[492, [2, 3, 10, 42, 55, 105, 110, 165]]
[493, [2, 3, 10, 30, 49, 105, 294]]
[494, [2, 3, 9, 65, 78, 90, 117, 130]]
[495, [2, 3, 9, 30, 90, 171, 190]]
[496, [2, 3, 10, 35, 77, 105, 110, 154]]
[497, [2, 3, 9, 30, 90, 165, 198]]
[498, [2, 3, 10, 45, 54, 90, 105, 189]]
[499, [2, 3, 9, 34, 70, 126, 255]]
[500, [2, 3, 10, 42, 65, 78, 105, 195]]
[501, [2, 3, 9, 38, 57, 126, 266]]
[502, [2, 3, 9, 66, 78, 91, 99, 154]]
[503, [2, 3, 10, 33, 50, 75, 330]]
[504, [2, 3, 7, 82, 123, 287]]
[505, [2, 3, 11, 18, 110, 171, 190]]
[506, [2, 3, 10, 39, 63, 90, 117, 182]]
[507, [2, 3, 9, 39, 54, 130, 270]]
[508, [2, 3, 9, 63, 77, 90, 110, 154]]
[509, [2, 3, 9, 30, 90, 150, 225]]
[510, [2, 3, 10, 38, 63, 90, 133, 171]]
[511, [2, 3, 10, 22, 99, 150, 225]]
[512, [2, 3, 10, 33, 90, 99, 110, 165]]
[513, [2, 3, 9, 30, 98, 126, 245]]
[514, [2, 3, 9, 63, 77, 90, 105, 165]]
[515, [2, 3, 11, 22, 70, 77, 330]]
[516, [2, 3, 10, 35, 75, 90, 126, 175]]
[517, [2, 3, 9, 35, 63, 135, 270]]
[518, [2, 3, 11, 34, 51, 66, 153, 198]]
[519, [2, 3, 11, 18, 110, 150, 225]]
[520, [2, 3, 9, 62, 70, 93, 126, 155]]
[521, [2, 3, 11, 18, 102, 187, 198]]
[522, [2, 3, 7, 90, 105, 315]]
[523, [2, 3, 10, 21, 126, 171, 190]]
[524, [2, 3, 14, 21, 22, 462]]
[525, [2, 3, 9, 42, 49, 126, 294]]
[526, [2, 3, 11, 15, 165, 330]]
[527, [2, 3, 14, 27, 63, 70, 81, 105, 162]]
[528, [2, 3, 10, 35, 63, 119, 126, 170]]
[529, [2, 3, 9, 34, 85, 90, 306]]
[530, [2, 3, 10, 45, 63, 66, 110, 231]]
[531, [2, 3, 9, 30, 95, 126, 266]]
[532, [2, 3, 10, 35, 65, 105, 130, 182]]
[533, [2, 3, 9, 35, 78, 91, 315]]
[534, [2, 3, 9, 55, 77, 99, 119, 170]]
[535, [2, 3, 10, 21, 119, 170, 210]]
[536, [2, 3, 9, 54, 81, 90, 135, 162]]
[537, [2, 3, 9, 27, 135, 171, 190]]
[538, [2, 3, 10, 35, 63, 102, 153, 170]]
[539, [2, 3, 9, 27, 135, 165, 198]]
[540, [2, 3, 10, 18, 117, 390]]
[541, [2, 3, 7, 46, 483]]
[542, [2, 3, 9, 21, 234, 273]]
[543, [2, 3, 11, 25, 42, 110, 350]]
[544, [2, 3, 9, 30, 50, 450]]
[545, [2, 3, 14, 22, 27, 99, 378]]
[546, [2, 3, 9, 63, 78, 90, 91, 210]]
[547, [2, 3, 10, 33, 39, 130, 330]]
[548, [2, 3, 9, 45, 99, 117, 130, 143]]
[549, [2, 3, 9, 33, 77, 110, 315]]
[550, [2, 3, 9, 55, 66, 119, 126, 170]]
[551, [2, 3, 9, 27, 135, 150, 225]]
[552, [2, 3, 9, 54, 78, 91, 126, 189]]
[553, [2, 3, 9, 35, 63, 126, 315]]
[554, [2, 3, 9, 50, 75, 119, 126, 170]]
[555, [2, 3, 13, 21, 35, 91, 390]]
[556, [2, 3, 10, 33, 63, 126, 154, 165]]
[557, [2, 3, 9, 30, 81, 162, 270]]
[558, [2, 3, 9, 54, 70, 105, 126, 189]]
[559, [2, 3, 10, 25, 78, 91, 350]]
[560, [2, 3, 7, 65, 210, 273]]
[561, [2, 5, 6, 9, 99, 110, 330]]
[562, [2, 3, 10, 18, 115, 414]]
[563, [2, 5, 6, 10, 54, 81, 405]]
[564, [2, 3, 7, 66, 189, 297]]
[565, [2, 3, 9, 29, 87, 174, 261]]
[566, [2, 3, 7, 70, 154, 330]]
[567, [2, 3, 10, 21, 126, 135, 270]]
[568, [2, 3, 9, 50, 75, 105, 135, 189]]
[569, [2, 3, 10, 26, 55, 143, 330]]
[570, [2, 3, 11, 15, 154, 385]]
[571, [2, 3, 10, 30, 42, 154, 330]]
[572, [2, 3, 9, 55, 66, 99, 143, 195]]
[573, [2, 3, 9, 33, 70, 126, 330]]
[574, [2, 3, 9, 45, 90, 102, 153, 170]]
[575, [2, 3, 9, 30, 90, 126, 315]]
[576, [2, 3, 9, 42, 105, 119, 126, 170]]
[577, [2, 3, 10, 22, 99, 126, 315]]
[578, [2, 3, 11, 23, 33, 506]]
[579, [2, 3, 9, 38, 51, 153, 323]]
[580, [2, 3, 9, 45, 91, 105, 130, 195]]
[581, [2, 3, 11, 26, 39, 110, 390]]
[582, [2, 3, 7, 63, 234, 273]]
[583, [2, 3, 9, 30, 99, 110, 330]]
[584, [2, 3, 11, 18, 55, 495]]
[585, [2, 3, 9, 42, 45, 154, 330]]
[586, [2, 3, 7, 90, 99, 385]]
[587, [2, 3, 10, 30, 42, 150, 350]]
[588, [2, 3, 9, 55, 66, 90, 165, 198]]
[589, [2, 3, 10, 21, 98, 210, 245]]
[590, [2, 3, 9, 45, 77, 119, 165, 170]]
[591, [2, 3, 14, 15, 50, 182, 325]]
[592, [2, 3, 9, 50, 75, 90, 165, 198]]
[593, [2, 5, 6, 11, 30, 154, 385]]
[594, [2, 3, 11, 30, 66, 77, 90, 315]]
[595, [2, 3, 9, 30, 95, 114, 342]]
[596, [2, 3, 9, 42, 90, 126, 135, 189]]
[597, [2, 3, 10, 30, 45, 117, 390]]
[598, [2, 3, 9, 39, 119, 126, 130, 170]]
[599, [2, 3, 9, 26, 130, 195, 234]]
[600, [2, 3, 7, 63, 210, 315]]
[601, [2, 3, 9, 30, 77, 165, 315]]
[602, [2, 3, 9, 21, 189, 378]]
[603, [2, 3, 9, 35, 70, 99, 385]]
[604, [2, 3, 7, 63, 207, 322]]
[605, [2, 3, 9, 27, 105, 189, 270]]
[606, [2, 3, 9, 45, 91, 105, 117, 234]]
[607, [2, 3, 9, 35, 54, 189, 315]]
[608, [2, 3, 9, 39, 102, 130, 153, 170]]
[609, [2, 3, 9, 30, 75, 175, 315]]
[610, [2, 3, 9, 45, 77, 110, 154, 210]]
[611, [2, 3, 10, 21, 115, 138, 322]]
[612, [2, 3, 9, 39, 105, 130, 135, 189]]
[613, [2, 3, 9, 27, 110, 165, 297]]
[614, [2, 3, 9, 42, 81, 126, 162, 189]]
[615, [2, 3, 15, 22, 33, 45, 495]]
[616, [2, 3, 9, 45, 70, 126, 171, 190]]
[617, [2, 3, 9, 27, 126, 135, 315]]
[618, [2, 3, 9, 45, 70, 126, 165, 198]]
[619, [2, 3, 9, 35, 63, 117, 390]]
[620, [2, 3, 9, 39, 99, 130, 143, 195]]
[621, [2, 3, 9, 26, 126, 182, 273]]
[622, [2, 3, 9, 42, 77, 135, 165, 189]]
[623, [2, 3, 10, 33, 35, 210, 330]]
[624, [2, 3, 9, 22, 126, 462]]
[625, [2, 3, 9, 25, 171, 190, 225]]
[626, [2, 3, 9, 42, 90, 105, 150, 225]]
[627, [2, 3, 9, 25, 165, 198, 225]]
[628, [2, 3, 7, 66, 165, 385]]
[629, [2, 3, 14, 18, 46, 63, 483]]
[630, [2, 3, 9, 42, 75, 135, 175, 189]]
[631, [2, 3, 13, 15, 78, 130, 390]]
[632, [2, 3, 9, 50, 63, 105, 175, 225]]
[633, [2, 3, 9, 30, 99, 105, 385]]
[634, [2, 3, 9, 39, 90, 130, 171, 190]]
[635, [2, 3, 9, 26, 114, 234, 247]]
[636, [2, 3, 9, 39, 90, 130, 165, 198]]
[637, [2, 3, 10, 22, 105, 110, 385]]
[638, [2, 3, 10, 18, 110, 495]]
[639, [2, 3, 9, 30, 70, 210, 315]]
[640, [2, 3, 10, 33, 77, 90, 110, 315]]
[641, [2, 3, 9, 26, 117, 198, 286]]
[642, [2, 3, 7, 63, 189, 378]]
[643, [2, 3, 9, 30, 70, 207, 322]]
[644, [2, 3, 9, 42, 77, 126, 154, 231]]
[645, [2, 3, 14, 15, 47, 235, 329]]
[646, [2, 3, 9, 39, 99, 117, 143, 234]]
[647, [2, 3, 10, 30, 43, 129, 430]]
[648, [2, 3, 9, 39, 90, 130, 150, 225]]
[649, [2, 3, 9, 45, 50, 90, 450]]
[650, [2, 3, 9, 54, 70, 77, 165, 270]]
[651, [2, 3, 10, 21, 90, 210, 315]]
[652, [2, 3, 9, 39, 90, 117, 182, 210]]
[653, [2, 3, 9, 33, 78, 99, 429]]
[654, [2, 3, 9, 42, 85, 105, 153, 255]]
[655, [2, 3, 9, 33, 57, 209, 342]]
[656, [2, 3, 9, 38, 90, 133, 171, 210]]
[657, [2, 3, 11, 25, 35, 231, 350]]
[658, [2, 3, 9, 49, 70, 105, 126, 294]]
[659, [2, 5, 6, 9, 70, 189, 378]]
[660, [2, 3, 9, 21, 175, 450]]
[661, [2, 3, 9, 42, 50, 105, 450]]
[662, [2, 3, 9, 35, 119, 135, 170, 189]]
[663, [2, 3, 9, 30, 90, 115, 414]]
[664, [2, 3, 10, 27, 95, 126, 135, 266]]
[665, [2, 3, 9, 30, 69, 207, 345]]
[666, [2, 3, 9, 51, 63, 90, 210, 238]]
[667, [2, 3, 10, 33, 34, 255, 330]]
[668, [2, 3, 9, 42, 78, 105, 195, 234]]
[669, [2, 3, 9, 25, 135, 225, 270]]
[670, [2, 3, 9, 35, 115, 138, 161, 207]]
[671, [2, 3, 11, 19, 63, 231, 342]]
[672, [2, 5, 7, 10, 18, 630]]
[673, [2, 3, 11, 18, 110, 115, 414]]
[674, [2, 3, 9, 35, 119, 126, 170, 210]]
[675, [2, 3, 9, 38, 45, 255, 323]]
[676, [2, 3, 9, 39, 85, 130, 153, 255]]
[677, [2, 3, 9, 30, 66, 270, 297]]
[678, [2, 3, 9, 39, 90, 130, 135, 270]]
[679, [2, 3, 9, 25, 150, 175, 315]]
[680, [2, 3, 9, 45, 65, 114, 195, 247]]
[681, [2, 3, 9, 30, 70, 189, 378]]
[682, [2, 3, 11, 18, 54, 594]]
[683, [2, 3, 9, 27, 117, 135, 390]]
[684, [2, 3, 9, 35, 102, 153, 170, 210]]
[685, [2, 3, 9, 33, 77, 99, 462]]
[686, [2, 3, 9, 45, 65, 119, 170, 273]]
[687, [2, 3, 7, 45, 630]]
[688, [2, 3, 9, 35, 105, 135, 189, 210]]
[689, [2, 3, 9, 85, 90, 102, 119, 126, 153]]
[690, [2, 3, 9, 26, 65, 585]]
[691, [2, 3, 10, 21, 115, 126, 414]]
[692, [2, 3, 9, 42, 63, 165, 198, 210]]
[693, [2, 3, 9, 45, 46, 105, 483]]
[694, [2, 3, 7, 62, 186, 434]]
[695, [2, 3, 10, 25, 50, 275, 330]]
[696, [2, 3, 9, 35, 99, 143, 195, 210]]
[697, [2, 3, 7, 135, 171, 189, 190]]
[698, [2, 3, 9, 35, 99, 154, 165, 231]]
[699, [2, 3, 7, 135, 165, 189, 198]]
[700, [2, 3, 7, 63, 175, 450]]
[701, [2, 3, 9, 33, 54, 270, 330]]
[702, [2, 3, 7, 69, 138, 483]]
[703, [2, 3, 17, 21, 22, 77, 561]]
[704, [2, 3, 9, 42, 63, 150, 210, 225]]
[705, [2, 3, 9, 25, 126, 225, 315]]
[706, [2, 3, 9, 45, 77, 90, 165, 315]]
[707, [2, 3, 9, 35, 49, 294, 315]]
[708, [2, 3, 10, 25, 98, 150, 175, 245]]
[709, [2, 3, 7, 126, 171, 190, 210]]
[710, [2, 3, 9, 35, 90, 171, 190, 210]]
[711, [2, 3, 7, 126, 165, 198, 210]]
[712, [2, 3, 10, 17, 170, 510]]
[713, [2, 3, 9, 25, 135, 189, 350]]
[714, [2, 3, 9, 34, 105, 153, 170, 238]]
[715, [2, 3, 10, 22, 90, 126, 462]]
[716, [2, 3, 9, 33, 110, 171, 190, 198]]
[717, [2, 3, 9, 35, 63, 110, 495]]
[718, [2, 3, 9, 34, 119, 126, 170, 255]]
[719, [2, 3, 9, 27, 90, 210, 378]]
[720, [2, 3, 9, 45, 55, 165, 210, 231]]
[721, [2, 3, 7, 126, 154, 198, 231]]
[722, [2, 3, 9, 35, 90, 154, 198, 231]]
[723, [2, 3, 7, 126, 150, 210, 225]]
[724, [2, 3, 9, 35, 90, 150, 210, 225]]
[725, [2, 3, 9, 25, 126, 210, 350]]
[726, [2, 3, 9, 34, 99, 154, 187, 238]]
[727, [2, 3, 14, 15, 45, 270, 378]]
[728, [2, 3, 9, 34, 102, 153, 170, 255]]
[729, [2, 3, 11, 22, 66, 75, 550]]
[730, [2, 3, 9, 33, 110, 150, 198, 225]]
[731, [2, 5, 6, 14, 18, 245, 441]]
[732, [2, 3, 13, 17, 34, 663]]
[733, [2, 3, 9, 30, 65, 234, 390]]
[734, [2, 3, 7, 57, 266, 399]]
[735, [2, 3, 9, 39, 45, 182, 455]]
[736, [2, 3, 9, 42, 70, 126, 154, 330]]
[737, [2, 3, 10, 19, 171, 190, 342]]
[738, [2, 3, 9, 42, 70, 105, 234, 273]]
[739, [2, 3, 9, 30, 70, 175, 450]]
[740, [2, 3, 9, 34, 99, 143, 195, 255]]
[741, [2, 3, 7, 117, 153, 221, 238]]
[742, [2, 3, 9, 50, 63, 90, 175, 350]]
[743, [2, 3, 10, 26, 65, 91, 546]]
[744, [2, 3, 9, 34, 105, 126, 210, 255]]
[745, [2, 3, 9, 27, 119, 126, 459]]
[746, [2, 3, 9, 35, 95, 126, 210, 266]]
[747, [2, 3, 15, 17, 30, 170, 510]]
[748, [2, 3, 9, 39, 75, 130, 175, 315]]
[749, [2, 3, 10, 22, 75, 175, 462]]
[750, [2, 3, 9, 35, 115, 126, 138, 322]]
[751, [2, 3, 10, 19, 150, 225, 342]]
[752, [2, 3, 9, 33, 99, 165, 210, 231]]
[753, [2, 3, 7, 126, 135, 210, 270]]
[754, [2, 3, 9, 34, 90, 171, 190, 255]]
[755, [2, 3, 7, 114, 154, 209, 266]]
[756, [2, 3, 9, 34, 90, 165, 198, 255]]
[757, [2, 3, 14, 21, 42, 45, 630]]
[758, [2, 3, 7, 70, 130, 546]]
[759, [2, 3, 9, 35, 50, 210, 450]]
[760, [2, 3, 11, 15, 135, 594]]
[761, [2, 6, 7, 10, 14, 57, 665]]
[762, [2, 3, 9, 33, 114, 126, 209, 266]]
[763, [2, 3, 10, 30, 42, 130, 546]]
[764, [2, 3, 7, 66, 147, 539]]
[765, [2, 3, 10, 25, 50, 225, 450]]
[766, [2, 3, 9, 35, 78, 195, 210, 234]]
[767, [2, 3, 7, 105, 182, 195, 273]]
[768, [2, 3, 10, 18, 105, 630]]
[769, [2, 3, 9, 55, 102, 110, 153, 165, 170]]
[770, [2, 3, 9, 37, 90, 111, 185, 333]]
[771, [2, 3, 9, 25, 117, 225, 390]]
[772, [2, 3, 9, 34, 98, 126, 245, 255]]
[773, [2, 3, 7, 110, 165, 189, 297]]
[774, [2, 3, 10, 23, 46, 690]]
[775, [2, 3, 9, 34, 51, 234, 442]]
[776, [2, 3, 9, 33, 90, 198, 210, 231]]
[777, [2, 3, 7, 102, 170, 238, 255]]
[778, [2, 3, 7, 90, 91, 585]]
[779, [2, 3, 10, 22, 66, 286, 390]]
[780, [2, 3, 9, 30, 150, 171, 190, 225]]
[781, [2, 3, 9, 27, 110, 135, 495]]
[782, [2, 3, 7, 55, 330, 385]]
[783, [2, 5, 6, 11, 30, 135, 594]]
[784, [2, 3, 9, 42, 70, 98, 245, 315]]
[785, [2, 3, 7, 119, 154, 170, 330]]
[786, [2, 3, 9, 33, 99, 154, 189, 297]]
[787, [2, 3, 7, 102, 187, 189, 297]]
[788, [2, 3, 9, 50, 78, 91, 105, 450]]
[789, [2, 3, 7, 110, 154, 198, 315]]
[790, [2, 3, 9, 34, 95, 126, 255, 266]]
[791, [2, 3, 9, 55, 99, 102, 153, 170, 198]]
[792, [2, 3, 9, 33, 99, 153, 187, 306]]
[793, [2, 3, 7, 105, 171, 190, 315]]
[794, [2, 3, 9, 34, 102, 117, 221, 306]]
[795, [2, 3, 7, 99, 189, 198, 297]]
[796, [2, 3, 9, 33, 110, 126, 198, 315]]
[797, [2, 3, 7, 115, 138, 210, 322]]
[798, [2, 3, 9, 34, 90, 135, 255, 270]]
[799, [2, 3, 7, 105, 155, 217, 310]]
[800, [2, 3, 9, 30, 130, 182, 210, 234]]
[801, [2, 3, 7, 119, 126, 238, 306]]
[802, [2, 3, 9, 33, 90, 165, 225, 275]]
[803, [2, 3, 7, 105, 147, 245, 294]]
[804, [2, 3, 7, 63, 162, 567]]
[805, [2, 3, 14, 15, 45, 231, 495]]
[806, [2, 3, 9, 33, 105, 135, 189, 330]]
[807, [2, 3, 7, 105, 150, 225, 315]]
[808, [2, 3, 9, 45, 57, 114, 255, 323]]
[809, [2, 3, 9, 25, 105, 315, 350]]
[810, [2, 3, 9, 30, 135, 171, 190, 270]]
[811, [2, 3, 7, 102, 153, 238, 306]]
[812, [2, 3, 9, 30, 135, 165, 198, 270]]
[813, [2, 3, 13, 15, 78, 117, 585]]
[814, [2, 3, 9, 33, 99, 143, 195, 330]]
[815, [2, 3, 11, 22, 55, 95, 627]]
[816, [2, 3, 9, 34, 81, 162, 255, 270]]
[817, [2, 3, 10, 19, 126, 315, 342]]
[818, [2, 3, 9, 33, 105, 126, 210, 330]]
[819, [2, 3, 7, 90, 210, 234, 273]]
[820, [2, 3, 9, 30, 126, 182, 195, 273]]
[821, [2, 3, 7, 91, 198, 234, 286]]
[822, [2, 3, 9, 34, 119, 126, 138, 391]]
[823, [2, 3, 9, 33, 54, 209, 513]]
[824, [2, 3, 9, 30, 135, 150, 225, 270]]
[825, [2, 3, 7, 91, 190, 247, 285]]
[826, [2, 3, 9, 35, 77, 154, 231, 315]]
[827, [2, 3, 7, 91, 195, 230, 299]]
[828, [2, 3, 9, 33, 90, 171, 190, 330]]
[829, [2, 3, 10, 23, 78, 115, 598]]
[830, [2, 3, 9, 33, 90, 165, 198, 330]]
[831, [2, 3, 10, 27, 54, 105, 630]]
[832, [2, 3, 9, 34, 102, 138, 153, 391]]
[833, [2, 3, 7, 117, 126, 221, 357]]
[834, [2, 3, 9, 30, 114, 195, 234, 247]]
[835, [2, 3, 9, 38, 42, 342, 399]]
[836, [2, 3, 9, 34, 102, 119, 189, 378]]
[837, [2, 3, 7, 105, 135, 270, 315]]
[838, [2, 3, 7, 70, 126, 630]]
[839, [2, 3, 7, 98, 154, 245, 330]]
[840, [2, 3, 9, 30, 117, 195, 198, 286]]
[841, [2, 3, 7, 90, 207, 210, 322]]
[842, [2, 3, 9, 33, 90, 150, 225, 330]]
[843, [2, 3, 7, 117, 135, 189, 390]]
[844, [2, 3, 9, 30, 110, 207, 230, 253]]
[845, [2, 3, 7, 110, 143, 195, 385]]
[846, [2, 3, 9, 30, 126, 171, 190, 315]]
[847, [2, 3, 9, 35, 63, 105, 630]]
[848, [2, 3, 9, 30, 126, 165, 198, 315]]
[849, [2, 3, 10, 19, 150, 190, 475]]
[850, [2, 3, 9, 33, 99, 154, 165, 385]]
[851, [2, 3, 7, 102, 165, 187, 385]]
[852, [2, 3, 9, 30, 110, 198, 225, 275]]
[853, [2, 3, 11, 18, 90, 135, 594]]
[854, [2, 3, 9, 34, 95, 114, 255, 342]]
[855, [2, 3, 7, 98, 150, 245, 350]]
[856, [2, 3, 9, 30, 126, 147, 245, 294]]
[857, [2, 3, 7, 95, 154, 266, 330]]
[858, [2, 3, 9, 30, 117, 170, 221, 306]]
[859, [2, 3, 7, 99, 165, 198, 385]]
[860, [2, 3, 9, 29, 135, 189, 203, 290]]
[861, [2, 3, 14, 15, 57, 105, 665]]
[862, [2, 3, 9, 30, 119, 170, 207, 322]]
[863, [2, 3, 7, 91, 171, 247, 342]]
[864, [2, 3, 9, 30, 126, 154, 210, 330]]
[865, [2, 3, 7, 115, 135, 189, 414]]
[866, [2, 3, 9, 30, 105, 210, 234, 273]]
[867, [2, 3, 11, 22, 45, 154, 630]]
[868, [2, 3, 9, 30, 135, 150, 189, 350]]
[869, [2, 3, 9, 25, 110, 225, 495]]
[870, [2, 3, 9, 33, 85, 153, 255, 330]]
[871, [2, 3, 7, 99, 150, 225, 385]]
[872, [2, 3, 9, 29, 126, 203, 210, 290]]
[873, [2, 3, 7, 95, 150, 266, 350]]
[874, [2, 3, 9, 33, 90, 154, 198, 385]]
[875, [2, 3, 9, 39, 42, 234, 546]]
[876, [2, 3, 11, 15, 130, 715]]
[877, [2, 3, 7, 115, 126, 210, 414]]
[878, [2, 3, 9, 35, 90, 115, 210, 414]]
[879, [2, 3, 7, 90, 189, 210, 378]]
[880, [2, 3, 9, 30, 126, 150, 210, 350]]
[881, [2, 3, 7, 102, 138, 238, 391]]
[882, [2, 3, 7, 58, 203, 609]]
[883, [2, 3, 10, 18, 225, 250, 375]]
[884, [2, 3, 9, 31, 93, 207, 217, 322]]
[885, [2, 3, 7, 91, 182, 210, 390]]
[886, [2, 3, 9, 30, 110, 165, 270, 297]]
[887, [2, 3, 10, 27, 65, 78, 702]]
[888, [2, 3, 9, 30, 105, 207, 210, 322]]
[889, [2, 3, 9, 30, 65, 195, 585]]
[890, [2, 3, 9, 30, 126, 135, 270, 315]]
[891, [2, 3, 7, 105, 126, 270, 378]]
[892, [2, 3, 9, 34, 99, 105, 255, 385]]
[893, [2, 3, 9, 33, 54, 198, 594]]
[894, [2, 3, 9, 30, 98, 234, 245, 273]]
[895, [2, 5, 6, 14, 21, 77, 770]]
[896, [2, 3, 9, 30, 138, 153, 170, 391]]
[897, [2, 3, 9, 35, 57, 126, 665]]
[898, [2, 3, 9, 34, 70, 210, 255, 315]]
[899, [2, 3, 11, 25, 33, 275, 550]]
[900, [2, 3, 10, 18, 102, 765]]
[901, [2, 3, 7, 90, 154, 315, 330]]
[902, [2, 3, 9, 21, 153, 714]]
[903, [2, 3, 7, 102, 126, 306, 357]]
[904, [2, 3, 9, 35, 90, 102, 306, 357]]
[905, [2, 3, 7, 117, 126, 195, 455]]
[906, [2, 3, 9, 35, 90, 117, 195, 455]]
[907, [2, 3, 10, 18, 198, 286, 390]]
[908, [2, 3, 9, 30, 99, 198, 270, 297]]
[909, [2, 3, 9, 33, 78, 91, 693]]
[910, [2, 3, 9, 31, 90, 186, 279, 310]]
[911, [2, 3, 9, 26, 91, 234, 546]]
[912, [2, 3, 10, 22, 50, 825]]
[913, [2, 5, 6, 15, 18, 102, 765]]
[914, [2, 3, 9, 30, 99, 210, 231, 330]]
[915, [2, 3, 7, 102, 153, 189, 459]]
[916, [2, 3, 9, 30, 98, 207, 245, 322]]
[917, [2, 3, 7, 90, 150, 315, 350]]
[918, [2, 3, 9, 35, 70, 154, 315, 330]]
[919, [2, 3, 10, 25, 46, 350, 483]]
[920, [2, 3, 9, 42, 66, 105, 198, 495]]
[921, [2, 3, 10, 18, 185, 333, 370]]
[922, [2, 3, 7, 63, 154, 693]]
[923, [2, 3, 14, 15, 42, 385, 462]]
[924, [2, 3, 9, 30, 126, 145, 203, 406]]
[925, [2, 3, 7, 99, 154, 198, 462]]
[926, [2, 3, 9, 30, 105, 189, 210, 378]]
[927, [2, 3, 10, 30, 35, 385, 462]]
[928, [2, 3, 9, 33, 95, 114, 330, 342]]
[929, [2, 3, 7, 105, 126, 245, 441]]
[930, [2, 3, 9, 30, 95, 210, 266, 315]]
[931, [2, 3, 18, 21, 26, 42, 819]]
[932, [2, 3, 9, 33, 99, 110, 286, 390]]
[933, [2, 3, 9, 22, 270, 297, 330]]
[934, [2, 3, 9, 30, 95, 207, 266, 322]]
[935, [2, 3, 7, 91, 182, 195, 455]]
[936, [2, 3, 9, 30, 110, 153, 255, 374]]
[937, [2, 3, 7, 90, 175, 210, 450]]
[938, [2, 3, 9, 35, 90, 99, 315, 385]]
[939, [2, 3, 7, 105, 117, 315, 390]]
[940, [2, 3, 9, 34, 70, 189, 255, 378]]
[941, [2, 3, 7, 78, 221, 273, 357]]
[942, [2, 3, 7, 63, 153, 714]]
[943, [2, 3, 7, 105, 118, 295, 413]]
[944, [2, 3, 7, 57, 210, 665]]
[945, [2, 3, 7, 77, 231, 275, 350]]
[946, [2, 3, 9, 34, 85, 117, 306, 390]]
[947, [2, 3, 9, 30, 63, 210, 630]]
[948, [2, 3, 9, 30, 105, 154, 315, 330]]
[949, [2, 3, 9, 26, 90, 234, 585]]
[950, [2, 3, 10, 17, 153, 765]]
[951, [2, 3, 9, 25, 95, 342, 475]]
[952, [2, 3, 9, 29, 126, 174, 203, 406]]
[953, [2, 3, 7, 77, 221, 286, 357]]
[954, [2, 3, 9, 30, 98, 189, 245, 378]]
[955, [2, 3, 7, 102, 119, 323, 399]]
[956, [2, 3, 9, 29, 105, 203, 290, 315]]
[957, [2, 3, 7, 81, 189, 270, 405]]
[958, [2, 3, 9, 30, 119, 170, 175, 450]]
[959, [2, 5, 6, 9, 70, 153, 714]]
[960, [2, 3, 9, 34, 70, 170, 315, 357]]
[961, [2, 3, 7, 91, 143, 286, 429]]
[962, [2, 3, 9, 35, 63, 225, 250, 375]]
[963, [2, 3, 7, 78, 210, 273, 390]]
[964, [2, 3, 7, 77, 105, 770]]
[965, [2, 3, 7, 105, 119, 270, 459]]
[966, [2, 3, 7, 54, 270, 630]]
[967, [2, 3, 7, 105, 150, 175, 525]]
[968, [2, 3, 9, 34, 85, 115, 306, 414]]
[969, [2, 3, 7, 105, 126, 231, 495]]
[970, [2, 3, 9, 30, 126, 143, 195, 462]]
[971, [2, 3, 7, 98, 126, 294, 441]]
[972, [2, 3, 9, 30, 95, 189, 266, 378]]
[973, [2, 3, 7, 110, 115, 253, 483]]
[974, [2, 3, 7, 74, 111, 777]]
[975, [2, 3, 7, 77, 210, 286, 390]]
[976, [2, 3, 9, 33, 70, 207, 322, 330]]
[977, [2, 3, 7, 75, 225, 315, 350]]
[978, [2, 3, 9, 30, 90, 207, 315, 322]]
[979, [2, 3, 7, 91, 135, 351, 390]]
[980, [2, 3, 9, 31, 93, 175, 217, 450]]
[981, [2, 3, 7, 91, 143, 273, 462]]
[982, [2, 3, 9, 38, 63, 126, 342, 399]]
[983, [2, 3, 7, 117, 126, 182, 546]]
[984, [2, 5, 6, 10, 31, 930]]
[985, [2, 3, 9, 22, 234, 286, 429]]
[986, [2, 3, 9, 33, 99, 147, 154, 539]]
[987, [2, 3, 7, 77, 198, 315, 385]]
[988, [2, 3, 9, 39, 65, 135, 189, 546]]
[989, [2, 3, 10, 19, 114, 290, 551]]
[990, [2, 3, 9, 27, 171, 190, 210, 378]]
[991, [2, 3, 7, 78, 221, 238, 442]]
[992, [2, 3, 9, 27, 165, 198, 210, 378]]
[993, [2, 3, 7, 105, 126, 225, 525]]
[994, [2, 3, 9, 30, 90, 215, 258, 387]]
[995, [2, 3, 7, 99, 147, 198, 539]]
[996, [2, 3, 9, 26, 190, 234, 247, 285]]
[997, [2, 3, 9, 35, 150, 165, 198, 210, 225]]
[998, [2, 3, 9, 26, 195, 230, 234, 299]]
[999, [2, 3, 9, 25, 105, 225, 630]]
[1000, [2, 3, 9, 27, 150, 189, 270, 350]]
[1001, [2, 3, 7, 78, 182, 351, 378]]
[1002, [2, 3, 11, 14, 378, 594]]
[1003, [2, 3, 7, 90, 153, 238, 510]]
[1004, [2, 3, 9, 27, 150, 210, 225, 378]]
[1005, [2, 3, 7, 75, 238, 255, 425]]
[1006, [2, 3, 10, 30, 31, 930]]
[1007, [2, 3, 7, 77, 187, 357, 374]]
[1008, [2, 3, 9, 30, 90, 198, 286, 390]]
[1009, [2, 3, 13, 22, 33, 78, 858]]
[1010, [2, 3, 9, 30, 110, 171, 190, 495]]
[1011, [2, 3, 7, 81, 189, 243, 486]]
[1012, [2, 3, 9, 30, 98, 175, 245, 450]]
[1013, [2, 3, 7, 78, 195, 273, 455]]
[1014, [2, 3, 9, 30, 115, 126, 315, 414]]
[1015, [2, 3, 7, 85, 170, 238, 510]]
[1016, [2, 3, 9, 30, 90, 189, 315, 378]]
[1017, [2, 3, 9, 30, 77, 126, 770]]
[1018, [2, 3, 9, 30, 119, 126, 270, 459]]
[1019, [2, 3, 7, 105, 110, 330, 462]]
[1020, [2, 3, 9, 31, 45, 930]]
[1021, [2, 3, 14, 15, 42, 315, 630]]
[1022, [2, 3, 10, 27, 35, 945]]
[1023, [2, 3, 9, 22, 210, 315, 462]]
[1024, [2, 3, 7, 51, 434, 527]]
[1025, [2, 3, 7, 77, 195, 286, 455]]
[1026, [2, 3, 9, 27, 130, 234, 270, 351]]
[1027, [2, 3, 9, 22, 207, 322, 462]]
[1028, [2, 3, 9, 30, 99, 150, 350, 385]]
[1029, [2, 3, 9, 33, 51, 238, 693]]
[1030, [2, 3, 9, 30, 90, 210, 245, 441]]
[1031, [2, 3, 7, 98, 130, 245, 546]]
[1032, [2, 3, 10, 17, 150, 850]]
[1033, [2, 3, 15, 17, 27, 459, 510]]
[1034, [2, 3, 9, 26, 171, 234, 247, 342]]
[1035, [2, 3, 14, 18, 30, 198, 770]]
[1036, [2, 3, 9, 27, 135, 215, 258, 387]]
[1037, [2, 3, 7, 70, 275, 330, 350]]
[1038, [2, 3, 9, 42, 63, 119, 170, 630]]
[1039, [2, 3, 9, 35, 45, 315, 630]]
[1040, [2, 3, 9, 33, 99, 135, 165, 594]]
[1041, [2, 3, 7, 90, 162, 210, 567]]
[1042, [2, 3, 7, 58, 189, 783]]
[1043, [2, 3, 9, 27, 102, 135, 765]]
[1044, [2, 3, 9, 30, 130, 135, 189, 546]]
[1045, [2, 3, 7, 70, 270, 315, 378]]
[1046, [2, 3, 9, 35, 62, 186, 315, 434]]
[1047, [2, 3, 10, 18, 195, 234, 585]]
[1048, [2, 3, 9, 35, 63, 210, 231, 495]]
[1049, [2, 3, 7, 91, 171, 190, 585]]
[1050, [2, 3, 9, 26, 175, 195, 315, 325]]
[1051, [2, 3, 7, 91, 165, 198, 585]]
[1052, [2, 3, 9, 27, 126, 234, 273, 378]]
[1053, [2, 3, 13, 21, 39, 65, 910]]
[1054, [2, 3, 10, 25, 39, 975]]
[1055, [2, 3, 9, 22, 209, 297, 513]]
[1056, [2, 3, 9, 26, 182, 210, 234, 390]]
[1057, [2, 3, 7, 70, 250, 350, 375]]
[1058, [2, 3, 9, 27, 135, 189, 315, 378]]
[1059, [2, 3, 7, 70, 255, 323, 399]]
[1060, [2, 3, 9, 30, 85, 234, 255, 442]]
[1061, [2, 3, 7, 85, 165, 238, 561]]
[1062, [2, 3, 9, 26, 182, 189, 273, 378]]
[1063, [2, 3, 7, 91, 150, 225, 585]]
[1064, [2, 3, 9, 21, 147, 882]]
[1065, [2, 3, 9, 22, 189, 378, 462]]
[1066, [2, 3, 9, 33, 65, 234, 330, 390]]
[1067, [2, 3, 7, 102, 153, 170, 630]]
[1068, [2, 3, 7, 55, 231, 770]]
[1069, [2, 3, 7, 78, 165, 385, 429]]
[1070, [2, 3, 9, 27, 126, 210, 315, 378]]
[1071, [2, 3, 7, 70, 258, 301, 430]]
[1072, [2, 3, 9, 27, 135, 210, 245, 441]]
[1073, [2, 3, 7, 90, 126, 390, 455]]
[1074, [2, 3, 7, 59, 177, 826]]
[1075, [2, 3, 7, 90, 126, 385, 462]]
[1076, [2, 3, 9, 35, 65, 182, 234, 546]]
[1077, [2, 3, 10, 18, 162, 315, 567]]
[1078, [2, 3, 9, 27, 153, 170, 255, 459]]
[1079, [2, 3, 7, 99, 143, 195, 630]]
[1080, [2, 3, 9, 26, 143, 270, 297, 330]]
[1081, [2, 3, 9, 30, 57, 315, 665]]
[1082, [2, 3, 9, 27, 119, 238, 306, 378]]
[1083, [2, 3, 7, 70, 245, 315, 441]]
[1084, [2, 3, 9, 31, 93, 162, 217, 567]]
[1085, [2, 3, 7, 74, 222, 259, 518]]
[1086, [2, 3, 9, 25, 225, 234, 273, 315]]
[1087, [2, 3, 10, 22, 75, 150, 825]]
[1088, [2, 3, 9, 30, 105, 162, 210, 567]]
[1089, [2, 3, 10, 18, 165, 297, 594]]
[1090, [2, 3, 7, 171, 190, 210, 234, 273]]
[1091, [2, 3, 7, 78, 182, 273, 546]]
[1092, [2, 3, 7, 165, 198, 210, 234, 273]]
[1093, [2, 3, 7, 90, 130, 315, 546]]
[1094, [2, 3, 9, 30, 90, 210, 225, 525]]
[1095, [2, 3, 7, 77, 165, 406, 435]]
[1096, [2, 3, 15, 18, 23, 1035]]
[1097, [2, 3, 10, 31, 55, 66, 930]]
[1098, [2, 3, 9, 30, 126, 145, 174, 609]]
[1099, [2, 3, 7, 77, 165, 390, 455]]
[1100, [2, 3, 9, 30, 78, 273, 315, 390]]
[1101, [2, 3, 7, 77, 165, 385, 462]]
[1102, [2, 3, 7, 154, 198, 231, 234, 273]]
[1103, [2, 3, 7, 75, 175, 406, 435]]
[1104, [2, 3, 7, 63, 147, 882]]
[1105, [2, 3, 7, 70, 231, 330, 462]]
[1106, [2, 3, 9, 25, 210, 234, 273, 350]]
[1107, [2, 3, 7, 70, 225, 350, 450]]
[1108, [2, 3, 7, 153, 198, 221, 238, 286]]
[1109, [2, 3, 7, 75, 175, 385, 462]]
[1110, [2, 3, 7, 170, 187, 189, 255, 297]]
[1111, [2, 3, 7, 70, 245, 294, 490]]
[1112, [2, 3, 7, 171, 190, 207, 210, 322]]
[1113, [2, 3, 9, 30, 55, 429, 585]]
[1114, [2, 3, 7, 165, 198, 207, 210, 322]]
[1115, [2, 3, 7, 70, 221, 357, 455]]
[1116, [2, 3, 7, 154, 190, 209, 266, 285]]
[1117, [2, 3, 7, 70, 230, 322, 483]]
[1118, [2, 3, 10, 23, 45, 1035]]
[1119, [2, 3, 7, 75, 182, 325, 525]]
[1120, [2, 3, 7, 50, 483, 575]]
[1121, [2, 3, 7, 77, 165, 357, 510]]
[1122, [2, 3, 10, 18, 99, 990]]
[1123, [2, 3, 7, 70, 231, 315, 495]]
[1124, [2, 3, 9, 27, 57, 1026]]
[1125, [2, 3, 9, 22, 198, 297, 594]]
[1126, [2, 3, 7, 150, 207, 210, 225, 322]]
[1127, [2, 3, 9, 33, 126, 198, 210, 231, 315]]
[1128, [2, 3, 9, 25, 207, 210, 322, 350]]
[1129, [2, 3, 7, 75, 175, 357, 510]]
[1130, [2, 3, 11, 14, 330, 770]]
[1131, [2, 3, 9, 23, 126, 462, 506]]
[1132, [2, 3, 9, 26, 143, 234, 286, 429]]
[1133, [2, 3, 7, 70, 210, 406, 435]]
[1134, [2, 3, 7, 51, 357, 714]]
[1135, [2, 3, 7, 78, 154, 429, 462]]
[1136, [2, 3, 9, 22, 110, 990]]
[1137, [2, 3, 7, 70, 210, 390, 455]]
[1138, [2, 3, 9, 25, 198, 225, 286, 390]]
[1139, [2, 3, 7, 66, 286, 385, 390]]
[1140, [2, 3, 9, 30, 90, 165, 319, 522]]
[1141, [2, 5, 6, 10, 35, 285, 798]]
[1142, [2, 3, 7, 50, 450, 630]]
[1143, [2, 3, 9, 30, 70, 147, 882]]
[1144, [2, 3, 7, 153, 187, 189, 297, 306]]
[1145, [2, 3, 7, 99, 143, 189, 702]]
[1146, [2, 3, 7, 154, 165, 225, 275, 315]]
[1147, [2, 3, 7, 70, 213, 355, 497]]
[1148, [2, 3, 9, 26, 130, 273, 315, 390]]
[1149, [2, 3, 7, 78, 195, 234, 630]]
[1150, [2, 3, 7, 171, 189, 190, 210, 378]]
[1151, [2, 3, 13, 22, 33, 77, 1001]]
[1152, [2, 3, 7, 150, 175, 210, 275, 330]]
[1153, [2, 3, 7, 87, 126, 406, 522]]
[1154, [2, 3, 7, 130, 210, 230, 273, 299]]
[1155, [2, 3, 7, 81, 162, 270, 630]]
[1156, [2, 3, 7, 135, 207, 210, 270, 322]]
[1157, [2, 3, 7, 70, 230, 299, 546]]
[1158, [2, 3, 7, 135, 189, 234, 273, 315]]
[1159, [2, 3, 7, 70, 210, 357, 510]]
[1160, [2, 3, 9, 25, 210, 225, 245, 441]]
[1161, [2, 3, 7, 66, 266, 399, 418]]
[1162, [2, 3, 9, 23, 90, 1035]]
[1163, [2, 3, 10, 18, 150, 350, 630]]
[1164, [2, 3, 7, 150, 189, 210, 225, 378]]
[1165, [2, 3, 7, 66, 275, 350, 462]]
[1166, [2, 3, 7, 135, 189, 225, 275, 330]]
[1167, [2, 3, 7, 70, 210, 350, 525]]
[1168, [2, 3, 9, 26, 126, 273, 351, 378]]
[1169, [2, 3, 9, 33, 126, 189, 198, 231, 378]]
[1170, [2, 3, 7, 126, 210, 234, 273, 315]]
[1171, [2, 3, 7, 78, 161, 322, 598]]
[1172, [2, 3, 7, 150, 175, 210, 250, 375]]
[1173, [2, 3, 7, 90, 126, 315, 630]]
[1174, [2, 3, 7, 126, 207, 234, 273, 322]]
[1175, [2, 3, 7, 74, 222, 238, 629]]
[1176, [2, 3, 7, 135, 195, 210, 273, 351]]
[1177, [2, 3, 7, 65, 286, 385, 429]]
[1178, [2, 3, 7, 126, 210, 225, 275, 330]]
[1179, [2, 3, 7, 90, 153, 210, 714]]
[1180, [2, 3, 7, 135, 189, 207, 315, 322]]
[1181, [2, 3, 7, 91, 117, 403, 558]]
[1182, [2, 3, 7, 119, 234, 238, 273, 306]]
[1183, [2, 3, 9, 35, 54, 135, 945]]
[1184, [2, 3, 9, 27, 102, 306, 357, 378]]
[1185, [2, 3, 7, 69, 207, 414, 483]]
[1186, [2, 3, 7, 130, 189, 234, 270, 351]]
[1187, [2, 3, 7, 75, 165, 385, 550]]
[1188, [2, 3, 7, 130, 195, 221, 273, 357]]
[1189, [2, 3, 7, 90, 126, 310, 651]]
[1190, [2, 3, 7, 150, 165, 198, 315, 350]]
[1191, [2, 3, 7, 65, 273, 406, 435]]
[1192, [2, 3, 7, 126, 198, 231, 275, 350]]
[1193, [2, 3, 7, 95, 114, 342, 630]]
[1194, [2, 3, 11, 22, 34, 1122]]
[1195, [2, 3, 7, 65, 273, 390, 455]]
[1196, [2, 3, 7, 135, 189, 215, 258, 387]]
[1197, [2, 3, 7, 65, 273, 385, 462]]
[1198, [2, 3, 7, 126, 210, 225, 250, 375]]
[1199, [2, 3, 7, 77, 165, 315, 630]]
[1200, [2, 3, 7, 119, 210, 238, 306, 315]]
[1201, [2, 3, 9, 21, 318, 371, 477]]
[1202, [2, 3, 7, 154, 165, 189, 297, 385]]
[1203, [2, 3, 7, 102, 135, 189, 765]]
[1204, [2, 3, 7, 119, 207, 238, 306, 322]]
[1205, [2, 3, 7, 78, 147, 429, 539]]
[1206, [2, 3, 7, 130, 182, 234, 270, 378]]
[1207, [2, 3, 7, 75, 175, 315, 630]]
[1208, [2, 3, 7, 126, 210, 215, 258, 387]]
[1209, [2, 3, 10, 30, 39, 150, 975]]
[1210, [2, 3, 7, 130, 195, 210, 273, 390]]
[1211, [2, 3, 7, 77, 198, 231, 693]]
[1212, [2, 3, 7, 126, 189, 234, 273, 378]]
[1213, [2, 3, 7, 70, 195, 390, 546]]
[1214, [2, 5, 6, 13, 18, 1170]]
[1215, [2, 3, 7, 77, 154, 378, 594]]
[1216, [2, 3, 7, 135, 154, 270, 315, 330]]
[1217, [2, 3, 7, 65, 273, 357, 510]]
[1218, [2, 3, 7, 135, 165, 231, 297, 378]]
[1219, [2, 3, 7, 70, 234, 273, 630]]
[1220, [2, 3, 7, 126, 182, 225, 325, 350]]
[1221, [2, 3, 7, 75, 189, 270, 675]]
[1222, [2, 3, 7, 54, 238, 918]]
[1223, [2, 3, 7, 75, 175, 310, 651]]
[1224, [2, 3, 7, 114, 221, 247, 273, 357]]
[1225, [2, 3, 7, 65, 273, 350, 525]]
[1226, [2, 3, 7, 114, 209, 266, 275, 350]]
[1227, [2, 3, 9, 22, 162, 462, 567]]
[1228, [2, 3, 9, 35, 57, 210, 342, 570]]
[1229, [2, 3, 7, 95, 110, 385, 627]]
[1230, [2, 3, 7, 126, 189, 210, 315, 378]]
[1231, [2, 3, 7, 63, 315, 406, 435]]
[1232, [2, 3, 7, 117, 210, 221, 315, 357]]
[1233, [2, 3, 9, 30, 58, 261, 870]]
[1234, [2, 3, 7, 115, 210, 230, 322, 345]]
[1235, [2, 3, 7, 63, 315, 390, 455]]
[1236, [2, 3, 13, 18, 30, 1170]]
[1237, [2, 3, 7, 63, 315, 385, 462]]
[1238, [2, 3, 7, 130, 195, 221, 238, 442]]
[1239, [2, 3, 7, 90, 117, 390, 630]]
[1240, [2, 3, 7, 111, 210, 259, 315, 333]]
[1241, [2, 3, 7, 63, 318, 371, 477]]
[1242, [2, 3, 7, 75, 105, 1050]]
[1243, [2, 3, 7, 70, 189, 405, 567]]
[1244, [2, 3, 7, 49, 546, 637]]
[1245, [2, 3, 7, 87, 174, 189, 783]]
[1246, [2, 3, 10, 21, 55, 1155]]
[1247, [2, 3, 9, 33, 117, 165, 198, 330, 390]]
[1248, [2, 3, 13, 15, 45, 1170]]
[1249, [2, 3, 11, 27, 30, 231, 945]]
[1250, [2, 3, 7, 138, 161, 210, 315, 414]]
[1251, [2, 3, 7, 66, 238, 374, 561]]
[1252, [2, 3, 7, 110, 210, 253, 322, 345]]
[1253, [2, 3, 7, 70, 203, 330, 638]]
[1254, [2, 3, 7, 126, 186, 217, 279, 434]]
[1255, [2, 3, 7, 99, 143, 182, 819]]
[1256, [2, 3, 7, 119, 170, 275, 330, 350]]
[1257, [2, 3, 7, 63, 315, 357, 510]]
[1258, [2, 3, 7, 85, 90, 1071]]
[1259, [2, 3, 7, 91, 155, 195, 806]]
[1260, [2, 3, 7, 110, 198, 275, 315, 350]]
[1261, [2, 3, 7, 90, 115, 414, 630]]
[1262, [2, 3, 7, 105, 225, 275, 315, 330]]
[1263, [2, 3, 7, 69, 207, 345, 630]]
[1264, [2, 3, 7, 117, 221, 234, 238, 442]]
[1265, [2, 3, 7, 62, 341, 385, 465]]
[1266, [2, 3, 7, 114, 190, 266, 285, 399]]
[1267, [2, 3, 7, 65, 238, 442, 510]]
[1268, [2, 3, 7, 105, 231, 253, 322, 345]]
[1269, [2, 3, 9, 21, 273, 403, 558]]
[1270, [2, 3, 7, 126, 154, 270, 330, 378]]
[1271, [2, 3, 10, 17, 270, 459, 510]]
[1272, [2, 3, 7, 50, 385, 825]]
[1273, [2, 3, 7, 91, 117, 351, 702]]
[1274, [2, 3, 7, 114, 221, 238, 247, 442]]
[1275, [2, 3, 7, 66, 270, 297, 630]]
[1276, [2, 3, 7, 119, 170, 250, 350, 375]]
[1277, [2, 3, 7, 70, 195, 350, 650]]
[1278, [2, 3, 7, 110, 210, 231, 330, 385]]
[1279, [2, 3, 7, 70, 189, 378, 630]]
[1280, [2, 3, 7, 115, 207, 210, 322, 414]]
[1281, [2, 3, 7, 66, 231, 378, 594]]
[1282, [2, 3, 7, 105, 210, 275, 330, 350]]
[1283, [2, 3, 7, 62, 310, 434, 465]]
[1284, [2, 3, 7, 57, 189, 1026]]
[1285, [2, 3, 7, 105, 110, 253, 805]]
[1286, [2, 3, 7, 49, 490, 735]]
[1287, [2, 3, 9, 30, 171, 189, 190, 315, 378]]
[1288, [2, 3, 7, 114, 189, 247, 297, 429]]
[1289, [2, 3, 7, 70, 238, 255, 714]]
[1290, [2, 3, 7, 105, 210, 270, 315, 378]]
[1291, [2, 3, 7, 75, 175, 294, 735]]
[1292, [2, 3, 7, 105, 215, 258, 315, 387]]
[1293, [2, 3, 7, 91, 110, 495, 585]]
[1294, [2, 3, 7, 105, 207, 270, 322, 378]]
[1295, [2, 3, 7, 65, 273, 315, 630]]
[1296, [2, 3, 7, 114, 171, 285, 315, 399]]
[1297, [2, 3, 9, 30, 147, 189, 245, 294, 378]]
[1298, [2, 3, 9, 25, 154, 225, 385, 495]]
[1299, [2, 3, 7, 102, 105, 315, 765]]
[1300, [2, 3, 7, 119, 175, 238, 306, 450]]
[1301, [2, 3, 7, 95, 105, 462, 627]]
[1302, [2, 3, 7, 102, 210, 306, 315, 357]]
[1303, [2, 3, 7, 69, 210, 322, 690]]
[1304, [2, 3, 7, 105, 210, 255, 323, 399]]
[1305, [2, 3, 7, 63, 287, 369, 574]]
[1306, [2, 3, 7, 102, 207, 306, 322, 357]]
[1307, [2, 3, 9, 38, 45, 165, 1045]]
[1308, [2, 3, 7, 117, 195, 207, 322, 455]]
[1309, [2, 3, 7, 63, 273, 403, 558]]
[1310, [2, 3, 7, 98, 245, 275, 330, 350]]
[1311, [2, 3, 7, 65, 273, 310, 651]]
[1312, [2, 3, 7, 50, 375, 875]]
[1313, [2, 3, 7, 117, 126, 161, 897]]
[1314, [2, 3, 7, 102, 231, 238, 357, 374]]
[1315, [2, 3, 7, 70, 175, 483, 575]]
[1316, [2, 3, 7, 105, 210, 258, 301, 430]]
[1317, [2, 3, 7, 63, 270, 405, 567]]
[1318, [2, 3, 7, 98, 245, 270, 315, 378]]
[1319, [2, 3, 9, 30, 175, 182, 195, 273, 450]]
[1320, [2, 3, 7, 99, 231, 270, 330, 378]]
[1321, [2, 3, 7, 70, 210, 294, 735]]
[1322, [2, 3, 7, 118, 154, 295, 330, 413]]
[1323, [2, 3, 7, 63, 273, 390, 585]]
[1324, [2, 3, 7, 119, 170, 231, 330, 462]]
[1325, [2, 3, 7, 78, 182, 234, 819]]
[1326, [2, 3, 7, 99, 225, 275, 330, 385]]
[1327, [2, 3, 9, 21, 285, 342, 665]]
[1328, [2, 3, 7, 95, 266, 275, 330, 350]]
[1329, [2, 3, 11, 22, 66, 70, 1155]]
[1330, [2, 3, 7, 98, 245, 250, 350, 375]]
[1331, [2, 3, 7, 65, 234, 390, 630]]
[1332, [2, 3, 7, 98, 245, 255, 323, 399]]
[1333, [2, 3, 7, 78, 143, 385, 715]]
[1334, [2, 3, 7, 102, 234, 238, 306, 442]]
[1335, [2, 3, 7, 85, 150, 238, 850]]
[1336, [2, 3, 7, 95, 266, 270, 315, 378]]
[1337, [2, 3, 7, 70, 175, 450, 630]]
[1338, [2, 3, 7, 118, 150, 295, 350, 413]]
[1339, [2, 3, 7, 94, 105, 470, 658]]
[1340, [2, 3, 7, 99, 207, 315, 322, 385]]
[1341, [2, 3, 7, 90, 147, 210, 882]]
[1342, [2, 3, 7, 105, 209, 266, 275, 475]]
[1343, [2, 3, 7, 77, 154, 330, 770]]
[1344, [2, 3, 7, 98, 245, 258, 301, 430]]
[1345, [2, 3, 7, 62, 279, 434, 558]]
[1346, [2, 3, 7, 99, 225, 250, 375, 385]]
[1347, [2, 3, 15, 17, 35, 85, 1190]]
[1348, [2, 3, 7, 95, 250, 266, 350, 375]]
[1349, [2, 3, 14, 15, 55, 105, 1155]]
[1350, [2, 3, 7, 95, 255, 266, 323, 399]]
[1351, [2, 3, 7, 63, 261, 406, 609]]
[1352, [2, 3, 7, 98, 234, 273, 294, 441]]
[1353, [2, 3, 7, 63, 270, 378, 630]]
[1354, [2, 3, 7, 99, 210, 270, 378, 385]]
[1355, [2, 3, 10, 29, 35, 406, 870]]
[1356, [2, 3, 7, 99, 215, 258, 385, 387]]
[1357, [2, 3, 7, 70, 170, 510, 595]]
[1358, [2, 3, 7, 99, 231, 245, 330, 441]]
[1359, [2, 3, 7, 77, 150, 350, 770]]
[1360, [2, 3, 7, 105, 210, 221, 357, 455]]
[1361, [2, 3, 7, 78, 182, 231, 858]]
[1362, [2, 3, 11, 15, 121, 1210]]
[1363, [2, 3, 7, 99, 102, 385, 765]]
[1364, [2, 3, 7, 102, 207, 238, 391, 414]]
[1365, [2, 3, 7, 70, 198, 315, 770]]
[1366, [2, 3, 7, 105, 170, 323, 357, 399]]
[1367, [2, 3, 7, 63, 285, 342, 665]]
[1368, [2, 3, 7, 105, 210, 231, 315, 495]]
[1369, [2, 3, 9, 30, 53, 477, 795]]
[1370, [2, 3, 7, 98, 210, 294, 315, 441]]
[1371, [2, 3, 7, 63, 243, 486, 567]]
[1372, [2, 3, 7, 90, 275, 315, 330, 350]]
[1373, [2, 3, 10, 18, 130, 495, 715]]
[1374, [2, 3, 7, 95, 245, 266, 315, 441]]
[1375, [2, 3, 7, 70, 210, 285, 798]]
[1376, [2, 3, 7, 115, 175, 210, 414, 450]]
[1377, [2, 3, 7, 105, 126, 189, 945]]
[1378, [2, 3, 7, 98, 231, 245, 330, 462]]
[1379, [2, 3, 7, 65, 273, 294, 735]]
[1380, [2, 3, 7, 98, 225, 245, 350, 450]]
[1381, [2, 3, 7, 66, 203, 462, 638]]
[1382, [2, 3, 7, 110, 155, 330, 341, 434]]
[1383, [2, 3, 10, 18, 135, 405, 810]]
[1384, [2, 3, 7, 49, 441, 882]]
[1385, [2, 3, 9, 35, 55, 126, 1155]]
[1386, [2, 3, 7, 117, 182, 207, 322, 546]]
[1387, [2, 5, 6, 9, 78, 117, 1170]]
[1388, [2, 3, 7, 98, 221, 245, 357, 455]]
[1389, [2, 3, 9, 30, 110, 253, 315, 322, 345]]
[1390, [2, 3, 7, 98, 230, 245, 322, 483]]
[1391, [2, 3, 7, 63, 245, 441, 630]]
[1392, [2, 3, 7, 90, 250, 315, 350, 375]]
[1393, [2, 3, 7, 63, 275, 350, 693]]
[1394, [2, 3, 7, 90, 255, 315, 323, 399]]
[1395, [2, 3, 9, 30, 115, 234, 273, 315, 414]]
[1396, [2, 3, 7, 95, 231, 266, 330, 462]]
[1397, [2, 3, 9, 30, 57, 270, 1026]]
[1398, [2, 3, 7, 95, 225, 266, 350, 450]]
[1399, [2, 3, 13, 15, 70, 126, 1170]]
[1400, [2, 3, 9, 27, 135, 153, 306, 765]]
[1401, [2, 3, 7, 62, 273, 403, 651]]
[1402, [2, 3, 9, 19, 666, 703]]
[1403, [2, 3, 7, 70, 165, 561, 595]]
[1404, [2, 3, 7, 95, 209, 285, 385, 418]]
[1405, [2, 3, 7, 69, 174, 483, 667]]
[1406, [2, 3, 7, 90, 258, 301, 315, 430]]
[1407, [2, 3, 9, 33, 90, 175, 315, 330, 450]]
[1408, [2, 3, 7, 95, 230, 266, 322, 483]]
[1409, [2, 3, 7, 66, 231, 330, 770]]
[1410, [2, 3, 7, 91, 221, 351, 357, 378]]
[1411, [2, 3, 7, 70, 195, 315, 819]]
[1412, [2, 3, 7, 98, 189, 294, 378, 441]]
[1413, [2, 3, 14, 21, 23, 315, 1035]]
[1414, [2, 3, 7, 90, 246, 287, 369, 410]]
[1415, [2, 3, 9, 21, 225, 525, 630]]
[1416, [2, 3, 7, 110, 154, 315, 330, 495]]
[1417, [2, 5, 6, 10, 41, 123, 1230]]
[1418, [2, 3, 7, 105, 170, 306, 315, 510]]
[1419, [2, 3, 7, 63, 294, 315, 735]]
[1420, [2, 3, 7, 98, 213, 245, 355, 497]]
[1421, [2, 3, 7, 78, 161, 273, 897]]
[1422, [2, 3, 7, 99, 189, 297, 330, 495]]
[1423, [2, 3, 7, 91, 105, 585, 630]]
[1424, [2, 3, 7, 95, 210, 266, 406, 435]]
[1425, [2, 3, 7, 99, 135, 189, 990]]
[1426, [2, 3, 7, 99, 186, 279, 385, 465]]
[1427, [2, 3, 10, 22, 70, 165, 1155]]
[1428, [2, 3, 7, 95, 210, 266, 390, 455]]
[1429, [2, 3, 15, 18, 26, 195, 1170]]
[1430, [2, 3, 7, 91, 247, 275, 330, 475]]
[1431, [2, 3, 7, 63, 231, 495, 630]]
[1432, [2, 3, 7, 55, 210, 1155]]
[1433, [2, 3, 7, 65, 273, 285, 798]]
[1434, [2, 3, 7, 105, 189, 225, 378, 525]]
[1435, [2, 3, 7, 70, 165, 495, 693]]
[1436, [2, 3, 7, 90, 234, 286, 385, 429]]
[1437, [2, 3, 7, 77, 165, 273, 910]]
[1438, [2, 3, 7, 95, 213, 266, 355, 497]]
[1439, [2, 3, 9, 22, 153, 425, 825]]
[1440, [2, 3, 7, 51, 306, 1071]]
[1441, [2, 3, 7, 70, 162, 567, 630]]
[1442, [2, 3, 7, 90, 225, 315, 350, 450]]
[1443, [2, 3, 7, 65, 210, 442, 714]]
[1444, [2, 3, 7, 105, 171, 290, 315, 551]]
[1445, [2, 3, 7, 70, 203, 290, 870]]
[1446, [2, 3, 7, 90, 245, 294, 315, 490]]
[1447, [2, 3, 7, 75, 150, 385, 825]]
[1448, [2, 3, 7, 91, 234, 286, 330, 495]]
[1449, [2, 3, 7, 115, 126, 161, 1035]]
[1450, [2, 3, 7, 90, 221, 315, 357, 455]]
[1451, [2, 3, 9, 23, 126, 322, 966]]
[1452, [2, 3, 7, 90, 230, 315, 322, 483]]
[1453, [2, 3, 9, 41, 45, 123, 1230]]
[1454, [2, 3, 7, 90, 234, 273, 390, 455]]
[1455, [2, 3, 7, 63, 225, 525, 630]]
[1456, [2, 3, 7, 90, 209, 342, 385, 418]]
[1457, [2, 3, 9, 26, 117, 130, 1170]]
[1458, [2, 3, 9, 19, 570, 855]]
[1459, [2, 3, 9, 30, 63, 182, 1170]]
[1460, [2, 3, 7, 105, 153, 315, 425, 450]]
[1461, [2, 3, 7, 63, 231, 462, 693]]
[1462, [2, 3, 7, 50, 350, 1050]]
[1463, [2, 3, 7, 95, 99, 627, 630]]
[1464, [2, 3, 7, 91, 234, 286, 319, 522]]
[1465, [2, 3, 7, 63, 234, 442, 714]]
[1466, [2, 3, 7, 105, 154, 315, 385, 495]]
[1467, [2, 3, 7, 70, 175, 385, 825]]
[1468, [2, 3, 7, 90, 210, 315, 406, 435]]
[1469, [2, 3, 7, 77, 165, 270, 945]]
[1470, [2, 3, 7, 90, 238, 255, 425, 450]]
[1471, [2, 3, 10, 21, 63, 490, 882]]
[1472, [2, 3, 7, 90, 207, 322, 406, 435]]
[1473, [2, 3, 7, 63, 285, 315, 798]]
[1474, [2, 3, 7, 90, 210, 315, 385, 462]]
[1475, [2, 3, 7, 70, 210, 273, 910]]
[1476, [2, 3, 7, 90, 207, 322, 390, 455]]
[1477, [2, 3, 7, 75, 175, 270, 945]]
[1478, [2, 3, 7, 90, 207, 322, 385, 462]]
[1479, [2, 3, 7, 70, 165, 462, 770]]
[1480, [2, 3, 7, 115, 162, 210, 414, 567]]
[1481, [2, 3, 7, 63, 222, 518, 666]]
[1482, [2, 3, 7, 90, 213, 315, 355, 497]]
[1483, [2, 3, 10, 18, 175, 225, 1050]]
[1484, [2, 3, 7, 90, 234, 273, 350, 525]]
[1485, [2, 5, 7, 13, 15, 78, 1365]]
[1486, [2, 3, 7, 74, 105, 1295]]
[1487, [2, 3, 7, 65, 195, 585, 630]]
[1488, [2, 3, 7, 105, 165, 297, 315, 594]]
[1489, [2, 5, 7, 10, 21, 114, 1330]]
[1490, [2, 3, 7, 91, 195, 325, 425, 442]]
[1491, [2, 3, 10, 18, 135, 378, 945]]
[1492, [2, 3, 7, 90, 230, 299, 315, 546]]
[1493, [2, 3, 10, 19, 90, 666, 703]]
[1494, [2, 3, 7, 90, 210, 315, 357, 510]]
[1495, [2, 3, 9, 26, 90, 195, 1170]]
[1496, [2, 3, 7, 110, 138, 345, 385, 506]]
[1497, [2, 3, 9, 30, 105, 221, 315, 357, 455]]
[1498, [2, 3, 7, 90, 207, 322, 357, 510]]
[1499, [2, 3, 9, 30, 105, 230, 315, 322, 483]]
[1500, [2, 3, 7, 90, 225, 270, 378, 525]]
[1501, [2, 3, 7, 63, 217, 558, 651]]
[1502, [2, 3, 7, 90, 210, 315, 350, 525]]
[1503, [2, 3, 7, 77, 182, 231, 1001]]
[1504, [2, 3, 7, 95, 195, 266, 390, 546]]
[1505, [2, 3, 9, 27, 195, 231, 286, 297, 455]]
[1506, [2, 3, 7, 90, 207, 322, 350, 525]]
[1507, [2, 3, 7, 70, 171, 399, 855]]
[1508, [2, 3, 7, 99, 171, 290, 385, 551]]
[1509, [2, 3, 9, 33, 65, 110, 1287]]
[1510, [2, 3, 7, 81, 297, 330, 385, 405]]
[1511, [2, 3, 9, 21, 246, 369, 861]]
[1512, [2, 3, 7, 99, 198, 231, 378, 594]]
[1513, [2, 3, 7, 66, 246, 287, 902]]
[1514, [2, 3, 7, 90, 189, 378, 390, 455]]
[1515, [2, 3, 9, 30, 119, 170, 315, 357, 510]]
[1516, [2, 3, 7, 85, 238, 306, 425, 450]]
[1517, [2, 3, 13, 21, 35, 78, 1365]]
[1518, [2, 3, 7, 91, 225, 275, 330, 585]]
[1519, [2, 3, 11, 15, 165, 630, 693]]
[1520, [2, 3, 7, 105, 210, 225, 275, 693]]
[1521, [2, 3, 7, 99, 105, 315, 990]]
[1522, [2, 3, 7, 85, 255, 273, 442, 455]]
[1523, [2, 3, 7, 102, 117, 221, 1071]]
[1524, [2, 3, 7, 99, 153, 385, 425, 450]]
[1525, [2, 3, 10, 30, 35, 255, 1190]]
[1526, [2, 3, 7, 70, 114, 1330]]
[1527, [2, 3, 7, 59, 295, 531, 630]]
[1528, [2, 3, 7, 95, 210, 266, 315, 630]]
[1529, [2, 3, 7, 85, 171, 190, 1071]]
[1530, [2, 3, 7, 115, 161, 230, 322, 690]]
[1531, [2, 3, 7, 66, 238, 297, 918]]
[1532, [2, 3, 7, 91, 207, 315, 322, 585]]
[1533, [2, 3, 9, 21, 273, 315, 910]]
[1534, [2, 3, 10, 19, 75, 1425]]
[1535, [2, 3, 7, 77, 130, 546, 770]]
[1536, [2, 3, 7, 90, 189, 357, 378, 510]]
[1537, [2, 3, 9, 25, 126, 147, 1225]]
[1538, [2, 3, 7, 90, 221, 273, 357, 585]]
[1539, [2, 3, 9, 30, 74, 126, 1295]]
[1540, [2, 3, 7, 99, 162, 315, 385, 567]]
[1541, [2, 3, 14, 15, 49, 135, 1323]]
[1542, [2, 3, 7, 90, 210, 287, 369, 574]]
[1543, [2, 3, 7, 85, 150, 225, 1071]]
[1544, [2, 3, 7, 90, 189, 350, 378, 525]]
[1545, [2, 3, 9, 25, 85, 350, 1071]]
[1546, [2, 3, 7, 90, 210, 273, 403, 558]]
[1547, [2, 3, 10, 19, 126, 190, 1197]]
[1548, [2, 3, 7, 90, 195, 315, 390, 546]]
[1549, [2, 3, 10, 19, 90, 570, 855]]
[1550, [2, 3, 7, 91, 182, 350, 390, 525]]
[1551, [2, 3, 7, 63, 246, 369, 861]]
[1552, [2, 3, 7, 87, 210, 315, 406, 522]]
[1553, [2, 3, 7, 65, 189, 585, 702]]
[1554, [2, 3, 7, 90, 210, 270, 405, 567]]
[1555, [2, 3, 7, 91, 102, 585, 765]]
[1556, [2, 3, 7, 87, 207, 322, 406, 522]]
[1557, [2, 3, 7, 57, 399, 462, 627]]
[1558, [2, 3, 7, 99, 189, 279, 297, 682]]
[1559, [2, 3, 7, 70, 154, 630, 693]]
[1560, [2, 3, 7, 90, 210, 273, 390, 585]]
[1561, [2, 3, 9, 30, 65, 165, 1287]]
[1562, [2, 3, 7, 81, 245, 378, 405, 441]]
[1563, [2, 3, 9, 27, 70, 297, 1155]]
[1564, [2, 3, 7, 91, 189, 297, 429, 546]]
[1565, [2, 3, 7, 65, 221, 357, 910]]
[1566, [2, 3, 7, 85, 266, 285, 323, 595]]
[1567, [2, 3, 7, 70, 154, 605, 726]]
[1568, [2, 3, 7, 85, 255, 306, 315, 595]]
[1569, [2, 3, 7, 81, 126, 405, 945]]
[1570, [2, 3, 7, 90, 234, 273, 310, 651]]
[1571, [2, 3, 9, 42, 63, 66, 1386]]
[1572, [2, 3, 7, 65, 130, 1365]]
[1573, [2, 3, 7, 63, 273, 315, 910]]
[1574, [2, 3, 7, 77, 99, 1386]]
[1575, [2, 3, 7, 57, 406, 435, 665]]
[1576, [2, 3, 7, 90, 190, 315, 399, 570]]
[1577, [2, 3, 9, 33, 45, 495, 990]]
[1578, [2, 3, 7, 90, 189, 315, 405, 567]]
[1579, [2, 3, 7, 57, 390, 455, 665]]
[1580, [2, 3, 7, 78, 286, 385, 390, 429]]
[1581, [2, 3, 7, 57, 385, 462, 665]]
[1582, [2, 3, 7, 90, 225, 250, 375, 630]]
[1583, [2, 3, 9, 27, 182, 231, 286, 297, 546]]
[1584, [2, 3, 7, 90, 182, 325, 450, 525]]
[1585, [2, 3, 7, 78, 130, 455, 910]]
[1586, [2, 3, 7, 91, 210, 273, 350, 650]]
[1587, [2, 3, 7, 65, 210, 390, 910]]
[1588, [2, 3, 7, 90, 189, 297, 450, 550]]
[1589, [2, 3, 7, 70, 155, 546, 806]]
[1590, [2, 3, 7, 66, 126, 1386]]
[1591, [2, 3, 9, 35, 42, 450, 1050]]
[1592, [2, 3, 7, 90, 207, 310, 322, 651]]
[1593, [2, 3, 7, 182, 231, 234, 286, 297, 351]]
[1594, [2, 3, 7, 78, 273, 390, 406, 435]]
[1595, [2, 3, 7, 70, 153, 595, 765]]
[1596, [2, 3, 7, 102, 210, 234, 273, 765]]
[1597, [2, 3, 7, 90, 126, 259, 1110]]
[1598, [2, 3, 7, 90, 182, 351, 378, 585]]
[1599, [2, 3, 7, 90, 102, 630, 765]]
[1600, [2, 3, 7, 78, 273, 385, 390, 462]]
[1601, [2, 3, 7, 57, 357, 510, 665]]
[1602, [2, 3, 7, 78, 266, 399, 418, 429]]
[1603, [2, 3, 7, 78, 170, 238, 1105]]
[1604, [2, 3, 7, 90, 210, 285, 342, 665]]
[1605, [2, 3, 7, 63, 270, 315, 945]]
[1606, [2, 3, 7, 77, 286, 390, 406, 435]]
[1607, [2, 5, 9, 10, 17, 34, 1530]]
[1608, [2, 3, 7, 90, 210, 243, 486, 567]]
[1609, [2, 3, 7, 57, 350, 525, 665]]
[1610, [2, 3, 7, 90, 195, 273, 455, 585]]
[1611, [2, 3, 7, 57, 342, 570, 630]]
[1612, [2, 3, 7, 77, 286, 385, 390, 462]]
[1613, [2, 3, 7, 105, 110, 231, 1155]]
[1614, [2, 3, 7, 77, 315, 330, 385, 495]]
[1615, [2, 3, 7, 77, 126, 630, 770]]
[1616, [2, 3, 7, 86, 207, 322, 387, 602]]
[1617, [2, 3, 9, 21, 210, 490, 882]]
[1618, [2, 3, 7, 91, 186, 279, 465, 585]]
[1619, [2, 3, 9, 30, 54, 351, 1170]]
[1620, [2, 3, 7, 78, 273, 357, 390, 510]]
[1621, [2, 3, 7, 75, 154, 330, 1050]]
[1622, [2, 3, 9, 21, 138, 1449]]
[1623, [2, 3, 7, 77, 165, 259, 1110]]
[1624, [2, 3, 7, 85, 210, 323, 399, 595]]
[1625, [2, 3, 9, 27, 63, 702, 819]]
[1626, [2, 3, 7, 81, 225, 378, 405, 525]]
[1627, [2, 3, 7, 175, 210, 250, 275, 330, 375]]
[1628, [2, 3, 7, 78, 273, 350, 390, 525]]
[1629, [2, 3, 13, 15, 49, 637, 910]]
[1630, [2, 3, 7, 77, 315, 319, 385, 522]]
[1631, [2, 3, 7, 65, 182, 637, 735]]
[1632, [2, 3, 7, 77, 286, 357, 390, 510]]
[1633, [2, 3, 7, 102, 119, 210, 1190]]
[1634, [2, 3, 7, 77, 266, 399, 418, 462]]
[1635, [2, 3, 9, 22, 154, 374, 1071]]
[1636, [2, 3, 7, 78, 286, 325, 385, 550]]
[1637, [2, 3, 7, 65, 195, 455, 910]]
[1638, [2, 3, 7, 78, 273, 351, 378, 546]]
[1639, [2, 3, 7, 70, 182, 325, 1050]]
[1640, [2, 3, 7, 77, 286, 350, 390, 525]]
[1641, [2, 3, 9, 21, 231, 385, 990]]
[1642, [2, 3, 7, 90, 175, 325, 455, 585]]
[1643, [2, 3, 7, 62, 217, 546, 806]]
[1644, [2, 3, 7, 90, 189, 270, 513, 570]]
[1645, [2, 3, 11, 19, 75, 110, 1425]]
[1646, [2, 3, 7, 90, 198, 279, 385, 682]]
[1647, [2, 3, 7, 154, 231, 253, 322, 330, 345]]
[1648, [2, 3, 7, 91, 210, 225, 525, 585]]
[1649, [2, 3, 17, 18, 34, 45, 1530]]
[1650, [2, 3, 7, 77, 286, 351, 378, 546]]
[1651, [2, 3, 7, 63, 207, 518, 851]]
[1652, [2, 3, 7, 82, 246, 287, 410, 615]]
[1653, [2, 3, 10, 18, 162, 243, 1215]]
[1654, [2, 3, 7, 86, 189, 378, 387, 602]]
[1655, [2, 3, 7, 154, 221, 275, 286, 350, 357]]
[1656, [2, 3, 7, 77, 306, 315, 385, 561]]
[1657, [2, 3, 7, 63, 210, 490, 882]]
[1658, [2, 3, 7, 85, 234, 255, 442, 630]]
[1659, [2, 3, 7, 90, 105, 462, 990]]
[1660, [2, 3, 7, 90, 207, 294, 322, 735]]
[1661, [2, 3, 7, 70, 210, 259, 1110]]
[1662, [2, 3, 7, 63, 138, 1449]]
[1663, [2, 3, 7, 65, 182, 585, 819]]
[1664, [2, 3, 7, 95, 155, 341, 434, 627]]
[1665, [2, 5, 6, 9, 62, 186, 1395]]
[1666, [2, 3, 7, 75, 325, 351, 378, 525]]
[1667, [2, 3, 10, 26, 39, 690, 897]]
[1668, [2, 3, 7, 90, 210, 231, 495, 630]]
[1669, [2, 3, 7, 150, 225, 270, 297, 330, 385]]
[1670, [2, 3, 7, 78, 238, 390, 442, 510]]
[1671, [2, 3, 9, 22, 135, 675, 825]]
[1672, [2, 3, 7, 90, 162, 406, 435, 567]]
[1673, [2, 3, 7, 63, 198, 630, 770]]
[1674, [2, 3, 7, 91, 170, 306, 510, 585]]
[1675, [2, 3, 7, 55, 483, 550, 575]]
[1676, [2, 3, 7, 90, 162, 390, 455, 567]]
[1677, [2, 3, 7, 70, 150, 595, 850]]
[1678, [2, 3, 7, 90, 162, 385, 462, 567]]
[1679, [2, 3, 7, 57, 315, 630, 665]]
[1680, [2, 3, 7, 77, 259, 370, 407, 555]]
[1681, [2, 3, 7, 63, 231, 385, 990]]
[1682, [2, 3, 7, 75, 273, 425, 442, 455]]
[1683, [2, 3, 7, 69, 230, 245, 1127]]
[1684, [2, 3, 7, 95, 186, 266, 350, 775]]
[1685, [2, 3, 7, 55, 462, 561, 595]]
[1686, [2, 3, 7, 77, 275, 350, 378, 594]]
[1687, [2, 3, 9, 30, 62, 186, 1395]]
[1688, [2, 3, 7, 90, 175, 310, 450, 651]]
[1689, [2, 3, 10, 18, 135, 351, 1170]]
[1690, [2, 3, 7, 105, 154, 231, 495, 693]]
[1691, [2, 3, 7, 69, 161, 483, 966]]
[1692, [2, 3, 7, 75, 275, 385, 450, 495]]
[1693, [2, 3, 7, 153, 238, 255, 270, 306, 459]]
[1694, [2, 3, 7, 87, 203, 261, 522, 609]]
[1695, [2, 3, 7, 57, 310, 651, 665]]
[1696, [2, 3, 7, 91, 190, 247, 510, 646]]
[1697, [2, 3, 7, 55, 450, 550, 630]]
[1698, [2, 3, 7, 75, 286, 385, 390, 550]]
[1699, [2, 3, 7, 77, 165, 255, 1190]]
[1700, [2, 3, 7, 91, 171, 290, 551, 585]]
[1701, [2, 3, 9, 21, 238, 357, 1071]]
[1702, [2, 3, 7, 77, 234, 429, 455, 495]]
[1703, [2, 3, 10, 18, 170, 225, 1275]]
[1704, [2, 3, 7, 47, 658, 987]]
[1705, [2, 3, 7, 94, 141, 189, 1269]]
[1706, [2, 3, 7, 90, 159, 385, 477, 583]]
[1707, [2, 3, 7, 75, 175, 255, 1190]]
[1708, [2, 3, 7, 82, 205, 369, 410, 630]]
[1709, [2, 3, 7, 98, 130, 195, 1274]]
[1710, [2, 3, 7, 75, 270, 378, 450, 525]]
[1711, [2, 3, 7, 55, 429, 585, 630]]
[1712, [2, 3, 7, 86, 175, 387, 450, 602]]
[1713, [2, 3, 10, 21, 90, 138, 1449]]
[1714, [2, 3, 7, 78, 221, 434, 442, 527]]
[1715, [2, 3, 7, 65, 182, 546, 910]]
[1716, [2, 3, 7, 78, 270, 297, 429, 630]]
[1717, [2, 3, 7, 55, 462, 495, 693]]
[1718, [2, 3, 7, 90, 154, 450, 462, 550]]
[1719, [2, 3, 7, 63, 195, 630, 819]]
[1720, [2, 3, 7, 75, 266, 399, 418, 550]]
[1721, [2, 3, 7, 66, 186, 434, 1023]]
[1722, [2, 3, 7, 78, 231, 378, 429, 594]]
[1723, [2, 3, 7, 66, 182, 462, 1001]]
[1724, [2, 3, 7, 75, 275, 350, 462, 550]]
[1725, [2, 3, 9, 21, 195, 585, 910]]
[1726, [2, 3, 7, 77, 286, 310, 390, 651]]
[1727, [2, 3, 10, 17, 195, 650, 850]]
[1728, [2, 3, 7, 75, 255, 425, 434, 527]]
[1729, [2, 3, 7, 135, 231, 286, 297, 378, 390]]
[1730, [2, 3, 7, 90, 185, 259, 518, 666]]
[1731, [2, 3, 7, 63, 198, 567, 891]]
[1732, [2, 3, 7, 90, 154, 429, 462, 585]]
[1733, [2, 3, 9, 33, 69, 99, 1518]]
[1734, [2, 3, 7, 77, 231, 385, 490, 539]]
[1735, [2, 3, 7, 98, 117, 234, 1274]]
[1736, [2, 3, 7, 95, 203, 266, 290, 870]]
[1737, [2, 3, 7, 63, 210, 462, 990]]
[1738, [2, 3, 7, 85, 170, 434, 510, 527]]
[1739, [2, 3, 10, 17, 255, 330, 1122]]
[1740, [2, 3, 7, 86, 258, 266, 301, 817]]
[1741, [2, 3, 7, 63, 238, 357, 1071]]
[1742, [2, 3, 7, 85, 221, 255, 455, 714]]
[1743, [2, 3, 7, 77, 190, 210, 1254]]
[1744, [2, 3, 7, 51, 287, 1394]]
[1745, [2, 3, 7, 98, 114, 247, 1274]]
[1746, [2, 3, 7, 78, 230, 345, 483, 598]]
[1747, [2, 3, 7, 130, 225, 315, 325, 350, 390]]
[1748, [2, 3, 7, 75, 245, 441, 450, 525]]
[1749, [2, 3, 7, 70, 182, 315, 1170]]
[1750, [2, 3, 7, 75, 275, 330, 483, 575]]
[1751, [2, 3, 7, 63, 231, 374, 1071]]
[1752, [2, 3, 7, 50, 325, 1365]]
[1753, [2, 3, 7, 58, 270, 630, 783]]
[1754, [2, 3, 7, 77, 231, 378, 462, 594]]
[1755, [2, 3, 9, 22, 135, 594, 990]]
[1756, [2, 3, 7, 75, 273, 325, 525, 546]]
[1757, [2, 3, 7, 105, 119, 195, 1326]]
[1758, [2, 3, 7, 78, 210, 429, 490, 539]]
[1759, [2, 3, 7, 63, 259, 315, 1110]]
[1760, [2, 3, 7, 77, 270, 330, 378, 693]]
[1761, [2, 3, 9, 30, 51, 595, 1071]]
[1762, [2, 3, 7, 49, 378, 1323]]
[1763, [2, 3, 7, 57, 294, 665, 735]]
[1764, [2, 3, 7, 77, 231, 399, 418, 627]]
[1765, [2, 3, 7, 63, 195, 585, 910]]
[1766, [2, 3, 7, 90, 154, 385, 495, 630]]
[1767, [2, 3, 7, 126, 225, 325, 350, 351, 378]]
[1768, [2, 3, 11, 18, 51, 1683]]
[1769, [2, 3, 7, 135, 234, 270, 273, 390, 455]]
[1770, [2, 3, 7, 70, 385, 406, 435, 462]]
[1771, [2, 3, 7, 105, 114, 210, 1330]]
[1772, [2, 3, 7, 75, 275, 330, 450, 630]]
[1773, [2, 3, 7, 66, 210, 330, 1155]]
[1774, [2, 3, 7, 70, 385, 390, 455, 462]]
[1775, [2, 3, 7, 55, 385, 630, 693]]
[1776, [2, 3, 7, 81, 189, 405, 495, 594]]
[1777, [2, 3, 7, 91, 99, 585, 990]]
[1778, [2, 3, 7, 105, 119, 459, 513, 570]]
[1779, [2, 3, 7, 54, 513, 570, 630]]
[1780, [2, 3, 7, 82, 210, 287, 574, 615]]
[1781, [2, 3, 10, 17, 198, 561, 990]]
[1782, [2, 3, 7, 78, 258, 273, 559, 602]]
[1783, [2, 3, 7, 55, 385, 605, 726]]
[1784, [2, 3, 7, 82, 91, 1599]]
[1785, [2, 3, 7, 54, 495, 594, 630]]
[1786, [2, 3, 7, 85, 189, 357, 378, 765]]
[1787, [2, 3, 7, 70, 155, 465, 1085]]
[1788, [2, 3, 7, 74, 259, 370, 518, 555]]
[1789, [2, 3, 7, 85, 105, 782, 805]]
[1790, [2, 3, 7, 70, 357, 406, 435, 510]]
[1791, [2, 3, 7, 90, 150, 189, 1350]]
[1792, [2, 3, 7, 75, 250, 375, 450, 630]]
[1793, [2, 3, 7, 91, 117, 286, 1287]]
[1794, [2, 3, 7, 70, 357, 390, 455, 510]]
[1795, [2, 3, 7, 65, 255, 273, 1190]]
[1796, [2, 3, 7, 70, 357, 385, 462, 510]]
[1797, [2, 3, 7, 63, 270, 297, 1155]]
[1798, [2, 3, 7, 70, 350, 406, 435, 525]]
[1799, [2, 3, 7, 54, 483, 575, 675]]
[1800, [2, 3, 7, 99, 135, 330, 594, 630]]
[1801, [2, 3, 7, 78, 118, 767, 826]]
[1802, [2, 3, 7, 70, 350, 390, 455, 525]]
[1803, [2, 3, 10, 18, 118, 590, 1062]]
[1804, [2, 3, 7, 77, 98, 1617]]
[1805, [2, 3, 7, 78, 147, 294, 1274]]
[1806, [2, 3, 7, 69, 115, 1610]]
[1807, [2, 3, 7, 70, 150, 525, 1050]]
[1808, [2, 3, 7, 77, 210, 429, 495, 585]]
[1809, [2, 3, 7, 55, 378, 594, 770]]
[1810, [2, 3, 7, 75, 238, 374, 550, 561]]
[1811, [2, 3, 9, 21, 189, 621, 966]]
[1812, [2, 3, 7, 70, 351, 378, 455, 546]]
[1813, [2, 3, 7, 75, 130, 546, 1050]]
[1814, [2, 3, 7, 77, 275, 330, 350, 770]]
[1815, [2, 3, 7, 54, 462, 594, 693]]
[1816, [2, 3, 7, 85, 189, 306, 459, 765]]
[1817, [2, 3, 7, 57, 285, 665, 798]]
[1818, [2, 3, 7, 75, 234, 425, 442, 630]]
[1819, [2, 3, 11, 17, 70, 561, 1155]]
[1820, [2, 3, 7, 70, 325, 425, 442, 546]]
[1821, [2, 3, 7, 54, 450, 630, 675]]
[1822, [2, 3, 7, 77, 270, 315, 378, 770]]
[1823, [2, 3, 7, 115, 270, 297, 330, 385, 414]]
[1824, [2, 3, 7, 70, 350, 357, 510, 525]]
[1825, [2, 3, 9, 30, 87, 99, 1595]]
[1826, [2, 3, 7, 70, 330, 385, 490, 539]]
[1827, [2, 3, 7, 55, 385, 550, 825]]
[1828, [2, 3, 7, 85, 170, 385, 462, 714]]
[1829, [2, 3, 10, 18, 115, 738, 943]]
[1830, [2, 3, 7, 90, 150, 378, 525, 675]]
[1831, [2, 3, 7, 58, 261, 630, 870]]
[1832, [2, 3, 7, 87, 165, 385, 429, 754]]
[1833, [2, 3, 7, 75, 126, 675, 945]]
[1834, [2, 3, 7, 75, 270, 297, 550, 630]]
[1835, [2, 3, 7, 63, 255, 315, 1190]]
[1836, [2, 3, 7, 77, 255, 323, 399, 770]]
[1837, [2, 3, 7, 75, 125, 750, 875]]
[1838, [2, 3, 10, 18, 95, 1710]]
[1839, [2, 3, 7, 57, 285, 630, 855]]
[1840, [2, 3, 7, 75, 231, 378, 550, 594]]
[1841, [2, 3, 7, 62, 217, 465, 1085]]
[1842, [2, 3, 7, 78, 198, 429, 495, 630]]
[1843, [2, 3, 9, 35, 65, 91, 1638]]
[1844, [2, 3, 7, 77, 210, 418, 462, 665]]
[1845, [2, 3, 10, 18, 130, 377, 1305]]
[1846, [2, 3, 7, 70, 330, 378, 462, 594]]
[1847, [2, 3, 7, 78, 182, 210, 1365]]
[1848, [2, 3, 7, 77, 258, 301, 430, 770]]
[1849, [2, 3, 7, 126, 207, 315, 322, 357, 510]]
[1850, [2, 3, 7, 78, 231, 330, 429, 770]]
[1851, [2, 3, 7, 63, 189, 621, 966]]
[1852, [2, 3, 7, 85, 189, 290, 493, 783]]
[1853, [2, 3, 7, 70, 154, 462, 1155]]
[1854, [2, 3, 7, 69, 322, 462, 483, 506]]
[1855, [2, 3, 9, 22, 153, 357, 1309]]
[1856, [2, 3, 7, 70, 330, 399, 418, 627]]
[1857, [2, 3, 9, 30, 63, 175, 1575]]
[1858, [2, 3, 7, 70, 306, 425, 450, 595]]
[1859, [2, 3, 10, 18, 121, 495, 1210]]
[1860, [2, 3, 7, 77, 245, 315, 441, 770]]
[1861, [2, 3, 7, 43, 1806]]
[1862, [2, 3, 7, 74, 259, 333, 518, 666]]
[1863, [2, 3, 7, 66, 165, 630, 990]]
[1864, [2, 3, 7, 70, 315, 378, 495, 594]]
[1865, [2, 3, 7, 74, 154, 330, 1295]]
[1866, [2, 3, 7, 75, 231, 378, 495, 675]]
[1867, [2, 3, 7, 55, 375, 550, 875]]
[1868, [2, 3, 7, 70, 315, 406, 435, 630]]
[1869, [2, 3, 7, 115, 230, 322, 345, 390, 455]]
[1870, [2, 3, 7, 78, 207, 345, 598, 630]]
[1871, [2, 3, 7, 91, 143, 195, 1430]]
[1872, [2, 3, 7, 70, 315, 390, 455, 630]]
[1873, [2, 3, 10, 18, 115, 690, 1035]]
[1874, [2, 3, 7, 70, 315, 385, 462, 630]]
[1875, [2, 3, 7, 66, 210, 322, 1265]]
[1876, [2, 3, 7, 75, 210, 490, 539, 550]]
[1877, [2, 3, 7, 62, 222, 434, 1147]]
[1878, [2, 3, 7, 70, 318, 371, 477, 630]]
[1879, [2, 3, 7, 115, 231, 315, 330, 414, 462]]
[1880, [2, 3, 7, 70, 330, 385, 418, 665]]
[1881, [2, 3, 7, 57, 273, 741, 798]]
[1882, [2, 3, 7, 77, 209, 378, 513, 693]]
[1883, [2, 3, 9, 21, 198, 495, 1155]]
[1884, [2, 3, 7, 70, 310, 406, 435, 651]]
[1885, [2, 3, 9, 22, 129, 774, 946]]
[1886, [2, 3, 7, 95, 138, 399, 437, 805]]
[1887, [2, 3, 7, 70, 190, 285, 1330]]
[1888, [2, 3, 7, 70, 310, 390, 455, 651]]
[1889, [2, 3, 7, 110, 114, 190, 1463]]
[1890, [2, 3, 7, 70, 310, 385, 462, 651]]
[1891, [2, 5, 6, 9, 54, 330, 1485]]
[1892, [2, 3, 7, 70, 290, 399, 551, 570]]
[1893, [2, 3, 7, 75, 126, 630, 1050]]
[1894, [2, 3, 7, 69, 299, 462, 506, 546]]
[1895, [2, 3, 7, 54, 434, 558, 837]]
[1896, [2, 3, 7, 78, 195, 442, 455, 714]]
[1897, [2, 3, 7, 55, 385, 510, 935]]
[1898, [2, 3, 7, 74, 222, 434, 527, 629]]
[1899, [2, 3, 7, 90, 138, 210, 1449]]
[1900, [2, 3, 7, 70, 315, 378, 450, 675]]
[1901, [2, 3, 7, 78, 117, 693, 1001]]
[1902, [2, 3, 7, 70, 315, 350, 525, 630]]
[1903, [2, 3, 7, 85, 105, 630, 1071]]
[1904, [2, 3, 7, 77, 231, 297, 594, 693]]
[1905, [2, 3, 9, 21, 189, 574, 1107]]
[1906, [2, 3, 7, 90, 138, 483, 585, 598]]
[1907, [2, 3, 7, 66, 190, 385, 1254]]
[1908, [2, 3, 9, 19, 450, 1425]]
[1909, [2, 3, 7, 78, 119, 595, 1105]]
[1910, [2, 3, 7, 70, 310, 357, 510, 651]]
[1911, [2, 3, 7, 54, 405, 630, 810]]
[1912, [2, 3, 7, 78, 189, 414, 598, 621]]
[1913, [2, 3, 9, 30, 54, 330, 1485]]
[1914, [2, 3, 7, 70, 286, 390, 561, 595]]
[1915, [2, 3, 7, 70, 141, 705, 987]]
[1916, [2, 3, 7, 70, 270, 459, 510, 595]]
[1917, [2, 3, 7, 57, 273, 665, 910]]
[1918, [2, 3, 7, 70, 266, 475, 525, 570]]
[1919, [2, 3, 9, 25, 75, 855, 950]]
[1920, [2, 3, 7, 85, 210, 238, 525, 850]]
[1921, [2, 3, 7, 63, 273, 286, 1287]]
[1922, [2, 3, 7, 70, 285, 399, 510, 646]]
[1923, [2, 3, 7, 63, 198, 495, 1155]]
[1924, [2, 3, 7, 77, 213, 355, 497, 770]]
[1925, [2, 3, 7, 70, 171, 342, 1330]]
[1926, [2, 3, 7, 75, 234, 325, 630, 650]]
[1927, [2, 3, 7, 75, 150, 325, 1365]]
[1928, [2, 3, 7, 99, 189, 242, 297, 1089]]
[1929, [2, 3, 9, 25, 75, 825, 990]]
[1930, [2, 3, 7, 75, 210, 418, 550, 665]]
[1931, [2, 3, 7, 78, 126, 441, 1274]]
[1932, [2, 3, 7, 98, 150, 266, 475, 931]]
[1933, [2, 3, 7, 105, 286, 315, 330, 390, 495]]
[1934, [2, 3, 7, 69, 322, 406, 435, 690]]
[1935, [2, 3, 7, 77, 165, 246, 1435]]
[1936, [2, 3, 7, 77, 210, 357, 510, 770]]
[1937, [2, 3, 7, 55, 385, 495, 990]]
[1938, [2, 3, 7, 69, 322, 390, 455, 690]]
[1939, [2, 3, 9, 23, 102, 765, 1035]]
[1940, [2, 3, 7, 69, 322, 385, 462, 690]]
[1941, [2, 3, 7, 78, 117, 663, 1071]]
[1942, [2, 3, 7, 70, 287, 369, 574, 630]]
[1943, [2, 3, 7, 75, 175, 246, 1435]]
[1944, [2, 3, 7, 75, 210, 405, 567, 675]]
[1945, [2, 3, 7, 54, 434, 527, 918]]
[1946, [2, 3, 7, 70, 273, 403, 558, 630]]
[1947, [2, 3, 7, 65, 198, 385, 1287]]
[1948, [2, 3, 7, 66, 406, 435, 490, 539]]
[1949, [2, 3, 7, 57, 270, 665, 945]]
[1950, [2, 3, 7, 81, 210, 270, 567, 810]]
[1951, [2, 3, 7, 54, 385, 675, 825]]
[1952, [2, 3, 7, 50, 315, 1575]]
[1953, [2, 3, 7, 81, 126, 357, 1377]]
[1954, [2, 3, 7, 66, 385, 462, 490, 539]]
[1955, [2, 3, 9, 26, 82, 234, 1599]]
[1956, [2, 3, 7, 69, 290, 435, 483, 667]]
[1957, [2, 3, 7, 110, 225, 315, 350, 450, 495]]
[1958, [2, 3, 7, 66, 385, 450, 495, 550]]
[1959, [2, 3, 14, 15, 50, 125, 1750]]
[1960, [2, 3, 7, 69, 322, 357, 510, 690]]
[1961, [2, 3, 11, 17, 119, 126, 1683]]
[1962, [2, 3, 7, 70, 299, 345, 546, 690]]
[1963, [2, 3, 7, 91, 105, 390, 1365]]
[1964, [2, 3, 7, 90, 153, 357, 442, 910]]
[1965, [2, 3, 7, 54, 378, 702, 819]]
[1966, [2, 3, 7, 70, 273, 442, 455, 714]]
[1967, [2, 3, 7, 53, 477, 630, 795]]
[1968, [2, 3, 7, 69, 322, 350, 525, 690]]
[1969, [2, 3, 7, 77, 165, 245, 1470]]
[1970, [2, 3, 7, 90, 135, 483, 575, 675]]
[1971, [2, 3, 7, 65, 230, 299, 1365]]
[1972, [2, 3, 7, 66, 385, 429, 495, 585]]
[1973, [2, 3, 7, 55, 399, 462, 1045]]
[1974, [2, 3, 7, 66, 357, 490, 510, 539]]
[1975, [2, 3, 7, 78, 130, 390, 1365]]
[1976, [2, 3, 7, 69, 285, 437, 483, 690]]
[1977, [2, 3, 7, 75, 175, 245, 1470]]
[1978, [2, 3, 7, 70, 294, 357, 510, 735]]
[1979, [2, 3, 7, 70, 147, 525, 1225]]
[1980, [2, 3, 10, 21, 54, 1890]]
[1981, [2, 3, 9, 27, 95, 135, 1710]]
[1982, [2, 3, 7, 66, 350, 490, 525, 539]]
[1983, [2, 3, 7, 54, 405, 567, 945]]
[1984, [2, 3, 7, 66, 399, 418, 462, 627]]
[1985, [2, 3, 7, 105, 231, 330, 390, 455, 462]]
[1986, [2, 3, 7, 69, 299, 385, 506, 715]]
[1987, [2, 3, 7, 85, 105, 595, 1190]]
[1988, [2, 3, 7, 70, 255, 442, 546, 663]]
[1989, [2, 3, 7, 66, 210, 315, 1386]]
[1990, [2, 3, 7, 65, 429, 455, 490, 539]]
[1991, [2, 3, 7, 54, 375, 675, 875]]
[1992, [2, 3, 7, 70, 315, 330, 495, 770]]
[1993, [2, 3, 7, 66, 207, 322, 1386]]
[1994, [2, 3, 7, 82, 210, 246, 665, 779]]
[1995, [2, 3, 7, 57, 270, 630, 1026]]
[1996, [2, 3, 7, 70, 297, 330, 594, 693]]
[1997, [2, 3, 10, 19, 114, 215, 1634]]
[1998, [2, 3, 7, 69, 330, 345, 483, 759]]
[1999, [2, 3, 10, 18, 117, 559, 1290]]
[2000, [2, 3, 7, 70, 245, 490, 546, 637]]
[2001, [2, 3, 7, 110, 231, 270, 378, 450, 550]]
[2002, [2, 3, 7, 65, 425, 442, 483, 575]]
[2003, [2, 3, 11, 15, 145, 870, 957]]
[2004, [2, 3, 7, 70, 285, 342, 630, 665]]
[2005, [2, 3, 10, 30, 38, 155, 1767]]
[2006, [2, 3, 7, 66, 390, 418, 455, 665]]
[2007, [2, 3, 7, 55, 374, 495, 1071]]
[2008, [2, 3, 7, 66, 385, 418, 462, 665]]
[2009, [2, 3, 7, 58, 238, 783, 918]]
[2010, [2, 3, 7, 70, 285, 390, 455, 798]]
[2011, [2, 3, 9, 21, 261, 294, 1421]]
[2012, [2, 3, 7, 70, 255, 434, 527, 714]]
[2013, [2, 3, 7, 58, 290, 435, 1218]]
[2014, [2, 3, 7, 69, 261, 483, 522, 667]]
[2015, [2, 3, 9, 21, 175, 855, 950]]
[2016, [2, 3, 7, 66, 330, 483, 550, 575]]
[2017, [2, 3, 7, 55, 330, 630, 990]]
[2018, [2, 3, 7, 77, 190, 399, 570, 770]]
[2019, [2, 3, 7, 54, 378, 630, 945]]
[2020, [2, 3, 7, 74, 230, 370, 483, 851]]
[2021, [2, 3, 7, 77, 161, 253, 1518]]
[2022, [2, 3, 7, 70, 238, 518, 555, 629]]
[2023, [2, 3, 7, 91, 105, 385, 1430]]
[2024, [2, 3, 7, 65, 425, 442, 450, 630]]
[2025, [2, 3, 9, 21, 175, 825, 990]]
[2026, [2, 3, 7, 66, 330, 462, 561, 595]]
[2027, [2, 3, 7, 62, 217, 434, 1302]]
[2028, [2, 3, 7, 66, 357, 418, 510, 665]]
[2029, [2, 3, 9, 26, 78, 273, 1638]]
[2030, [2, 3, 7, 70, 275, 350, 630, 693]]
[2031, [2, 3, 7, 54, 378, 621, 966]]
[2032, [2, 3, 7, 69, 253, 483, 594, 621]]
[2033, [2, 3, 7, 102, 238, 322, 391, 462, 506]]
[2034, [2, 3, 7, 70, 305, 366, 427, 854]]
[2035, [2, 3, 7, 54, 385, 594, 990]]
[2036, [2, 3, 7, 66, 350, 418, 525, 665]]
[2037, [2, 3, 7, 70, 150, 475, 1330]]
[2038, [2, 3, 7, 66, 330, 450, 550, 630]]
[2039, [2, 3, 7, 95, 315, 342, 350, 450, 475]]
[2040, [2, 3, 7, 70, 285, 350, 525, 798]]
[2041, [2, 3, 7, 105, 119, 190, 1615]]
[2042, [2, 3, 7, 70, 315, 329, 470, 846]]
[2043, [2, 3, 7, 91, 97, 582, 1261]]
[2044, [2, 3, 7, 65, 377, 435, 546, 609]]
[2045, [2, 3, 7, 65, 161, 897, 910]]
[2046, [2, 3, 7, 90, 162, 270, 567, 945]]
[2047, [2, 3, 7, 98, 245, 385, 390, 455, 462]]
[2048, [2, 3, 7, 114, 153, 170, 630, 969]]
[2049, [2, 3, 7, 99, 245, 357, 385, 441, 510]]
[2050, [2, 3, 7, 77, 231, 351, 378, 1001]]
[2051, [2, 3, 7, 62, 210, 465, 1302]]
[2052, [2, 3, 7, 66, 315, 490, 539, 630]]
[2053, [2, 3, 10, 18, 171, 215, 1634]]
[2054, [2, 3, 7, 69, 310, 322, 651, 690]]
[2055, [2, 3, 7, 54, 357, 714, 918]]
[2056, [2, 3, 7, 66, 354, 385, 590, 649]]
[2057, [2, 3, 7, 63, 182, 630, 1170]]
[2058, [2, 3, 7, 65, 390, 403, 558, 630]]
[2059, [2, 3, 7, 90, 98, 585, 1274]]
[2060, [2, 3, 9, 21, 135, 1890]]
[2061, [2, 3, 10, 18, 117, 546, 1365]]
[2062, [2, 3, 7, 74, 259, 273, 703, 741]]
[2063, [2, 3, 7, 55, 406, 435, 1155]]
[2064, [2, 3, 7, 78, 189, 342, 702, 741]]
[2065, [2, 3, 7, 54, 370, 630, 999]]
[2066, [2, 3, 7, 70, 279, 330, 682, 693]]
[2067, [2, 3, 7, 55, 390, 455, 1155]]
[2068, [2, 3, 7, 66, 310, 490, 539, 651]]
[2069, [2, 3, 7, 55, 385, 462, 1155]]
[2070, [2, 3, 7, 66, 306, 495, 561, 630]]
[2071, [2, 3, 7, 58, 261, 522, 1218]]
[2072, [2, 3, 7, 70, 234, 495, 546, 715]]
[2073, [2, 3, 7, 61, 231, 427, 1342]]
[2074, [2, 3, 7, 65, 406, 435, 442, 714]]
[2075, [2, 3, 7, 98, 245, 350, 390, 455, 525]]
[2076, [2, 3, 9, 34, 39, 1989]]
[2077, [2, 3, 7, 98, 245, 350, 385, 462, 525]]
[2078, [2, 3, 7, 65, 350, 455, 546, 650]]
[2079, [2, 3, 7, 65, 182, 455, 1365]]
[2080, [2, 3, 7, 65, 385, 442, 462, 714]]
[2081, [2, 3, 7, 66, 154, 903, 946]]
[2082, [2, 3, 7, 69, 253, 483, 506, 759]]
[2083, [2, 3, 9, 38, 55, 95, 1881]]
[2084, [2, 3, 7, 49, 357, 1666]]
[2085, [2, 3, 7, 69, 189, 297, 1518]]
[2086, [2, 3, 7, 66, 315, 450, 550, 693]]
[2087, [2, 3, 7, 65, 195, 385, 1430]]
[2088, [2, 3, 7, 66, 297, 513, 570, 630]]
[2089, [2, 3, 7, 55, 357, 510, 1155]]
[2090, [2, 3, 7, 75, 238, 297, 550, 918]]
[2091, [2, 3, 7, 66, 154, 858, 1001]]
[2092, [2, 3, 7, 70, 286, 385, 429, 910]]
[2093, [2, 3, 14, 15, 43, 210, 1806]]
[2094, [2, 3, 7, 66, 294, 539, 546, 637]]
[2095, [2, 3, 7, 70, 154, 429, 1430]]
[2096, [2, 3, 7, 77, 210, 297, 675, 825]]
[2097, [2, 3, 7, 55, 350, 525, 1155]]
[2098, [2, 3, 7, 70, 231, 462, 630, 693]]
[2099, [2, 3, 7, 63, 175, 774, 1075]]
[2100, [2, 3, 7, 63, 135, 1890]]
[2101, [2, 3, 7, 91, 126, 234, 1638]]
[2102, [2, 3, 7, 70, 234, 442, 630, 714]]
[2103, [2, 3, 7, 57, 259, 665, 1110]]
[2104, [2, 3, 7, 63, 450, 490, 539, 550]]
[2105, [2, 3, 7, 54, 374, 594, 1071]]
[2106, [2, 3, 7, 66, 315, 418, 630, 665]]
[2107, [2, 3, 7, 66, 154, 825, 1050]]
[2108, [2, 3, 7, 63, 450, 483, 525, 575]]
[2109, [2, 3, 9, 22, 198, 225, 1650]]
[2110, [2, 3, 7, 65, 325, 483, 575, 650]]
[2111, [2, 3, 7, 54, 351, 693, 1001]]
[2112, [2, 3, 7, 70, 231, 490, 539, 770]]
[2113, [2, 5, 6, 9, 51, 510, 1530]]
[2114, [2, 3, 7, 75, 225, 350, 462, 990]]
[2115, [2, 3, 7, 95, 266, 350, 357, 510, 525]]
[2116, [2, 3, 7, 65, 385, 429, 455, 770]]
[2117, [2, 3, 9, 35, 45, 238, 1785]]
[2118, [2, 3, 7, 63, 429, 490, 539, 585]]
[2119, [2, 3, 9, 23, 150, 207, 1725]]
[2120, [2, 3, 7, 66, 315, 462, 495, 770]]
[2121, [2, 3, 7, 63, 186, 558, 1302]]
[2122, [2, 3, 7, 66, 310, 418, 651, 665]]
[2123, [2, 3, 10, 17, 255, 306, 1530]]
[2124, [2, 3, 7, 66, 297, 462, 594, 693]]
[2125, [2, 3, 7, 54, 378, 574, 1107]]
[2126, [2, 3, 7, 70, 285, 310, 651, 798]]
[2127, [2, 3, 7, 75, 150, 315, 1575]]
[2128, [2, 3, 7, 70, 279, 315, 682, 770]]
[2129, [2, 3, 10, 21, 70, 238, 1785]]
[2130, [2, 3, 7, 63, 405, 513, 567, 570]]
[2131, [2, 3, 7, 91, 117, 273, 1638]]
[2132, [2, 3, 7, 65, 325, 450, 630, 650]]
[2133, [2, 3, 7, 55, 385, 451, 1230]]
[2134, [2, 3, 7, 74, 198, 407, 666, 777]]
[2135, [2, 3, 9, 30, 51, 510, 1530]]
[2136, [2, 3, 7, 63, 405, 495, 567, 594]]
[2137, [2, 3, 7, 74, 126, 630, 1295]]
[2138, [2, 5, 6, 9, 46, 2070]]
[2139, [2, 3, 7, 63, 189, 525, 1350]]
[2140, [2, 3, 7, 66, 385, 390, 429, 858]]
[2141, [2, 3, 7, 54, 350, 675, 1050]]
[2142, [2, 3, 7, 65, 322, 455, 598, 690]]
[2143, [2, 3, 9, 26, 78, 270, 1755]]
[2144, [2, 3, 7, 66, 299, 462, 546, 759]]
[2145, [2, 3, 7, 54, 378, 567, 1134]]
[2146, [2, 3, 7, 78, 210, 273, 715, 858]]
[2147, [2, 3, 7, 70, 175, 315, 1575]]
[2148, [2, 3, 7, 65, 315, 495, 546, 715]]
[2149, [2, 3, 7, 69, 165, 385, 1518]]
[2150, [2, 3, 7, 65, 351, 390, 630, 702]]
[2151, [2, 3, 7, 54, 351, 663, 1071]]
[2152, [2, 3, 7, 70, 250, 375, 595, 850]]
[2153, [2, 3, 7, 95, 126, 210, 1710]]
[2154, [2, 3, 7, 65, 385, 425, 442, 825]]
[2155, [2, 5, 6, 14, 19, 114, 1995]]
[2156, [2, 3, 7, 77, 198, 330, 594, 945]]
[2157, [2, 3, 7, 66, 154, 770, 1155]]
[2158, [2, 3, 7, 63, 418, 450, 550, 665]]
[2159, [2, 3, 7, 65, 165, 630, 1287]]
[2160, [2, 3, 9, 30, 46, 2070]]
[2161, [2, 3, 7, 70, 135, 810, 1134]]
[2162, [2, 3, 7, 66, 330, 385, 555, 814]]
[2163, [2, 3, 10, 27, 42, 189, 1890]]
[2164, [2, 3, 7, 66, 279, 495, 630, 682]]
[2165, [2, 3, 7, 91, 275, 350, 429, 462, 546]]
[2166, [2, 3, 7, 54, 210, 1890]]
[2167, [2, 3, 7, 55, 315, 630, 1155]]
[2168, [2, 3, 7, 66, 330, 385, 550, 825]]
[2169, [2, 3, 10, 21, 81, 162, 1890]]
[2170, [2, 3, 7, 75, 221, 357, 455, 1050]]
[2171, [2, 3, 10, 18, 110, 858, 1170]]
[2172, [2, 3, 7, 63, 378, 495, 594, 630]]
[2173, [2, 3, 7, 95, 247, 342, 418, 429, 630]]
[2174, [2, 3, 7, 63, 425, 450, 510, 714]]
[2175, [2, 3, 7, 54, 333, 777, 999]]
[2176, [2, 3, 7, 69, 285, 322, 690, 798]]
[2177, [2, 3, 14, 19, 30, 114, 1995]]
[2178, [2, 3, 7, 65, 315, 442, 630, 714]]
[2179, [2, 3, 7, 57, 255, 665, 1190]]
[2180, [2, 3, 7, 65, 342, 390, 630, 741]]
[2181, [2, 3, 9, 22, 130, 585, 1430]]
[2182, [2, 3, 7, 63, 385, 490, 539, 693]]
[2183, [2, 3, 7, 55, 310, 651, 1155]]
[2184, [2, 3, 7, 63, 370, 518, 555, 666]]
[2185, [2, 3, 7, 94, 105, 329, 1645]]
[2186, [2, 3, 7, 63, 378, 483, 575, 675]]
[2187, [2, 3, 10, 18, 126, 390, 1638]]
[2188, [2, 3, 7, 70, 246, 369, 630, 861]]
[2189, [2, 3, 7, 70, 147, 490, 1470]]
[2190, [2, 3, 7, 66, 285, 490, 539, 798]]
[2191, [2, 3, 7, 58, 294, 406, 1421]]
[2192, [2, 3, 7, 63, 403, 442, 558, 714]]
[2193, [2, 3, 7, 66, 162, 567, 1386]]
[2194, [2, 3, 7, 65, 310, 442, 651, 714]]
[2195, [2, 3, 9, 39, 51, 102, 1989]]
[2196, [2, 3, 7, 65, 325, 450, 525, 819]]
[2197, [2, 3, 7, 90, 273, 385, 390, 462, 585]]
[2198, [2, 3, 7, 66, 275, 525, 550, 770]]
[2199, [2, 3, 11, 14, 594, 630, 945]]
[2200, [2, 3, 7, 85, 165, 306, 561, 1071]]
[2201, [2, 3, 7, 70, 143, 546, 1430]]
[2202, [2, 3, 7, 63, 378, 462, 594, 693]]
[2203, [2, 3, 9, 23, 138, 234, 1794]]
[2204, [2, 3, 7, 66, 297, 434, 558, 837]]
[2205, [2, 3, 7, 54, 414, 483, 1242]]
[2206, [2, 3, 7, 63, 350, 546, 585, 650]]
[2207, [2, 3, 7, 63, 182, 585, 1365]]
[2208, [2, 3, 7, 63, 378, 450, 630, 675]]
[2209, [2, 3, 7, 55, 294, 770, 1078]]
[2210, [2, 3, 7, 65, 351, 378, 585, 819]]
[2211, [2, 3, 7, 91, 93, 806, 1209]]
[2212, [2, 3, 7, 63, 399, 418, 627, 693]]
[2213, [2, 3, 7, 57, 285, 494, 1365]]
[2214, [2, 3, 7, 69, 299, 322, 546, 966]]
[2215, [2, 3, 7, 69, 154, 462, 1518]]
[2216, [2, 3, 7, 63, 374, 459, 594, 714]]
[2217, [2, 3, 7, 54, 351, 630, 1170]]
[2218, [2, 3, 7, 65, 390, 406, 435, 910]]
[2219, [2, 3, 7, 90, 270, 350, 405, 525, 567]]
[2220, [2, 3, 7, 65, 287, 533, 585, 738]]
[2221, [2, 3, 7, 51, 646, 714, 798]]
[2222, [2, 3, 7, 66, 385, 390, 407, 962]]
[2223, [2, 3, 7, 91, 273, 350, 385, 462, 650]]
[2224, [2, 3, 7, 65, 385, 390, 462, 910]]
[2225, [2, 3, 7, 63, 225, 350, 1575]]
[2226, [2, 3, 7, 70, 273, 310, 651, 910]]
[2227, [2, 3, 7, 85, 102, 663, 1365]]
[2228, [2, 3, 7, 70, 250, 375, 546, 975]]
[2229, [2, 3, 7, 78, 189, 195, 1755]]
[2230, [2, 3, 7, 63, 385, 450, 550, 770]]
[2231, [2, 3, 11, 26, 33, 154, 2002]]
[2232, [2, 3, 7, 70, 273, 330, 546, 1001]]
[2233, [2, 3, 14, 18, 30, 171, 1995]]
[2234, [2, 3, 7, 65, 390, 403, 434, 930]]
[2235, [2, 3, 7, 57, 266, 570, 1330]]
[2236, [2, 3, 7, 63, 385, 418, 665, 693]]
[2237, [2, 3, 7, 95, 105, 315, 1710]]
[2238, [2, 3, 7, 63, 342, 510, 646, 665]]
[2239, [2, 3, 10, 21, 78, 175, 1950]]
[2240, [2, 3, 7, 70, 253, 330, 770, 805]]
[2241, [2, 3, 7, 53, 371, 798, 1007]]
[2242, [2, 3, 9, 19, 423, 1786]]
[2243, [2, 5, 6, 9, 55, 285, 1881]]
[2244, [2, 3, 7, 63, 385, 429, 585, 770]]
[2245, [2, 3, 7, 51, 595, 782, 805]]
[2246, [2, 3, 7, 70, 203, 630, 638, 693]]
[2247, [2, 3, 7, 70, 165, 350, 1650]]
[2248, [2, 3, 7, 63, 371, 477, 530, 795]]
[2249, [2, 5, 6, 11, 25, 550, 1650]]
[2250, [2, 3, 7, 66, 286, 483, 506, 897]]
[2251, [2, 3, 7, 55, 294, 735, 1155]]
[2252, [2, 3, 7, 65, 350, 390, 525, 910]]
[2253, [2, 3, 7, 90, 266, 315, 475, 525, 570]]
[2254, [2, 3, 7, 63, 330, 561, 595, 693]]
[2255, [2, 3, 7, 66, 154, 714, 1309]]
[2256, [2, 3, 7, 70, 323, 330, 399, 1122]]
[2257, [2, 3, 7, 70, 150, 450, 1575]]
[2258, [2, 3, 7, 66, 275, 450, 630, 825]]
[2259, [2, 3, 7, 102, 105, 255, 1785]]
[2260, [2, 3, 7, 63, 385, 450, 525, 825]]
[2261, [2, 3, 7, 87, 105, 462, 1595]]
[2262, [2, 3, 7, 63, 351, 459, 663, 714]]
[2263, [2, 3, 9, 29, 54, 513, 1653]]
[2264, [2, 3, 7, 55, 195, 2002]]
[2265, [2, 3, 9, 30, 55, 285, 1881]]
[2266, [2, 3, 7, 66, 285, 418, 630, 855]]
[2267, [2, 3, 7, 70, 133, 855, 1197]]
[2268, [2, 3, 7, 63, 322, 575, 621, 675]]
[2269, [2, 3, 10, 18, 130, 351, 1755]]
[2270, [2, 3, 7, 63, 322, 585, 598, 690]]
[2271, [2, 3, 7, 86, 123, 287, 1763]]
[2272, [2, 3, 7, 63, 329, 517, 658, 693]]
[2273, [2, 3, 7, 77, 126, 441, 1617]]
[2274, [2, 3, 7, 65, 325, 378, 675, 819]]
[2275, [2, 3, 7, 63, 175, 675, 1350]]
[2276, [2, 3, 7, 65, 273, 535, 642, 749]]
[2277, [2, 3, 7, 77, 165, 238, 1785]]
[2278, [2, 3, 7, 66, 330, 385, 495, 990]]
[2279, [2, 3, 9, 33, 45, 405, 1782]]
[2280, [2, 3, 7, 75, 186, 434, 550, 1023]]
[2281, [2, 3, 11, 27, 33, 126, 2079]]
[2282, [2, 3, 7, 63, 378, 434, 558, 837]]
[2283, [2, 3, 7, 54, 345, 630, 1242]]
[2284, [2, 3, 7, 62, 403, 442, 651, 714]]
[2285, [2, 3, 7, 62, 186, 630, 1395]]
[2286, [2, 3, 7, 90, 126, 441, 735, 882]]
[2287, [2, 3, 7, 85, 325, 351, 425, 459, 630]]
[2288, [2, 3, 7, 63, 406, 435, 490, 882]]
[2289, [2, 3, 10, 21, 66, 297, 1890]]
[2290, [2, 3, 7, 81, 91, 2106]]
[2291, [2, 3, 7, 53, 371, 742, 1113]]
[2292, [2, 3, 7, 63, 390, 455, 490, 882]]
[2293, [2, 3, 7, 105, 119, 187, 1870]]
[2294, [2, 3, 7, 63, 385, 462, 490, 882]]
[2295, [2, 3, 9, 26, 99, 154, 2002]]
[2296, [2, 3, 7, 70, 259, 390, 455, 1110]]
[2297, [2, 3, 7, 90, 299, 315, 345, 546, 690]]
[2298, [2, 3, 7, 63, 369, 410, 665, 779]]
[2299, [2, 3, 7, 70, 138, 630, 1449]]
[2300, [2, 3, 7, 63, 330, 495, 630, 770]]
[2301, [2, 3, 7, 55, 385, 430, 1419]]
[2302, [2, 3, 7, 63, 425, 442, 450, 910]]
[2303, [2, 3, 7, 54, 315, 837, 1085]]
[2304, [2, 3, 7, 63, 342, 462, 627, 798]]
[2305, [2, 3, 7, 55, 285, 798, 1155]]
[2306, [2, 3, 7, 65, 351, 378, 525, 975]]
[2307, [2, 3, 7, 55, 325, 550, 1365]]
[2308, [2, 3, 7, 63, 315, 546, 637, 735]]
[2309, [2, 3, 7, 85, 270, 425, 459, 483, 575]]
[2310, [2, 3, 7, 66, 310, 434, 465, 1023]]
[2311, [2, 3, 7, 55, 385, 429, 1430]]
[2312, [2, 3, 7, 63, 357, 423, 658, 799]]
[2313, [2, 3, 7, 63, 210, 390, 1638]]
[2314, [2, 3, 7, 63, 342, 442, 714, 741]]
[2315, [2, 3, 7, 70, 210, 238, 1785]]
[2316, [2, 3, 7, 63, 315, 535, 642, 749]]
[2317, [2, 3, 7, 90, 99, 506, 1610]]
[2318, [2, 3, 7, 70, 231, 385, 630, 990]]
[2319, [2, 3, 7, 54, 378, 525, 1350]]
[2320, [2, 3, 7, 62, 345, 558, 630, 713]]
[2321, [2, 3, 9, 30, 69, 138, 2070]]
[2322, [2, 3, 7, 63, 350, 490, 525, 882]]
[2323, [2, 3, 9, 21, 195, 455, 1638]]
[2324, [2, 3, 7, 66, 253, 495, 693, 805]]
[2325, [2, 3, 7, 54, 315, 810, 1134]]
[2326, [2, 3, 7, 66, 282, 462, 517, 987]]
[2327, [2, 3, 10, 17, 170, 850, 1275]]
[2328, [2, 3, 7, 65, 273, 483, 690, 805]]
[2329, [2, 3, 7, 90, 225, 385, 462, 525, 630]]
[2330, [2, 3, 7, 63, 330, 462, 693, 770]]
[2331, [2, 3, 7, 63, 198, 441, 1617]]
[2332, [2, 3, 9, 19, 418, 1881]]
[2333, [2, 3, 9, 21, 270, 273, 1755]]
[2334, [2, 3, 7, 70, 210, 455, 690, 897]]
[2335, [2, 3, 9, 27, 62, 558, 1674]]
[2336, [2, 3, 7, 63, 390, 403, 558, 910]]
[2337, [2, 3, 7, 90, 135, 210, 1890]]
[2338, [2, 3, 7, 63, 370, 450, 518, 925]]
[2339, [2, 5, 6, 9, 49, 945, 1323]]
[2340, [2, 3, 7, 63, 315, 546, 585, 819]]
[2341, [2, 3, 7, 71, 142, 483, 1633]]
[2342, [2, 3, 7, 63, 306, 561, 630, 770]]
[2343, [2, 3, 7, 70, 133, 798, 1330]]
[2344, [2, 3, 7, 63, 315, 510, 646, 798]]
[2345, [2, 3, 9, 21, 165, 990, 1155]]
[2346, [2, 3, 7, 85, 198, 210, 770, 1071]]
[2347, [2, 3, 10, 17, 190, 510, 1615]]
[2348, [2, 3, 7, 63, 315, 495, 693, 770]]
[2349, [2, 3, 11, 23, 33, 759, 1518]]
[2350, [2, 3, 7, 63, 329, 470, 630, 846]]
[2351, [2, 3, 11, 14, 462, 858, 1001]]
[2352, [2, 3, 7, 65, 273, 490, 630, 882]]
[2353, [2, 3, 10, 19, 114, 210, 1995]]
[2354, [2, 3, 7, 85, 186, 225, 775, 1071]]
[2355, [2, 3, 7, 81, 162, 210, 1890]]
[2356, [2, 3, 7, 74, 250, 350, 375, 1295]]
[2357, [2, 3, 9, 22, 121, 990, 1210]]
[2358, [2, 3, 7, 46, 690, 1610]]
[2359, [2, 3, 7, 51, 595, 630, 1071]]
[2360, [2, 3, 7, 63, 315, 525, 595, 850]]
[2361, [2, 3, 7, 54, 306, 918, 1071]]
[2362, [2, 3, 7, 69, 207, 570, 630, 874]]
[2363, [2, 3, 7, 57, 266, 546, 1482]]
[2364, [2, 3, 7, 66, 297, 357, 714, 918]]
[2365, [2, 3, 7, 62, 174, 899, 1218]]
[2366, [2, 3, 7, 63, 297, 594, 630, 770]]
[2367, [2, 3, 7, 54, 351, 585, 1365]]
[2368, [2, 3, 7, 63, 315, 483, 690, 805]]
[2369, [2, 3, 7, 85, 306, 315, 442, 546, 663]]
[2370, [2, 3, 7, 63, 306, 510, 714, 765]]
[2371, [2, 3, 9, 22, 126, 658, 1551]]
[2372, [2, 3, 7, 63, 299, 546, 693, 759]]
[2373, [2, 3, 7, 63, 270, 273, 1755]]
[2374, [2, 3, 7, 62, 378, 434, 651, 837]]
[2375, [2, 3, 9, 35, 46, 210, 2070]]
[2376, [2, 3, 7, 66, 270, 418, 665, 945]]
[2377, [2, 3, 11, 15, 153, 510, 1683]]
[2378, [2, 3, 7, 63, 375, 378, 675, 875]]
[2379, [2, 3, 14, 18, 30, 170, 2142]]
[2380, [2, 3, 7, 70, 270, 285, 798, 945]]
[2381, [2, 3, 10, 25, 46, 225, 2070]]
[2382, [2, 3, 7, 74, 245, 315, 441, 1295]]
[2383, [2, 3, 7, 51, 585, 630, 1105]]
[2384, [2, 3, 7, 65, 273, 495, 594, 945]]
[2385, [2, 3, 7, 63, 165, 990, 1155]]
[2386, [2, 3, 7, 63, 306, 525, 630, 850]]
[2387, [2, 3, 7, 85, 238, 459, 510, 513, 570]]
[2388, [2, 3, 7, 65, 325, 390, 546, 1050]]
[2389, [2, 3, 9, 22, 153, 330, 1870]]
[2390, [2, 3, 7, 66, 275, 462, 525, 1050]]
[2391, [2, 3, 7, 61, 183, 854, 1281]]
[2392, [2, 3, 7, 63, 315, 490, 630, 882]]
[2393, [2, 3, 7, 78, 390, 429, 455, 490, 539]]
[2394, [2, 3, 7, 63, 285, 665, 666, 703]]
[2395, [2, 3, 7, 70, 135, 693, 1485]]
[2396, [2, 3, 7, 63, 350, 450, 546, 975]]
[2397, [2, 3, 9, 21, 165, 910, 1287]]
[2398, [2, 3, 7, 66, 238, 561, 663, 858]]
[2399, [2, 3, 7, 70, 130, 1053, 1134]]
[2400, [2, 3, 7, 63, 306, 561, 567, 891]]
[2401, [2, 3, 7, 73, 126, 657, 1533]]
[2402, [2, 3, 7, 63, 350, 462, 525, 990]]
[2403, [2, 3, 7, 65, 155, 806, 1365]]
[2404, [2, 3, 7, 66, 330, 406, 435, 1155]]
[2405, [2, 3, 7, 55, 273, 910, 1155]]
[2406, [2, 3, 7, 63, 330, 462, 594, 945]]
[2407, [2, 3, 7, 85, 270, 357, 459, 510, 714]]
[2408, [2, 3, 7, 63, 310, 490, 651, 882]]
[2409, [2, 3, 7, 51, 510, 765, 1071]]
[2410, [2, 3, 7, 63, 325, 450, 650, 910]]
[2411, [2, 3, 7, 65, 189, 390, 1755]]
[2412, [2, 3, 7, 65, 286, 429, 630, 990]]
[2413, [2, 3, 7, 55, 345, 483, 1518]]
[2414, [2, 3, 7, 65, 270, 455, 702, 910]]
[2415, [2, 3, 7, 57, 246, 665, 1435]]
[2416, [2, 3, 7, 63, 370, 405, 567, 999]]
[2417, [2, 3, 11, 14, 462, 770, 1155]]
[2418, [2, 3, 7, 63, 315, 455, 715, 858]]
[2419, [2, 3, 9, 30, 63, 170, 2142]]
[2420, [2, 3, 7, 63, 390, 450, 455, 1050]]
[2421, [2, 3, 7, 70, 130, 987, 1222]]
[2422, [2, 3, 7, 63, 378, 385, 594, 990]]
[2423, [2, 3, 7, 70, 154, 405, 1782]]
[2424, [2, 3, 7, 63, 297, 567, 594, 891]]
[2425, [2, 3, 7, 63, 234, 322, 1794]]
[2426, [2, 3, 7, 70, 198, 561, 595, 990]]
[2427, [2, 3, 10, 18, 114, 570, 1710]]
[2428, [2, 3, 7, 62, 390, 403, 651, 910]]
[2429, [2, 3, 14, 21, 23, 273, 2093]]
[2430, [2, 3, 7, 63, 345, 414, 630, 966]]
[2431, [2, 3, 7, 54, 301, 903, 1161]]
[2432, [2, 3, 7, 63, 315, 455, 690, 897]]
[2433, [2, 3, 7, 55, 286, 715, 1365]]
[2434, [2, 3, 7, 63, 294, 546, 637, 882]]
[2435, [2, 3, 7, 85, 238, 425, 450, 595, 630]]
[2436, [2, 3, 7, 62, 310, 589, 665, 798]]
[2437, [2, 3, 7, 55, 270, 945, 1155]]
[2438, [2, 3, 7, 66, 330, 350, 525, 1155]]
[2439, [2, 3, 7, 54, 315, 735, 1323]]
[2440, [2, 3, 7, 70, 231, 378, 594, 1155]]
[2441, [2, 3, 7, 63, 182, 546, 1638]]
[2442, [2, 3, 7, 63, 357, 378, 714, 918]]
[2443, [2, 3, 7, 63, 185, 518, 1665]]
[2444, [2, 3, 7, 70, 217, 378, 837, 930]]
[2445, [2, 3, 9, 30, 49, 882, 1470]]
[2446, [2, 3, 7, 63, 330, 455, 585, 1001]]
[2447, [2, 3, 10, 19, 114, 209, 2090]]
[2448, [2, 3, 7, 63, 315, 441, 735, 882]]
[2449, [2, 3, 7, 57, 245, 665, 1470]]
[2450, [2, 3, 7, 63, 285, 570, 665, 855]]
[2451, [2, 3, 7, 63, 189, 486, 1701]]
[2452, [2, 3, 7, 63, 287, 533, 738, 819]]
[2453, [2, 3, 11, 30, 42, 55, 2310]]
[2454, [2, 3, 7, 66, 231, 550, 770, 825]]
[2455, [2, 3, 7, 63, 175, 630, 1575]]
[2456, [2, 3, 7, 63, 315, 442, 714, 910]]
[2457, [2, 3, 7, 62, 217, 399, 1767]]
[2458, [2, 3, 7, 62, 310, 589, 630, 855]]
[2459, [2, 3, 7, 77, 350, 450, 495, 525, 550]]
[2460, [2, 3, 7, 63, 315, 450, 675, 945]]
[2461, [2, 3, 9, 26, 81, 234, 2106]]
[2462, [2, 3, 7, 49, 343, 2058]]
[2463, [2, 3, 7, 54, 297, 945, 1155]]
[2464, [2, 3, 7, 63, 357, 434, 527, 1071]]
[2465, [2, 3, 7, 54, 342, 594, 1463]]
[2466, [2, 3, 7, 70, 234, 330, 819, 1001]]
[2467, [2, 3, 7, 70, 135, 675, 1575]]
[2468, [2, 3, 7, 70, 189, 585, 702, 910]]
[2469, [2, 3, 7, 78, 357, 418, 429, 510, 665]]
[2470, [2, 3, 7, 63, 315, 455, 650, 975]]
