[1, [1]]
[4, 0]
[7, 0]
[10, 0]
[13, 0]
[16, 0]
[19, 0]
[22, 0]
[25, 0]
[28, 0]
[31, [2, 4, 5, 20]]
[34, 0]
[37, 0]
[40, 0]
[43, 0]
[46, 0]
[49, 0]
[52, 0]
[55, [2, 4, 7, 14, 28]]
[58, 0]
[61, 0]
[64, [2, 4, 8, 10, 40]]
[67, 0]
[70, 0]
[73, 0]
[76, [2, 5, 7, 14, 20, 28]]
[79, 0]
[82, 0]
[85, [2, 4, 10, 14, 20, 35]]
[88, 0]
[91, 0]
[94, 0]
[97, 0]
[100, 0]
[103, [2, 4, 8, 14, 35, 40]]
[106, 0]
[109, [2, 4, 5, 28, 70]]
[112, [2, 4, 8, 14, 28, 56]]
[115, 0]
[118, 0]
[121, [2, 5, 8, 10, 16, 80]]
[124, [2, 5, 8, 14, 20, 35, 40]]
[127, 0]
[130, [2, 4, 8, 16, 20, 80]]
[133, [2, 5, 8, 14, 20, 28, 56]]
[136, [2, 4, 5, 25, 100]]
[139, 0]
[142, 0]
[145, 0]
[148, [2, 4, 7, 14, 44, 77]]
[151, 0]
[154, [2, 4, 10, 14, 28, 40, 56]]
[157, [2, 4, 8, 11, 44, 88]]
[160, [2, 5, 8, 14, 16, 35, 80]]
[163, [2, 4, 7, 10, 140]]
[166, [2, 7, 8, 10, 20, 28, 35, 56]]
[169, [2, 4, 7, 13, 52, 91]]
[172, [2, 4, 7, 28, 35, 40, 56]]
[175, [2, 4, 8, 11, 40, 110]]
[178, [2, 5, 8, 11, 20, 44, 88]]
[181, [2, 5, 7, 14, 25, 28, 100]]
[184, [2, 5, 7, 10, 20, 140]]
[187, [2, 5, 10, 11, 14, 35, 110]]
[190, [2, 4, 10, 14, 25, 35, 100]]
[193, [2, 4, 8, 10, 65, 104]]
[196, [2, 4, 11, 14, 20, 35, 110]]
[199, [2, 4, 7, 20, 40, 56, 70]]
[202, [2, 4, 5, 44, 70, 77]]
[205, [2, 4, 8, 14, 44, 56, 77]]
[208, [2, 4, 8, 16, 28, 70, 80]]
[211, [2, 4, 13, 14, 26, 35, 52, 65]]
[214, [2, 5, 8, 10, 20, 65, 104]]
[217, [2, 4, 8, 16, 35, 40, 112]]
[220, [2, 4, 5, 40, 65, 104]]
[223, [2, 5, 7, 14, 20, 35, 140]]
[226, [2, 4, 8, 13, 52, 56, 91]]
[229, [2, 5, 7, 14, 35, 40, 56, 70]]
[232, [2, 4, 8, 14, 35, 65, 104]]
[235, [2, 4, 7, 16, 56, 70, 80]]
[238, [2, 4, 5, 35, 80, 112]]
[241, [2, 5, 8, 10, 20, 56, 140]]
[244, [2, 4, 10, 13, 20, 65, 130]]
[247, [2, 4, 5, 40, 56, 140]]
[250, [2, 4, 10, 16, 28, 40, 70, 80]]
[253, [2, 4, 5, 22, 220]]
[256, [2, 4, 5, 35, 70, 140]]
[259, [2, 4, 8, 14, 35, 56, 140]]
[262, [2, 4, 7, 16, 44, 77, 112]]
[265, [2, 4, 7, 35, 40, 44, 56, 77]]
[268, [2, 4, 10, 13, 40, 52, 56, 91]]
[271, [2, 4, 7, 20, 28, 70, 140]]
[274, [2, 4, 7, 11, 110, 140]]
[277, [2, 4, 8, 22, 28, 55, 70, 88]]
[280, [2, 4, 7, 20, 26, 91, 130]]
[283, [2, 4, 5, 32, 80, 160]]
[286, [2, 5, 7, 20, 35, 40, 44, 56, 77]]
[289, [2, 4, 7, 14, 70, 80, 112]]
[292, [2, 4, 11, 13, 26, 44, 88, 104]]
[295, [2, 5, 7, 11, 20, 110, 140]]
[298, [2, 4, 7, 20, 25, 100, 140]]
[301, [2, 4, 5, 40, 50, 200]]
[304, [2, 4, 8, 11, 65, 104, 110]]
[307, [2, 4, 10, 14, 22, 35, 220]]
[310, [2, 4, 8, 20, 28, 56, 80, 112]]
[313, [2, 4, 8, 14, 35, 50, 200]]
[316, [2, 4, 7, 16, 35, 112, 140]]
[319, [2, 5, 8, 10, 14, 280]]
[322, [2, 4, 10, 13, 28, 65, 70, 130]]
[325, [2, 4, 7, 14, 56, 88, 154]]
[328, [2, 4, 8, 14, 20, 280]]
[331, [2, 4, 8, 11, 56, 110, 140]]
[334, [2, 5, 7, 8, 70, 88, 154]]
[337, [2, 4, 5, 32, 70, 224]]
[340, [2, 4, 8, 14, 26, 104, 182]]
[343, [2, 4, 10, 11, 22, 140, 154]]
[346, [2, 4, 7, 20, 44, 77, 80, 112]]
[349, [2, 4, 10, 13, 25, 65, 100, 130]]
[352, [2, 4, 7, 14, 50, 100, 175]]
[355, [2, 4, 8, 16, 35, 70, 80, 140]]
[358, [2, 4, 7, 22, 40, 55, 88, 140]]
[361, [2, 4, 7, 13, 65, 130, 140]]
[364, [2, 4, 7, 20, 44, 70, 77, 140]]
[367, [2, 4, 8, 28, 35, 44, 65, 77, 104]]
[370, [2, 4, 7, 14, 49, 98, 196]]
[373, [2, 4, 7, 26, 35, 52, 65, 182]]
[376, [2, 4, 5, 56, 65, 104, 140]]
[379, [2, 4, 5, 56, 70, 88, 154]]
[382, [2, 4, 5, 28, 98, 245]]
[385, [2, 4, 8, 11, 50, 110, 200]]
[388, [2, 4, 7, 20, 35, 40, 280]]
[391, [2, 4, 8, 14, 44, 77, 88, 154]]
[394, [2, 4, 8, 22, 28, 40, 70, 220]]
[397, [2, 4, 7, 16, 32, 112, 224]]
[400, [2, 4, 5, 26, 143, 220]]
[403, [2, 4, 10, 20, 22, 25, 100, 220]]
[406, [2, 4, 5, 50, 70, 100, 175]]
[409, [2, 4, 5, 35, 55, 308]]
[412, [2, 5, 7, 8, 50, 140, 200]]
[415, [2, 4, 7, 20, 22, 140, 220]]
[418, [2, 4, 7, 16, 65, 80, 104, 140]]
[421, [2, 4, 5, 44, 80, 110, 176]]
[424, [2, 4, 5, 49, 70, 98, 196]]
[427, [2, 4, 5, 26, 130, 260]]
[430, [2, 4, 5, 50, 65, 104, 200]]
[433, [2, 4, 5, 40, 88, 140, 154]]
[436, [2, 4, 8, 14, 55, 56, 77, 220]]
[439, [2, 4, 7, 16, 56, 88, 112, 154]]
[442, [2, 4, 7, 13, 65, 91, 260]]
[445, [2, 4, 7, 20, 32, 80, 140, 160]]
[448, [2, 4, 10, 14, 28, 40, 70, 280]]
[451, [2, 4, 7, 14, 40, 160, 224]]
[454, [2, 4, 7, 22, 26, 110, 140, 143]]
[457, [2, 4, 5, 50, 56, 140, 200]]
[460, [2, 4, 7, 14, 55, 70, 308]]
[463, [2, 4, 7, 20, 40, 50, 140, 200]]
[466, [2, 4, 8, 11, 56, 77, 308]]
[469, [2, 4, 5, 40, 80, 130, 208]]
[472, [2, 4, 7, 20, 40, 56, 98, 245]]
[475, [2, 4, 5, 44, 77, 98, 245]]
[478, [2, 4, 7, 13, 52, 140, 260]]
[481, [2, 4, 7, 20, 32, 80, 112, 224]]
[484, [2, 4, 7, 16, 49, 98, 112, 196]]
[487, [2, 4, 7, 14, 40, 140, 280]]
[490, [2, 4, 7, 20, 44, 56, 77, 280]]
[493, [2, 4, 7, 16, 55, 77, 112, 220]]
[496, [2, 4, 5, 35, 112, 130, 208]]
[499, [2, 4, 7, 16, 44, 110, 140, 176]]
[502, [2, 4, 7, 22, 26, 91, 130, 220]]
[505, [2, 4, 5, 40, 70, 160, 224]]
[508, [2, 4, 8, 10, 44, 440]]
[511, [2, 4, 7, 20, 28, 112, 130, 208]]
[514, [2, 4, 5, 40, 88, 100, 275]]
[517, [2, 4, 7, 20, 35, 65, 104, 280]]
[520, [2, 4, 7, 22, 25, 100, 140, 220]]
[523, [2, 4, 5, 40, 80, 112, 280]]
[526, [2, 4, 5, 25, 140, 350]]
[529, [2, 4, 5, 35, 98, 140, 245]]
[532, [2, 4, 7, 22, 44, 77, 88, 112, 176]]
[535, [2, 4, 5, 40, 44, 440]]
[538, [2, 4, 10, 13, 28, 52, 65, 364]]
[541, [2, 4, 5, 32, 130, 160, 208]]
[544, [2, 4, 5, 77, 80, 110, 112, 154]]
[547, [2, 4, 8, 14, 35, 44, 440]]
[550, [2, 4, 7, 13, 56, 104, 364]]
[553, [2, 4, 5, 35, 52, 455]]
[556, [2, 4, 7, 16, 40, 112, 175, 200]]
[559, [2, 4, 10, 11, 20, 160, 352]]
[562, [2, 4, 5, 65, 88, 104, 140, 154]]
[565, [2, 4, 7, 16, 40, 112, 160, 224]]
[568, [2, 4, 5, 35, 88, 154, 280]]
[571, [2, 4, 7, 14, 65, 104, 175, 200]]
[574, [2, 4, 7, 16, 55, 70, 112, 308]]
[577, [2, 4, 8, 11, 40, 160, 352]]
[580, [2, 4, 5, 65, 80, 112, 130, 182]]
[583, [2, 4, 7, 20, 28, 88, 154, 280]]
[586, [2, 4, 10, 11, 20, 154, 385]]
[589, [2, 4, 7, 14, 77, 100, 110, 275]]
[592, [2, 4, 7, 22, 40, 44, 88, 385]]
[595, [2, 4, 5, 32, 112, 160, 280]]
[598, [2, 4, 5, 65, 70, 130, 140, 182]]
[601, [2, 4, 7, 16, 40, 112, 140, 280]]
[604, [2, 4, 7, 14, 52, 70, 455]]
[607, [2, 4, 7, 14, 56, 140, 160, 224]]
[610, [2, 4, 5, 32, 98, 224, 245]]
[613, [2, 4, 5, 44, 52, 220, 286]]
[616, [2, 4, 5, 55, 80, 140, 154, 176]]
[619, [2, 4, 8, 11, 44, 110, 440]]
[622, [2, 4, 5, 44, 55, 160, 352]]
[625, [2, 4, 5, 56, 80, 130, 140, 208]]
[628, [2, 4, 7, 10, 220, 385]]
[631, [2, 4, 5, 35, 91, 130, 364]]
[634, [2, 4, 5, 56, 80, 112, 175, 200]]
[637, [2, 4, 7, 16, 55, 80, 88, 385]]
[640, [2, 4, 10, 16, 20, 28, 560]]
[643, [2, 4, 5, 50, 88, 140, 154, 200]]
[646, [2, 5, 7, 8, 44, 140, 440]]
[649, [2, 4, 5, 44, 55, 154, 385]]
[652, [2, 4, 5, 55, 80, 110, 176, 220]]
[655, [2, 4, 7, 16, 56, 70, 100, 400]]
[658, [2, 4, 5, 35, 100, 112, 400]]
[661, [2, 4, 5, 25, 125, 500]]
[664, [2, 4, 5, 44, 65, 104, 440]]
[667, [2, 4, 7, 14, 35, 220, 385]]
[670, [2, 4, 5, 56, 88, 100, 140, 275]]
[673, [2, 4, 7, 20, 28, 100, 112, 400]]
[676, [2, 4, 7, 11, 140, 160, 352]]
[679, [2, 4, 5, 28, 80, 560]]
[682, [2, 4, 7, 14, 70, 91, 130, 364]]
[685, [2, 4, 7, 11, 143, 154, 364]]
[688, [2, 4, 5, 56, 77, 110, 154, 280]]
[691, [2, 4, 5, 44, 56, 140, 440]]
[694, [2, 4, 5, 28, 175, 200, 280]]
[697, [2, 4, 5, 52, 80, 112, 182, 260]]
[700, [2, 4, 7, 22, 25, 70, 220, 350]]
[703, [2, 4, 5, 28, 160, 224, 280]]
[706, [2, 4, 5, 55, 77, 98, 220, 245]]
[709, [2, 4, 7, 10, 196, 490]]
[712, [2, 4, 5, 40, 56, 220, 385]]
[715, [2, 4, 5, 50, 70, 160, 200, 224]]
[718, [2, 5, 7, 8, 56, 80, 560]]
[721, [2, 4, 5, 28, 154, 220, 308]]
[724, [2, 4, 5, 44, 100, 140, 154, 275]]
[727, [2, 5, 7, 10, 28, 70, 220, 385]]
[730, [2, 4, 5, 52, 56, 91, 520]]
[733, [2, 4, 5, 44, 110, 112, 176, 280]]
[736, [2, 4, 7, 13, 70, 140, 175, 325]]
[739, [2, 4, 7, 11, 110, 220, 385]]
[742, [2, 4, 7, 14, 50, 140, 175, 350]]
[745, [2, 4, 5, 44, 50, 200, 440]]
[748, [2, 4, 7, 14, 35, 196, 490]]
[751, [2, 4, 5, 50, 70, 140, 200, 280]]
[754, [2, 4, 7, 16, 40, 80, 220, 385]]
[757, [2, 4, 7, 16, 28, 140, 560]]
[760, [2, 4, 5, 44, 100, 110, 220, 275]]
[763, [2, 4, 5, 52, 70, 130, 175, 325]]
[766, [2, 4, 5, 28, 143, 220, 364]]
[769, [2, 4, 5, 40, 98, 175, 200, 245]]
[772, [2, 4, 5, 44, 77, 80, 560]]
[775, [2, 4, 7, 14, 44, 88, 616]]
[778, [2, 4, 5, 40, 98, 160, 224, 245]]
[781, [2, 4, 5, 40, 112, 130, 208, 280]]
[784, [2, 4, 5, 28, 140, 220, 385]]
[787, [2, 4, 5, 26, 100, 650]]
[790, [2, 4, 7, 22, 28, 52, 220, 455]]
[793, [2, 4, 5, 28, 130, 260, 364]]
[796, [2, 4, 5, 35, 50, 700]]
[799, [2, 4, 5, 32, 80, 260, 416]]
[802, [2, 4, 5, 35, 70, 196, 490]]
[805, [2, 4, 5, 35, 160, 175, 200, 224]]
[808, [2, 4, 8, 11, 35, 308, 440]]
[811, [2, 4, 7, 20, 28, 50, 700]]
[814, [2, 4, 5, 40, 98, 140, 245, 280]]
[817, [2, 4, 5, 52, 70, 112, 208, 364]]
[820, [2, 4, 7, 11, 110, 196, 490]]
[823, [2, 4, 5, 44, 80, 160, 176, 352]]
[826, [2, 4, 5, 35, 65, 260, 455]]
[829, [2, 4, 5, 40, 52, 286, 440]]
[832, [2, 4, 5, 64, 65, 104, 140, 448]]
[835, [2, 4, 5, 64, 70, 88, 154, 448]]
[838, [2, 4, 5, 35, 64, 280, 448]]
[841, [2, 4, 5, 35, 140, 175, 200, 280]]
[844, [2, 4, 7, 13, 70, 104, 280, 364]]
[847, [2, 4, 5, 40, 70, 110, 616]]
[850, [2, 4, 5, 35, 140, 160, 224, 280]]
[853, [2, 4, 7, 20, 28, 64, 280, 448]]
[856, [2, 4, 5, 40, 55, 200, 550]]
[859, [2, 4, 5, 44, 77, 143, 220, 364]]
[862, [2, 4, 7, 13, 56, 175, 280, 325]]
[865, [2, 4, 5, 28, 140, 196, 490]]
[868, [2, 4, 5, 35, 130, 176, 208, 308]]
[871, [2, 4, 5, 40, 88, 160, 220, 352]]
[874, [2, 4, 8, 13, 28, 91, 728]]
[877, [2, 4, 5, 40, 98, 140, 196, 392]]
[880, [2, 4, 7, 22, 35, 40, 154, 616]]
[883, [2, 4, 5, 40, 52, 260, 520]]
[886, [2, 4, 5, 28, 77, 770]]
[889, [2, 4, 5, 40, 100, 130, 208, 400]]
[892, [2, 4, 10, 11, 20, 130, 715]]
[895, [2, 4, 5, 40, 80, 176, 280, 308]]
[898, [2, 4, 7, 10, 175, 700]]
[901, [2, 4, 5, 26, 175, 325, 364]]
[904, [2, 4, 5, 40, 88, 140, 275, 350]]
[907, [2, 4, 5, 32, 80, 224, 560]]
[910, [2, 4, 7, 13, 52, 104, 728]]
[913, [2, 4, 5, 35, 130, 143, 286, 308]]
[916, [2, 4, 5, 40, 91, 130, 280, 364]]
[919, [2, 4, 5, 28, 112, 320, 448]]
[922, [2, 4, 5, 32, 175, 200, 224, 280]]
[925, [2, 5, 7, 8, 56, 77, 770]]
[928, [2, 4, 7, 11, 112, 176, 616]]
[931, [2, 4, 5, 50, 55, 182, 308, 325]]
[934, [2, 4, 5, 26, 182, 260, 455]]
[937, [2, 4, 5, 28, 130, 208, 560]]
[940, [2, 4, 5, 35, 130, 140, 260, 364]]
[943, [2, 4, 5, 40, 100, 112, 280, 400]]
[946, [2, 4, 5, 40, 50, 325, 520]]
[949, [2, 4, 5, 32, 154, 220, 224, 308]]
[952, [2, 4, 7, 13, 70, 130, 154, 572]]
[955, [2, 4, 5, 44, 55, 130, 715]]
[958, [2, 4, 5, 44, 70, 140, 308, 385]]
[961, [2, 4, 5, 55, 70, 100, 175, 550]]
[964, [2, 4, 7, 16, 25, 350, 560]]
[967, [2, 4, 5, 32, 160, 176, 280, 308]]
[970, [2, 4, 7, 14, 52, 91, 280, 520]]
[973, [2, 4, 7, 11, 91, 286, 572]]
[976, [2, 4, 5, 35, 100, 200, 280, 350]]
[979, [2, 4, 5, 40, 88, 154, 196, 490]]
[982, [2, 4, 5, 40, 49, 392, 490]]
[985, [2, 4, 5, 44, 70, 140, 280, 440]]
[988, [2, 4, 10, 13, 16, 208, 280, 455]]
[991, [2, 4, 5, 25, 220, 350, 385]]
[994, [2, 4, 5, 32, 143, 220, 224, 364]]
[997, [2, 4, 7, 13, 91, 100, 130, 650]]
[1000, [2, 4, 5, 50, 100, 160, 175, 224, 280]]
[1003, [2, 4, 5, 35, 100, 182, 325, 350]]
[1006, [2, 4, 5, 40, 70, 220, 280, 385]]
[1009, [2, 4, 7, 11, 110, 175, 700]]
[1012, [2, 4, 5, 32, 140, 220, 224, 385]]
[1015, [2, 4, 5, 56, 80, 160, 176, 224, 308]]
[1018, [2, 4, 8, 16, 20, 88, 880]]
[1021, [2, 4, 5, 32, 130, 224, 260, 364]]
[1024, [2, 4, 5, 52, 70, 91, 280, 520]]
[1027, [2, 4, 5, 28, 104, 364, 520]]
[1030, [2, 4, 5, 32, 143, 208, 220, 416]]
[1033, [2, 4, 5, 35, 77, 140, 770]]
[1036, [2, 4, 7, 11, 88, 308, 616]]
[1039, [2, 4, 5, 32, 160, 176, 220, 440]]
[1042, [2, 4, 7, 22, 28, 55, 154, 770]]
[1045, [2, 4, 5, 28, 110, 280, 616]]
[1048, [2, 4, 5, 32, 160, 182, 208, 455]]
[1051, [2, 4, 5, 55, 64, 88, 385, 448]]
[1054, [2, 4, 5, 28, 140, 175, 700]]
[1057, [2, 4, 5, 22, 320, 704]]
[1060, [2, 4, 5, 55, 70, 88, 220, 616]]
[1063, [2, 4, 5, 44, 112, 182, 208, 220, 286]]
[1066, [2, 4, 5, 35, 112, 140, 320, 448]]
[1069, [2, 4, 7, 14, 52, 88, 286, 616]]
[1072, [2, 4, 5, 25, 196, 350, 490]]
[1075, [2, 4, 5, 35, 49, 980]]
[1078, [2, 4, 10, 11, 22, 154, 175, 700]]
[1081, [2, 4, 5, 25, 200, 325, 520]]
[1084, [2, 4, 5, 35, 112, 176, 200, 550]]
[1087, [2, 4, 5, 40, 70, 196, 280, 490]]
[1090, [2, 4, 7, 11, 91, 260, 715]]
[1093, [2, 4, 5, 32, 110, 280, 308, 352]]
[1096, [2, 4, 7, 13, 55, 140, 325, 550]]
[1099, [2, 4, 5, 28, 100, 400, 560]]
[1102, [2, 4, 5, 35, 88, 220, 308, 440]]
[1105, [2, 4, 7, 16, 28, 280, 320, 448]]
[1108, [2, 4, 5, 52, 65, 70, 910]]
[1111, [2, 4, 5, 22, 308, 770]]
[1114, [2, 4, 5, 32, 77, 224, 770]]
[1117, [2, 4, 5, 40, 154, 160, 220, 224, 308]]
[1120, [2, 4, 5, 40, 65, 224, 364, 416]]
[1123, [2, 4, 5, 32, 80, 200, 800]]
[1126, [2, 4, 5, 35, 88, 112, 880]]
[1129, [2, 4, 5, 32, 112, 224, 350, 400]]
[1132, [2, 4, 10, 13, 28, 35, 130, 910]]
[1135, [2, 4, 5, 40, 70, 104, 910]]
[1138, [2, 4, 5, 32, 160, 175, 200, 560]]
[1141, [2, 4, 5, 40, 70, 175, 325, 520]]
[1144, [2, 4, 8, 13, 28, 88, 1001]]
[1147, [2, 4, 5, 32, 112, 224, 320, 448]]
[1150, [2, 4, 5, 35, 80, 128, 896]]
[1153, [2, 4, 5, 28, 100, 364, 650]]
[1156, [2, 4, 5, 35, 80, 280, 350, 400]]
[1159, [2, 4, 10, 13, 20, 70, 130, 910]]
[1162, [2, 4, 5, 25, 176, 400, 550]]
[1165, [2, 4, 5, 32, 110, 220, 352, 440]]
[1168, [2, 4, 5, 40, 64, 220, 385, 448]]
[1171, [2, 4, 5, 25, 175, 400, 560]]
[1174, [2, 5, 7, 8, 32, 1120]]
[1177, [2, 4, 5, 26, 140, 350, 650]]
[1180, [2, 4, 5, 28, 112, 245, 784]]
[1183, [2, 4, 5, 32, 140, 160, 280, 560]]
[1186, [2, 4, 5, 52, 64, 91, 448, 520]]
[1189, [2, 4, 5, 28, 100, 350, 700]]
[1192, [2, 4, 5, 28, 220, 275, 308, 350]]
[1195, [2, 4, 7, 13, 70, 91, 280, 728]]
[1198, [2, 4, 5, 40, 130, 143, 280, 286, 308]]
[1201, [2, 4, 5, 44, 88, 112, 176, 770]]
[1204, [2, 4, 5, 26, 143, 320, 704]]
[1207, [2, 4, 10, 11, 25, 55, 1100]]
[1210, [2, 4, 5, 32, 100, 275, 352, 440]]
[1213, [2, 4, 7, 13, 52, 175, 260, 700]]
[1216, [2, 4, 5, 25, 200, 280, 700]]
[1219, [2, 4, 5, 32, 56, 1120]]
[1222, [2, 5, 8, 10, 14, 455, 728]]
[1225, [2, 4, 5, 25, 175, 364, 650]]
[1228, [2, 4, 5, 32, 125, 160, 400, 500]]
[1231, [2, 4, 8, 14, 20, 455, 728]]
[1234, [2, 4, 5, 40, 100, 220, 275, 280, 308]]
[1237, [2, 4, 5, 44, 56, 196, 440, 490]]
[1240, [2, 5, 7, 8, 35, 455, 728]]
[1243, [2, 4, 5, 25, 182, 325, 700]]
[1246, [2, 4, 5, 25, 110, 1100]]
[1249, [2, 5, 8, 10, 14, 440, 770]]
[1252, [2, 4, 5, 40, 112, 176, 220, 308, 385]]
[1255, [2, 4, 5, 32, 104, 224, 364, 520]]
[1258, [2, 4, 5, 26, 143, 308, 770]]
[1261, [2, 4, 5, 25, 175, 350, 700]]
[1264, [2, 4, 5, 35, 98, 175, 245, 700]]
[1267, [2, 5, 7, 8, 35, 440, 770]]
[1270, [2, 4, 5, 40, 112, 182, 200, 325, 400]]
[1273, [2, 4, 5, 28, 176, 308, 350, 400]]
[1276, [2, 4, 5, 40, 70, 154, 385, 616]]
[1279, [2, 4, 5, 40, 98, 220, 245, 280, 385]]
[1282, [2, 4, 5, 32, 140, 175, 224, 700]]
[1285, [2, 4, 5, 35, 56, 455, 728]]
[1288, [2, 4, 5, 40, 100, 182, 280, 325, 350]]
[1291, [2, 4, 5, 28, 176, 308, 320, 448]]
[1294, [2, 4, 7, 11, 154, 220, 280, 616]]
[1297, [2, 4, 5, 40, 112, 160, 224, 350, 400]]
[1300, [2, 4, 5, 28, 182, 260, 364, 455]]
[1303, [2, 4, 7, 10, 160, 1120]]
[1306, [2, 5, 7, 11, 16, 385, 880]]
[1309, [2, 4, 5, 35, 80, 208, 455, 520]]
[1312, [2, 4, 5, 26, 125, 500, 650]]
[1315, [2, 4, 5, 35, 160, 220, 224, 280, 385]]
[1318, [2, 4, 5, 32, 91, 320, 416, 448]]
[1321, [2, 4, 7, 13, 52, 143, 385, 715]]
[1324, [2, 4, 8, 10, 50, 250, 1000]]
[1327, [2, 4, 5, 28, 196, 245, 308, 539]]
[1330, [2, 4, 5, 28, 196, 220, 385, 490]]
[1333, [2, 4, 5, 28, 104, 280, 910]]
[1336, [2, 4, 5, 35, 100, 140, 350, 700]]
[1339, [2, 4, 5, 28, 175, 280, 325, 520]]
[1342, [2, 4, 7, 14, 35, 160, 1120]]
[1345, [2, 4, 5, 35, 100, 154, 275, 770]]
[1348, [2, 4, 10, 13, 22, 65, 88, 1144]]
[1351, [2, 4, 5, 35, 55, 550, 700]]
[1354, [2, 4, 5, 32, 98, 245, 352, 616]]
[1357, [2, 4, 5, 40, 88, 130, 208, 880]]
[1360, [2, 4, 5, 40, 49, 280, 980]]
[1363, [2, 4, 5, 28, 176, 280, 308, 560]]
[1366, [2, 4, 7, 16, 28, 245, 280, 784]]
[1369, [2, 4, 7, 11, 80, 385, 880]]
[1372, [2, 4, 5, 32, 140, 160, 245, 784]]
[1375, [2, 4, 8, 13, 28, 130, 280, 910]]
[1378, [2, 4, 5, 28, 91, 520, 728]]
[1381, [2, 4, 5, 28, 182, 224, 416, 520]]
[1384, [2, 4, 7, 22, 25, 70, 154, 1100]]
[1387, [2, 4, 5, 40, 56, 160, 1120]]
[1390, [2, 4, 5, 32, 91, 280, 416, 560]]
[1393, [2, 4, 7, 16, 44, 55, 385, 880]]
[1396, [2, 4, 5, 25, 160, 400, 800]]
[1399, [2, 4, 5, 32, 128, 140, 448, 640]]
[1402, [2, 4, 7, 13, 56, 130, 280, 910]]
[1405, [2, 4, 5, 32, 88, 154, 1120]]
[1408, [2, 4, 5, 22, 275, 1100]]
[1411, [2, 5, 8, 10, 14, 392, 980]]
[1414, [2, 4, 7, 11, 110, 160, 1120]]
[1417, [2, 4, 5, 32, 100, 208, 416, 650]]
[1420, [2, 4, 8, 14, 20, 392, 980]]
[1423, [2, 4, 5, 40, 91, 182, 280, 364, 455]]
[1426, [2, 4, 5, 35, 70, 350, 400, 560]]
[1429, [2, 5, 7, 8, 35, 392, 980]]
[1432, [2, 4, 5, 35, 55, 484, 847]]
[1435, [2, 4, 5, 28, 160, 260, 416, 560]]
[1438, [2, 4, 5, 40, 64, 175, 448, 700]]
[1441, [2, 4, 5, 26, 130, 364, 910]]
[1444, [2, 4, 5, 28, 182, 208, 455, 560]]
[1447, [2, 4, 5, 28, 160, 280, 352, 616]]
[1450, [2, 4, 7, 13, 52, 98, 1274]]
[1453, [2, 4, 5, 32, 112, 176, 352, 770]]
[1456, [2, 4, 7, 13, 44, 286, 385, 715]]
[1459, [2, 4, 5, 28, 140, 160, 1120]]
[1462, [2, 4, 5, 32, 112, 182, 325, 800]]
[1465, [2, 4, 7, 13, 70, 88, 280, 1001]]
[1468, [2, 4, 5, 40, 88, 176, 320, 385, 448]]
[1471, [2, 4, 5, 26, 286, 308, 385, 455]]
[1474, [2, 4, 5, 35, 56, 392, 980]]
[1477, [2, 4, 7, 10, 286, 440, 728]]
[1480, [2, 4, 5, 28, 154, 260, 455, 572]]
[1483, [2, 4, 7, 14, 55, 70, 484, 847]]
[1486, [2, 4, 5, 25, 200, 250, 1000]]
[1489, [2, 4, 5, 28, 140, 350, 400, 560]]
[1492, [2, 4, 7, 13, 52, 140, 364, 910]]
[1495, [2, 4, 5, 28, 91, 455, 910]]
[1498, [2, 4, 5, 26, 280, 286, 440, 455]]
[1501, [2, 4, 5, 40, 55, 325, 520, 550]]
[1504, [2, 4, 5, 40, 80, 220, 320, 385, 448]]
[1507, [2, 4, 5, 28, 140, 320, 448, 560]]
[1510, [2, 4, 5, 35, 140, 176, 280, 308, 560]]
[1513, [2, 4, 5, 28, 88, 616, 770]]
[1516, [2, 4, 5, 28, 140, 308, 490, 539]]
[1519, [2, 4, 5, 28, 175, 220, 385, 700]]
[1522, [2, 4, 7, 11, 112, 154, 1232]]
[1525, [2, 4, 5, 28, 154, 308, 320, 704]]
[1528, [2, 4, 7, 14, 40, 130, 616, 715]]
[1531, [2, 4, 7, 10, 260, 520, 728]]
[1534, [2, 4, 5, 35, 80, 220, 308, 880]]
[1537, [2, 4, 5, 44, 77, 182, 208, 455, 560]]
[1540, [2, 4, 5, 40, 88, 176, 275, 400, 550]]
[1543, [2, 4, 5, 26, 260, 286, 440, 520]]
[1546, [2, 4, 5, 40, 70, 175, 250, 1000]]
[1549, [2, 4, 5, 35, 130, 208, 220, 385, 560]]
[1552, [2, 4, 5, 26, 260, 280, 455, 520]]
[1555, [2, 4, 5, 26, 143, 275, 1100]]
[1558, [2, 4, 5, 32, 160, 220, 350, 385, 400]]
[1561, [2, 4, 5, 26, 224, 364, 416, 520]]
[1564, [2, 4, 5, 32, 65, 416, 1040]]
[1567, [2, 4, 5, 28, 88, 560, 880]]
[1570, [2, 4, 5, 28, 143, 320, 364, 704]]
[1573, [2, 4, 5, 40, 88, 154, 160, 1120]]
[1576, [2, 4, 7, 11, 80, 352, 1120]]
[1579, [2, 4, 5, 32, 91, 245, 416, 784]]
[1582, [2, 4, 5, 40, 70, 130, 616, 715]]
[1585, [2, 4, 7, 16, 35, 65, 1456]]
[1588, [2, 4, 5, 28, 140, 320, 385, 704]]
[1591, [2, 4, 7, 16, 40, 70, 220, 1232]]
[1594, [2, 4, 8, 10, 70, 100, 1400]]
[1597, [2, 4, 5, 26, 220, 352, 416, 572]]
[1600, [2, 4, 5, 28, 175, 196, 490, 700]]
[1603, [2, 4, 5, 28, 112, 220, 1232]]
[1606, [2, 4, 5, 26, 260, 280, 392, 637]]
[1609, [2, 4, 8, 10, 55, 280, 550, 700]]
[1612, [2, 4, 7, 10, 245, 560, 784]]
[1615, [2, 4, 5, 40, 56, 260, 520, 728]]
[1618, [2, 4, 7, 13, 52, 160, 260, 1120]]
[1621, [2, 4, 5, 40, 70, 100, 1400]]
[1624, [2, 4, 5, 26, 208, 364, 455, 560]]
[1627, [2, 4, 5, 40, 55, 286, 520, 715]]
[1630, [2, 4, 5, 35, 112, 224, 280, 352, 616]]
[1633, [2, 4, 5, 28, 140, 286, 440, 728]]
[1636, [2, 4, 5, 40, 55, 280, 550, 700]]
[1639, [2, 4, 10, 11, 28, 44, 1540]]
[1642, [2, 4, 5, 26, 220, 350, 385, 650]]
[1645, [2, 4, 10, 13, 16, 128, 640, 832]]
[1648, [2, 4, 5, 25, 160, 352, 1100]]
[1651, [2, 4, 5, 32, 80, 352, 560, 616]]
[1654, [2, 4, 7, 14, 52, 100, 175, 1300]]
[1657, [2, 4, 8, 10, 65, 112, 1456]]
[1660, [2, 4, 5, 32, 80, 385, 448, 704]]
[1663, [2, 4, 5, 28, 154, 220, 550, 700]]
[1666, [2, 4, 5, 25, 160, 350, 1120]]
[1669, [2, 4, 5, 26, 245, 260, 490, 637]]
[1672, [2, 4, 10, 11, 28, 49, 490, 1078]]
[1675, [2, 4, 5, 25, 154, 385, 1100]]
[1678, [2, 4, 5, 28, 125, 364, 500, 650]]
[1681, [2, 4, 5, 40, 70, 130, 520, 910]]
[1684, [2, 4, 5, 40, 65, 112, 1456]]
[1687, [2, 4, 5, 28, 128, 320, 560, 640]]
[1690, [2, 4, 5, 40, 88, 121, 220, 1210]]
[1693, [2, 4, 7, 16, 26, 182, 1456]]
[1696, [2, 4, 5, 40, 56, 245, 560, 784]]
[1699, [2, 4, 7, 16, 26, 364, 448, 832]]
[1702, [2, 4, 5, 25, 196, 245, 1225]]
[1705, [2, 4, 5, 35, 70, 245, 560, 784]]
[1708, [2, 4, 5, 52, 70, 100, 175, 1300]]
[1711, [2, 4, 5, 35, 100, 220, 385, 400, 560]]
[1714, [2, 4, 5, 25, 320, 350, 448, 560]]
[1717, [2, 4, 7, 10, 154, 1540]]
[1720, [2, 4, 5, 32, 160, 208, 280, 392, 637]]
[1723, [2, 4, 5, 22, 260, 1430]]
[1726, [2, 4, 7, 22, 40, 55, 56, 1540]]
[1729, [2, 4, 8, 10, 77, 88, 1540]]
[1732, [2, 4, 5, 26, 200, 325, 520, 650]]
[1735, [2, 4, 5, 52, 55, 121, 286, 1210]]
[1738, [2, 4, 7, 10, 245, 490, 980]]
[1741, [2, 4, 5, 26, 208, 320, 448, 728]]
[1744, [2, 4, 5, 28, 154, 220, 484, 847]]
[1747, [2, 4, 7, 10, 224, 700, 800]]
[1750, [2, 4, 5, 25, 308, 350, 440, 616]]
[1753, [2, 4, 7, 16, 28, 160, 640, 896]]
[1756, [2, 4, 5, 40, 77, 88, 1540]]
[1759, [2, 4, 5, 28, 160, 200, 560, 800]]
[1762, [2, 4, 7, 13, 49, 140, 637, 910]]
[1765, [2, 4, 7, 11, 91, 220, 1430]]
[1768, [2, 4, 5, 26, 182, 392, 520, 637]]
[1771, [2, 4, 7, 20, 22, 121, 385, 1210]]
[1774, [2, 4, 8, 10, 56, 154, 1540]]
[1777, [2, 4, 5, 26, 224, 320, 364, 832]]
[1780, [2, 4, 5, 28, 130, 280, 616, 715]]
[1783, [2, 4, 7, 10, 224, 640, 896]]
[1786, [2, 4, 5, 26, 208, 325, 416, 800]]
[1789, [2, 5, 8, 10, 14, 350, 1400]]
[1792, [2, 4, 5, 26, 130, 325, 1300]]
[1795, [2, 4, 5, 25, 320, 350, 385, 704]]
[1798, [2, 4, 8, 14, 20, 350, 1400]]
[1801, [2, 4, 5, 40, 56, 154, 1540]]
[1804, [2, 4, 5, 26, 220, 260, 572, 715]]
[1807, [2, 5, 7, 8, 35, 350, 1400]]
[1810, [2, 4, 5, 35, 70, 154, 1540]]
[1813, [2, 4, 5, 26, 176, 400, 550, 650]]
[1816, [2, 4, 7, 13, 50, 130, 700, 910]]
[1819, [2, 4, 5, 28, 100, 280, 1400]]
[1822, [2, 4, 5, 26, 175, 400, 560, 650]]
[1825, [2, 4, 7, 20, 28, 70, 154, 1540]]
[1828, [2, 4, 7, 11, 110, 154, 1540]]
[1831, [2, 4, 5, 26, 182, 364, 520, 728]]
[1834, [2, 4, 7, 11, 130, 208, 352, 1120]]
[1837, [2, 4, 5, 28, 280, 320, 350, 400, 448]]
[1840, [2, 4, 5, 25, 286, 350, 440, 728]]
[1843, [2, 4, 5, 40, 64, 160, 448, 1120]]
[1846, [2, 4, 5, 32, 160, 175, 320, 448, 700]]
[1849, [2, 4, 5, 25, 280, 350, 455, 728]]
[1852, [2, 4, 5, 35, 56, 350, 1400]]
[1855, [2, 4, 5, 32, 160, 196, 280, 392, 784]]
[1858, [2, 4, 5, 32, 55, 1760]]
[1861, [2, 4, 5, 25, 280, 325, 520, 700]]
[1864, [2, 4, 5, 28, 280, 286, 364, 440, 455]]
[1867, [2, 4, 5, 26, 200, 280, 650, 700]]
[1870, [2, 4, 5, 26, 143, 260, 1430]]
[1873, [2, 4, 5, 28, 140, 154, 1540]]
[1876, [2, 4, 5, 25, 280, 350, 440, 770]]
[1879, [2, 4, 5, 28, 130, 280, 520, 910]]
[1882, [2, 4, 5, 35, 100, 196, 350, 490, 700]]
[1885, [2, 4, 5, 25, 275, 320, 550, 704]]
[1888, [2, 4, 5, 52, 70, 91, 208, 1456]]
[1891, [2, 4, 5, 25, 140, 490, 1225]]
[1894, [2, 4, 5, 25, 260, 350, 520, 728]]
[1897, [2, 4, 5, 26, 110, 650, 1100]]
[1900, [2, 5, 8, 11, 14, 110, 350, 1400]]
[1903, [2, 4, 5, 25, 275, 352, 440, 800]]
[1906, [2, 4, 5, 40, 55, 250, 550, 1000]]
[1909, [2, 4, 5, 28, 110, 220, 1540]]
[1912, [2, 4, 5, 25, 260, 400, 416, 800]]
[1915, [2, 4, 7, 13, 65, 130, 154, 1540]]
[1918, [2, 4, 5, 28, 260, 280, 364, 455, 520]]
[1921, [2, 4, 5, 28, 112, 440, 560, 770]]
[1924, [2, 4, 5, 28, 160, 220, 385, 1120]]
[1927, [2, 4, 7, 10, 224, 560, 1120]]
[1930, [2, 4, 5, 26, 220, 308, 364, 1001]]
[1933, [2, 4, 10, 11, 28, 52, 286, 1540]]
[1936, [2, 4, 5, 35, 130, 143, 286, 484, 847]]
[1939, [2, 4, 5, 25, 275, 308, 550, 770]]
[1942, [2, 4, 5, 32, 104, 364, 416, 455, 560]]
[1945, [2, 4, 5, 28, 91, 385, 1430]]
[1948, [2, 4, 5, 26, 91, 1820]]
[1951, [2, 4, 5, 28, 112, 448, 520, 832]]
[1954, [2, 4, 5, 28, 100, 275, 1540]]
[1957, [2, 4, 5, 26, 208, 260, 572, 880]]
[1960, [2, 4, 7, 11, 121, 220, 385, 1210]]
[1963, [2, 4, 5, 28, 220, 352, 364, 416, 572]]
[1966, [2, 4, 5, 35, 64, 320, 640, 896]]
[1969, [2, 4, 7, 11, 112, 208, 715, 910]]
[1972, [2, 4, 5, 28, 208, 350, 400, 455, 520]]
[1975, [2, 4, 5, 25, 245, 350, 560, 784]]
[1978, [2, 4, 7, 11, 88, 550, 616, 700]]
[1981, [2, 4, 5, 25, 130, 715, 1100]]
[1984, [2, 4, 5, 32, 143, 160, 208, 1430]]
[1987, [2, 4, 7, 13, 40, 385, 704, 832]]
[1990, [2, 4, 5, 28, 208, 320, 448, 455, 520]]
[1993, [2, 4, 5, 32, 77, 352, 520, 1001]]
[1996, [2, 4, 7, 11, 100, 352, 400, 1120]]
[1999, [2, 4, 7, 10, 208, 728, 1040]]
[2002, [2, 4, 5, 26, 200, 325, 400, 1040]]
[2005, [2, 4, 5, 28, 160, 196, 490, 1120]]
[2008, [2, 4, 5, 28, 220, 280, 440, 490, 539]]
[2011, [2, 4, 5, 25, 250, 350, 500, 875]]
[2014, [2, 4, 7, 13, 56, 112, 364, 1456]]
[2017, [2, 4, 5, 35, 112, 154, 385, 440, 880]]
[2020, [2, 4, 5, 25, 224, 400, 560, 800]]
[2023, [2, 4, 7, 13, 52, 130, 385, 1430]]
[2026, [2, 4, 5, 25, 175, 275, 1540]]
[2029, [2, 4, 5, 26, 260, 280, 308, 1144]]
[2032, [2, 4, 5, 28, 112, 385, 616, 880]]
[2035, [2, 4, 7, 10, 220, 560, 1232]]
[2038, [2, 4, 5, 25, 280, 350, 392, 980]]
[2041, [2, 4, 7, 11, 121, 196, 490, 1210]]
[2044, [2, 4, 5, 28, 200, 325, 400, 520, 560]]
[2047, [2, 4, 5, 26, 160, 400, 650, 800]]
[2050, [2, 4, 5, 32, 140, 182, 325, 560, 800]]
[2053, [2, 4, 5, 22, 550, 700, 770]]
[2056, [2, 4, 5, 35, 100, 110, 700, 1100]]
[2059, [2, 4, 5, 32, 80, 176, 1760]]
[2062, [2, 4, 5, 28, 208, 280, 455, 520, 560]]
[2065, [2, 4, 5, 26, 160, 416, 572, 880]]
[2068, [2, 4, 5, 40, 49, 616, 637, 715]]
[2071, [2, 4, 5, 28, 220, 308, 352, 448, 704]]
[2074, [2, 4, 5, 25, 224, 364, 650, 800]]
[2077, [2, 4, 7, 14, 55, 70, 385, 1540]]
[2080, [2, 4, 5, 25, 154, 350, 1540]]
[2083, [2, 4, 5, 26, 160, 416, 560, 910]]
[2086, [2, 4, 5, 25, 220, 400, 550, 880]]
[2089, [2, 4, 5, 22, 520, 704, 832]]
[2092, [2, 4, 5, 28, 128, 245, 784, 896]]
[2095, [2, 4, 5, 40, 70, 154, 280, 1540]]
[2098, [2, 4, 5, 35, 52, 700, 1300]]
[2101, [2, 4, 5, 25, 245, 350, 490, 980]]
[2104, [2, 4, 7, 11, 91, 364, 715, 910]]
[2107, [2, 4, 5, 28, 88, 440, 1540]]
[2110, [2, 4, 5, 25, 208, 416, 650, 800]]
[2113, [2, 4, 5, 35, 65, 182, 1820]]
[2116, [2, 4, 5, 25, 130, 650, 1300]]
[2119, [2, 4, 5, 25, 200, 455, 700, 728]]
[2122, [2, 4, 5, 40, 52, 325, 550, 1144]]
[2125, [2, 4, 5, 26, 112, 520, 1456]]
[2128, [2, 4, 5, 26, 154, 455, 572, 910]]
[2131, [2, 4, 5, 25, 250, 325, 520, 1000]]
[2134, [2, 4, 5, 22, 484, 770, 847]]
[2137, [2, 4, 5, 26, 175, 325, 560, 1040]]
[2140, [2, 4, 7, 13, 52, 112, 910, 1040]]
[2143, [2, 4, 5, 40, 44, 640, 1408]]
[2146, [2, 4, 5, 25, 200, 440, 700, 770]]
[2149, [2, 4, 5, 26, 110, 572, 1430]]
[2152, [2, 4, 7, 11, 70, 980, 1078]]
[2155, [2, 4, 5, 28, 104, 560, 572, 880]]
[2158, [2, 4, 5, 28, 130, 325, 364, 1300]]
[2161, [2, 4, 5, 32, 70, 256, 1792]]
[2164, [2, 4, 5, 25, 260, 352, 416, 1100]]
[2167, [2, 4, 5, 40, 49, 520, 637, 910]]
[2170, [2, 4, 5, 22, 520, 616, 1001]]
[2173, [2, 4, 5, 26, 160, 416, 520, 1040]]
[2176, [2, 4, 7, 20, 25, 70, 448, 1600]]
[2179, [2, 4, 5, 28, 112, 208, 1820]]
[2182, [2, 4, 5, 25, 260, 350, 416, 1120]]
[2185, [2, 4, 8, 11, 35, 200, 1925]]
[2188, [2, 4, 7, 10, 275, 350, 1540]]
[2191, [2, 4, 5, 26, 182, 308, 520, 1144]]
[2194, [2, 4, 5, 28, 160, 175, 700, 1120]]
[2197, [2, 4, 5, 28, 220, 286, 308, 616, 728]]
[2200, [2, 4, 5, 26, 143, 550, 700, 770]]
[2203, [2, 4, 5, 28, 175, 208, 325, 1456]]
[2206, [2, 4, 7, 11, 70, 880, 1232]]
[2209, [2, 4, 5, 28, 110, 400, 560, 1100]]
[2212, [2, 4, 5, 32, 140, 200, 245, 784, 800]]
[2215, [2, 4, 7, 13, 44, 143, 2002]]
[2218, [2, 4, 5, 32, 104, 160, 455, 1456]]
[2221, [2, 4, 7, 16, 32, 112, 256, 1792]]
[2224, [2, 4, 5, 25, 140, 448, 1600]]
[2227, [2, 4, 5, 35, 80, 176, 385, 1540]]
[2230, [2, 4, 7, 11, 121, 175, 700, 1210]]
[2233, [2, 4, 7, 16, 26, 176, 2002]]
[2236, [2, 4, 5, 26, 140, 616, 715, 728]]
[2239, [2, 4, 5, 28, 112, 352, 616, 1120]]
[2242, [2, 4, 5, 28, 175, 320, 448, 560, 700]]
[2245, [2, 4, 5, 40, 104, 130, 140, 1820]]
[2248, [2, 4, 5, 40, 52, 286, 715, 1144]]
[2251, [2, 4, 5, 40, 44, 616, 1540]]
[2254, [2, 4, 5, 25, 260, 286, 572, 1100]]
[2257, [2, 4, 5, 26, 140, 260, 1820]]
[2260, [2, 4, 5, 28, 182, 325, 364, 650, 700]]
[2263, [2, 4, 5, 26, 200, 286, 440, 1300]]
[2266, [2, 4, 5, 25, 250, 280, 700, 1000]]
[2269, [2, 4, 5, 22, 520, 572, 1144]]
[2272, [2, 4, 5, 25, 224, 352, 560, 1100]]
[2275, [2, 4, 5, 40, 64, 160, 400, 1600]]
[2278, [2, 4, 8, 10, 49, 245, 1960]]
[2281, [2, 4, 5, 26, 143, 484, 770, 847]]
[2284, [2, 4, 5, 40, 49, 490, 616, 1078]]
[2287, [2, 4, 5, 28, 182, 280, 455, 616, 715]]
[2290, [2, 4, 5, 25, 224, 350, 560, 1120]]
[2293, [2, 4, 10, 11, 22, 88, 616, 1540]]
[2296, [2, 4, 5, 28, 160, 385, 448, 560, 704]]
[2299, [2, 4, 5, 26, 154, 416, 572, 1120]]
[2302, [2, 4, 7, 10, 490, 539, 550, 700]]
[2305, [2, 4, 5, 22, 448, 704, 1120]]
[2308, [2, 4, 5, 25, 200, 392, 700, 980]]
[2311, [2, 4, 5, 28, 160, 220, 352, 1540]]
[2314, [2, 4, 5, 28, 91, 364, 1820]]
[2317, [2, 4, 5, 26, 143, 520, 616, 1001]]
[2320, [2, 4, 5, 32, 91, 416, 440, 560, 770]]
[2323, [2, 4, 7, 10, 200, 700, 1400]]
[2326, [2, 4, 5, 25, 200, 400, 650, 1040]]
[2329, [2, 4, 5, 40, 70, 160, 256, 1792]]
[2332, [2, 4, 5, 22, 440, 715, 1144]]
[2335, [2, 4, 5, 26, 140, 520, 728, 910]]
[2338, [2, 4, 5, 26, 104, 845, 1352]]
[2341, [2, 4, 5, 28, 182, 280, 448, 560, 832]]
[2344, [2, 4, 5, 28, 125, 280, 500, 1400]]
[2347, [2, 4, 8, 10, 55, 220, 640, 1408]]
[2350, [2, 4, 10, 14, 16, 64, 2240]]
[2353, [2, 4, 5, 25, 245, 308, 539, 1225]]
[2356, [2, 4, 5, 25, 220, 385, 490, 1225]]
[2359, [2, 4, 5, 28, 220, 245, 385, 490, 980]]
[2362, [2, 4, 5, 25, 208, 350, 728, 1040]]
[2365, [2, 4, 7, 16, 28, 208, 280, 1820]]
[2368, [2, 4, 7, 16, 35, 64, 2240]]
[2371, [2, 4, 5, 28, 154, 176, 770, 1232]]
[2374, [2, 4, 5, 40, 55, 220, 640, 1408]]
[2377, [2, 4, 5, 28, 98, 280, 1960]]
[2380, [2, 4, 5, 25, 220, 320, 704, 1100]]
[2383, [2, 4, 5, 40, 52, 280, 700, 1300]]
[2386, [2, 4, 11, 13, 16, 52, 2288]]
[2389, [2, 4, 5, 26, 160, 320, 832, 1040]]
[2392, [2, 4, 7, 13, 52, 130, 364, 1820]]
[2395, [2, 4, 5, 26, 286, 364, 520, 572, 616]]
[2398, [2, 4, 5, 25, 220, 350, 560, 1232]]
[2401, [2, 4, 7, 13, 40, 385, 520, 1430]]
[2404, [2, 4, 5, 25, 128, 640, 1600]]
[2407, [2, 4, 5, 28, 104, 416, 728, 1120]]
[2410, [2, 4, 7, 10, 440, 484, 616, 847]]
[2413, [2, 4, 5, 22, 400, 880, 1100]]
[2416, [2, 4, 5, 26, 143, 520, 572, 1144]]
[2419, [2, 4, 5, 28, 154, 196, 490, 1540]]
[2422, [2, 4, 5, 28, 175, 260, 520, 700, 728]]
[2425, [2, 4, 5, 26, 182, 350, 400, 1456]]
[2428, [2, 4, 7, 10, 385, 550, 700, 770]]
[2431, [2, 4, 5, 26, 286, 364, 490, 539, 715]]
[2434, [2, 4, 5, 22, 245, 2156]]
[2437, [2, 4, 5, 40, 52, 286, 640, 1408]]
[2440, [2, 4, 8, 10, 64, 112, 2240]]
[2443, [2, 4, 5, 25, 260, 275, 572, 1300]]
[2446, [2, 4, 7, 10, 364, 616, 715, 728]]
[2449, [2, 4, 5, 28, 160, 350, 400, 700, 800]]
[2452, [2, 4, 5, 25, 176, 550, 650, 1040]]
[2455, [2, 4, 7, 11, 91, 325, 715, 1300]]
[2458, [2, 4, 5, 22, 500, 550, 1375]]
[2461, [2, 4, 5, 25, 175, 560, 650, 1040]]
[2464, [2, 4, 5, 25, 208, 400, 520, 1300]]
[2467, [2, 4, 5, 25, 121, 1100, 1210]]
[2470, [2, 4, 5, 44, 55, 160, 440, 1760]]
[2473, [2, 4, 7, 13, 55, 130, 260, 2002]]
[2476, [2, 4, 5, 22, 385, 980, 1078]]
[2479, [2, 4, 5, 26, 143, 440, 715, 1144]]
[2482, [2, 4, 5, 40, 55, 220, 616, 1540]]
[2485, [2, 4, 5, 26, 160, 208, 2080]]
[2488, [2, 4, 5, 25, 176, 560, 616, 1100]]
[2491, [2, 4, 5, 28, 112, 364, 520, 1456]]
[2494, [2, 4, 8, 10, 50, 220, 2200]]
[2497, [2, 4, 5, 26, 140, 448, 832, 1040]]
[2500, [2, 4, 7, 16, 35, 70, 910, 1456]]
[2503, [2, 4, 5, 28, 160, 320, 448, 640, 896]]
[2506, [2, 4, 5, 25, 200, 350, 800, 1120]]
[2509, [2, 4, 5, 40, 49, 400, 784, 1225]]
[2512, [2, 4, 5, 35, 91, 100, 2275]]
[2515, [2, 4, 5, 26, 182, 280, 560, 1456]]
[2518, [2, 4, 7, 14, 55, 70, 364, 2002]]
[2521, [2, 4, 5, 22, 440, 640, 1408]]
[2524, [2, 4, 5, 26, 160, 416, 455, 1456]]
[2527, [2, 4, 5, 28, 160, 256, 280, 1792]]
[2530, [2, 4, 5, 22, 385, 880, 1232]]
[2533, [2, 4, 5, 35, 112, 125, 250, 2000]]
[2536, [2, 4, 7, 11, 112, 256, 352, 1792]]
[2539, [2, 4, 5, 28, 80, 880, 1540]]
[2542, [2, 4, 5, 26, 140, 490, 650, 1225]]
[2545, [2, 4, 5, 40, 52, 286, 616, 1540]]
[2548, [2, 4, 5, 28, 154, 320, 484, 704, 847]]
[2551, [2, 4, 5, 25, 200, 440, 500, 1375]]
[2554, [2, 4, 5, 28, 100, 490, 700, 1225]]
[2557, [2, 4, 7, 13, 35, 1040, 1456]]
[2560, [2, 4, 5, 26, 143, 400, 880, 1100]]
[2563, [2, 4, 7, 11, 130, 154, 715, 1540]]
[2566, [2, 4, 5, 26, 280, 364, 455, 520, 910]]
[2569, [2, 4, 5, 28, 110, 308, 880, 1232]]
[2572, [2, 4, 8, 10, 70, 112, 910, 1456]]
[2575, [2, 4, 5, 25, 400, 490, 539, 550, 560]]
[2578, [2, 4, 5, 26, 140, 490, 637, 1274]]
[2581, [2, 4, 5, 26, 143, 245, 2156]]
[2584, [2, 4, 10, 13, 14, 1001, 1540]]
[2587, [2, 4, 5, 32, 70, 416, 784, 1274]]
[2590, [2, 5, 7, 10, 25, 91, 175, 2275]]
[2593, [2, 4, 5, 28, 154, 286, 616, 728, 770]]
[2596, [2, 4, 5, 25, 200, 400, 560, 1400]]
[2599, [2, 5, 8, 10, 14, 320, 2240]]
[2602, [2, 4, 5, 22, 490, 539, 1540]]
[2605, [2, 4, 5, 26, 143, 500, 550, 1375]]
[2608, [2, 4, 8, 14, 20, 320, 2240]]
[2611, [2, 4, 5, 25, 125, 700, 1750]]
[2614, [2, 4, 5, 25, 200, 350, 728, 1300]]
[2617, [2, 5, 7, 8, 35, 320, 2240]]
[2620, [2, 4, 7, 10, 196, 686, 1715]]
[2623, [2, 4, 5, 25, 182, 455, 650, 1300]]
[2626, [2, 4, 5, 25, 175, 490, 700, 1225]]
[2629, [2, 4, 5, 22, 440, 616, 1540]]
[2632, [2, 4, 5, 25, 176, 440, 880, 1100]]
[2635, [2, 4, 7, 11, 121, 160, 1120, 1210]]
[2638, [2, 4, 5, 28, 140, 392, 520, 637, 910]]
[2641, [2, 4, 5, 32, 88, 200, 550, 1760]]
[2644, [2, 4, 5, 28, 130, 220, 715, 1540]]
[2647, [2, 4, 5, 28, 130, 520, 572, 616, 770]]
[2650, [2, 4, 5, 25, 200, 364, 650, 1400]]
[2653, [2, 4, 5, 40, 52, 250, 1000, 1300]]
[2656, [2, 4, 5, 25, 200, 220, 2200]]
[2659, [2, 4, 5, 26, 130, 572, 880, 1040]]
[2662, [2, 4, 5, 35, 56, 320, 2240]]
[2665, [2, 4, 5, 25, 350, 490, 539, 550, 700]]
[2668, [2, 4, 5, 25, 224, 350, 490, 1568]]
[2671, [2, 4, 7, 10, 352, 560, 616, 1120]]
[2674, [2, 4, 5, 28, 100, 260, 2275]]
[2677, [2, 4, 5, 26, 128, 640, 832, 1040]]
[2680, [2, 4, 7, 10, 385, 448, 704, 1120]]
[2683, [2, 4, 5, 26, 245, 364, 490, 637, 910]]
[2686, [2, 4, 5, 25, 160, 650, 800, 1040]]
[2689, [2, 4, 5, 26, 104, 728, 1820]]
[2692, [2, 4, 5, 25, 350, 440, 550, 616, 700]]
[2695, [2, 4, 5, 22, 242, 2420]]
[2698, [2, 4, 7, 10, 400, 490, 560, 1225]]
[2701, [2, 4, 7, 10, 182, 1040, 1456]]
[2704, [2, 4, 5, 25, 182, 385, 1001, 1100]]
[2707, [2, 4, 7, 10, 364, 448, 832, 1040]]
[2710, [2, 5, 8, 11, 14, 110, 320, 2240]]
[2713, [2, 4, 5, 26, 140, 520, 560, 1456]]
[2716, [2, 4, 5, 40, 70, 175, 220, 2200]]
[2719, [2, 4, 7, 11, 70, 700, 1925]]
[2722, [2, 4, 5, 25, 176, 550, 560, 1400]]
[2725, [2, 4, 5, 25, 208, 325, 700, 1456]]
[2728, [2, 4, 5, 22, 385, 770, 1540]]
[2731, [2, 4, 5, 26, 154, 350, 650, 1540]]
[2734, [2, 4, 5, 26, 308, 320, 364, 704, 1001]]
[2737, [2, 4, 5, 22, 352, 1120, 1232]]
[2740, [2, 4, 5, 25, 104, 2600]]
[2743, [2, 4, 5, 28, 130, 208, 910, 1456]]
[2746, [2, 4, 5, 25, 175, 260, 2275]]
[2749, [2, 4, 5, 26, 143, 490, 539, 1540]]
[2752, [2, 4, 5, 40, 55, 280, 364, 2002]]
[2755, [2, 4, 5, 28, 91, 350, 2275]]
[2758, [2, 4, 5, 25, 200, 325, 845, 1352]]
[2761, [2, 4, 8, 11, 32, 416, 2288]]
[2764, [2, 4, 7, 10, 200, 616, 1925]]
[2767, [2, 4, 5, 26, 160, 320, 650, 1600]]
[2770, [2, 4, 5, 25, 196, 448, 490, 1600]]
[2773, [2, 4, 10, 13, 14, 910, 1820]]
[2776, [2, 4, 5, 26, 143, 440, 616, 1540]]
[2779, [2, 4, 5, 28, 154, 220, 364, 2002]]
[2782, [2, 4, 7, 10, 224, 455, 2080]]
[2785, [2, 4, 5, 26, 130, 560, 784, 1274]]
[2788, [2, 4, 7, 10, 325, 520, 800, 1120]]
[2791, [2, 4, 7, 13, 35, 910, 1820]]
[2794, [2, 4, 5, 25, 175, 455, 728, 1400]]
[2797, [2, 4, 5, 28, 112, 280, 910, 1456]]
[2800, [2, 4, 7, 11, 88, 224, 2464]]
[2803, [2, 4, 5, 26, 196, 260, 490, 1820]]
[2806, [2, 4, 7, 10, 308, 616, 715, 1144]]
[2809, [2, 4, 7, 10, 245, 385, 2156]]
[2812, [2, 4, 5, 26, 175, 325, 455, 1820]]
[2815, [2, 4, 7, 10, 320, 520, 832, 1120]]
[2818, [2, 4, 8, 10, 44, 550, 2200]]
[2821, [2, 4, 5, 25, 175, 440, 770, 1400]]
[2824, [2, 4, 5, 40, 55, 286, 352, 2080]]
[2827, [2, 4, 5, 25, 350, 385, 520, 704, 832]]
[2830, [2, 4, 5, 25, 260, 350, 364, 1820]]
[2833, [2, 4, 7, 10, 364, 416, 910, 1120]]
[2836, [2, 4, 5, 26, 260, 325, 520, 550, 1144]]
[2839, [2, 4, 5, 26, 154, 308, 910, 1430]]
[2842, [2, 4, 5, 26, 143, 242, 2420]]
[2845, [2, 4, 5, 40, 44, 550, 2200]]
[2848, [2, 4, 5, 35, 88, 154, 320, 2240]]
[2851, [2, 4, 5, 28, 112, 280, 880, 1540]]
[2854, [2, 5, 7, 8, 49, 88, 2695]]
[2857, [2, 4, 5, 28, 140, 182, 1040, 1456]]
[2860, [2, 4, 10, 14, 16, 70, 784, 1960]]
[2863, [2, 4, 5, 28, 80, 784, 1960]]
[2866, [2, 4, 5, 28, 110, 286, 1001, 1430]]
[2869, [2, 4, 7, 16, 40, 56, 784, 1960]]
[2872, [2, 4, 5, 25, 350, 385, 484, 770, 847]]
[2875, [2, 4, 5, 25, 224, 275, 800, 1540]]
[2878, [2, 4, 7, 10, 280, 700, 875, 1000]]
[2881, [2, 4, 5, 25, 325, 400, 560, 650, 910]]
[2884, [2, 4, 5, 26, 130, 520, 845, 1352]]
[2887, [2, 4, 5, 28, 100, 448, 700, 1600]]
[2890, [2, 4, 5, 25, 320, 400, 550, 704, 880]]
[2893, [2, 4, 5, 40, 49, 392, 686, 1715]]
[2896, [2, 4, 7, 10, 286, 715, 728, 1144]]
[2899, [2, 4, 5, 49, 56, 88, 2695]]
[2902, [2, 4, 5, 26, 140, 385, 910, 1430]]
[2905, [2, 4, 5, 28, 100, 400, 910, 1456]]
[2908, [2, 4, 7, 10, 260, 350, 2275]]
[2911, [2, 4, 5, 26, 130, 490, 980, 1274]]
[2914, [2, 4, 5, 28, 175, 220, 280, 2200]]
[2917, [2, 4, 5, 35, 55, 352, 2464]]
[2920, [2, 4, 5, 28, 140, 200, 616, 1925]]
[2923, [2, 4, 7, 10, 280, 700, 800, 1120]]
[2926, [2, 4, 5, 25, 364, 400, 416, 800, 910]]
[2929, [2, 4, 5, 25, 176, 385, 1100, 1232]]
[2932, [2, 4, 7, 10, 280, 715, 770, 1144]]
[2935, [2, 4, 7, 10, 182, 910, 1820]]
[2938, [2, 4, 5, 28, 104, 455, 520, 1820]]
[2941, [2, 4, 7, 16, 28, 140, 784, 1960]]
[2944, [2, 4, 5, 25, 308, 400, 550, 770, 880]]
[2947, [2, 4, 5, 26, 154, 364, 572, 1820]]
[2950, [2, 4, 8, 10, 70, 112, 784, 1960]]
[2953, [2, 4, 5, 22, 385, 715, 1820]]
[2956, [2, 4, 5, 25, 160, 560, 800, 1400]]
[2959, [2, 4, 5, 25, 175, 448, 700, 1600]]
[2962, [2, 4, 5, 25, 275, 484, 550, 770, 847]]
[2965, [2, 4, 5, 26, 176, 350, 400, 2002]]
[2968, [2, 4, 5, 52, 70, 91, 196, 2548]]
[2971, [2, 4, 7, 10, 176, 1232, 1540]]
[2974, [2, 4, 5, 25, 208, 350, 560, 1820]]
[2977, [2, 4, 5, 25, 175, 400, 910, 1456]]
[2980, [2, 4, 5, 26, 182, 520, 616, 715, 910]]
[2983, [2, 4, 5, 25, 175, 392, 980, 1400]]
[2986, [2, 4, 5, 26, 176, 560, 715, 728, 770]]
[2989, [2, 4, 5, 26, 208, 400, 550, 650, 1144]]
[2992, [2, 4, 5, 26, 175, 260, 700, 1820]]
[2995, [2, 4, 7, 10, 308, 616, 640, 1408]]
[2998, [2, 4, 5, 25, 275, 520, 550, 616, 1001]]
[3001, [2, 4, 5, 26, 169, 260, 845, 1690]]
[3004, [2, 4, 7, 10, 385, 440, 616, 1540]]
[3007, [2, 4, 5, 25, 350, 385, 520, 572, 1144]]
[3010, [2, 4, 5, 35, 56, 572, 880, 1456]]
[3013, [2, 4, 5, 28, 154, 160, 1120, 1540]]
[3016, [2, 4, 5, 26, 280, 364, 385, 520, 1430]]
[3019, [2, 4, 5, 26, 182, 224, 1120, 1456]]
[3022, [2, 4, 8, 13, 25, 175, 520, 2275]]
[3025, [2, 4, 5, 22, 352, 880, 1760]]
[3028, [2, 4, 5, 28, 98, 490, 686, 1715]]
[3031, [2, 4, 5, 25, 160, 490, 1120, 1225]]
[3034, [2, 4, 5, 25, 350, 352, 560, 616, 1120]]
[3037, [2, 4, 5, 26, 128, 520, 896, 1456]]
[3040, [2, 4, 5, 28, 91, 700, 910, 1300]]
[3043, [2, 4, 5, 22, 385, 700, 1925]]
[3046, [2, 4, 5, 25, 220, 260, 1100, 1430]]
[3049, [2, 4, 7, 10, 352, 490, 616, 1568]]
[3052, [2, 4, 5, 25, 280, 400, 640, 800, 896]]
[3055, [2, 4, 5, 26, 128, 640, 650, 1600]]
[3058, [2, 4, 10, 13, 22, 70, 77, 2860]]
[3061, [2, 4, 5, 25, 275, 400, 700, 770, 880]]
[3064, [2, 4, 5, 25, 182, 350, 1040, 1456]]
[3067, [2, 4, 7, 10, 352, 448, 704, 1540]]
[3070, [2, 4, 7, 10, 242, 385, 2420]]
[3073, [2, 4, 5, 28, 112, 260, 1232, 1430]]
[3076, [2, 4, 5, 40, 55, 220, 550, 2200]]
[3079, [2, 4, 7, 10, 176, 1120, 1760]]
[3082, [2, 4, 5, 25, 154, 560, 1100, 1232]]
[3085, [2, 4, 7, 10, 286, 640, 728, 1408]]
[3088, [2, 4, 5, 22, 325, 1300, 1430]]
[3091, [2, 4, 5, 25, 220, 275, 800, 1760]]
[3094, [2, 4, 7, 11, 88, 364, 616, 2002]]
[3097, [2, 4, 5, 44, 52, 130, 2860]]
[3100, [2, 4, 5, 26, 143, 385, 715, 1820]]
[3103, [2, 4, 5, 26, 182, 440, 715, 728, 1001]]
[3106, [2, 4, 5, 25, 280, 400, 650, 700, 1040]]
[3109, [2, 4, 5, 25, 182, 350, 1001, 1540]]
[3112, [2, 4, 7, 10, 352, 385, 1120, 1232]]
[3115, [2, 4, 10, 13, 14, 832, 2240]]
[3118, [2, 4, 5, 26, 121, 650, 1100, 1210]]
[3121, [2, 4, 5, 35, 50, 1100, 1925]]
[3124, [2, 4, 5, 25, 308, 350, 637, 715, 1078]]
[3127, [2, 4, 5, 25, 200, 350, 616, 1925]]
[3130, [2, 4, 5, 28, 121, 220, 1210, 1540]]
[3133, [2, 4, 7, 13, 35, 832, 2240]]
[3136, [2, 4, 5, 25, 175, 455, 650, 1820]]
[3139, [2, 4, 5, 40, 52, 286, 550, 2200]]
[3142, [2, 4, 5, 25, 308, 400, 550, 616, 1232]]
[3145, [2, 4, 5, 25, 224, 350, 455, 2080]]
[3148, [2, 4, 5, 25, 160, 520, 832, 1600]]
[3151, [2, 4, 5, 28, 112, 200, 2800]]
[3154, [2, 4, 5, 28, 98, 392, 1225, 1400]]
[3157, [2, 4, 5, 40, 64, 130, 832, 2080]]
[3160, [2, 4, 5, 25, 260, 520, 550, 650, 1144]]
[3163, [2, 4, 5, 26, 130, 455, 1001, 1540]]
[3166, [2, 4, 7, 16, 40, 55, 1040, 2002]]
[3169, [2, 4, 5, 22, 364, 770, 2002]]
[3172, [2, 4, 5, 25, 176, 400, 800, 1760]]
[3175, [2, 4, 5, 28, 112, 280, 784, 1960]]
[3178, [2, 4, 5, 25, 320, 350, 520, 832, 1120]]
[3181, [2, 4, 5, 26, 128, 520, 832, 1664]]
[3184, [2, 4, 5, 28, 154, 175, 616, 2200]]
[3187, [2, 4, 5, 25, 275, 385, 616, 875, 1000]]
[3190, [2, 4, 5, 25, 143, 910, 1001, 1100]]
[3193, [2, 4, 5, 49, 70, 88, 280, 2695]]
[3196, [2, 4, 5, 25, 250, 440, 700, 770, 1000]]
[3199, [2, 4, 5, 25, 143, 880, 1040, 1100]]
[3202, [2, 4, 5, 40, 55, 280, 352, 2464]]
[3205, [2, 4, 5, 25, 280, 364, 650, 875, 1000]]
[3208, [2, 4, 5, 26, 140, 490, 539, 2002]]
[3211, [2, 4, 7, 10, 280, 572, 880, 1456]]
[3214, [2, 4, 5, 28, 88, 392, 2695]]
[3217, [2, 4, 5, 26, 154, 320, 704, 2002]]
[3220, [2, 4, 7, 13, 70, 110, 154, 2860]]
[3223, [2, 4, 5, 22, 440, 550, 2200]]
[3226, [2, 4, 5, 25, 220, 275, 770, 1925]]
[3229, [2, 4, 5, 26, 98, 1274, 1820]]
[3232, [2, 4, 5, 25, 275, 385, 616, 800, 1120]]
[3235, [2, 4, 5, 26, 130, 520, 728, 1820]]
[3238, [2, 4, 5, 40, 100, 112, 175, 2800]]
[3241, [2, 4, 5, 28, 77, 1375, 1750]]
[3244, [2, 4, 5, 26, 176, 245, 784, 2002]]
[3247, [2, 4, 5, 49, 52, 154, 286, 2695]]
[3250, [2, 4, 5, 25, 280, 364, 650, 800, 1120]]
[3253, [2, 4, 5, 35, 56, 616, 715, 1820]]
[3256, [2, 5, 7, 8, 44, 110, 3080]]
[3259, [2, 4, 5, 25, 260, 490, 520, 728, 1225]]
[3262, [2, 4, 5, 25, 154, 572, 875, 1625]]
[3265, [2, 4, 8, 13, 40, 52, 286, 2860]]
[3268, [2, 4, 5, 25, 280, 352, 700, 800, 1100]]
[3271, [2, 4, 5, 25, 175, 500, 560, 2000]]
[3274, [2, 4, 5, 28, 125, 440, 500, 770, 1400]]
[3277, [2, 4, 7, 10, 182, 832, 2240]]
[3280, [2, 4, 5, 28, 91, 650, 875, 1625]]
[3283, [2, 4, 5, 28, 100, 400, 784, 1960]]
[3286, [2, 4, 5, 25, 125, 625, 2500]]
[3289, [2, 4, 5, 44, 80, 112, 182, 2860]]
[3292, [2, 4, 8, 13, 28, 91, 1144, 2002]]
[3295, [2, 4, 5, 25, 245, 539, 550, 700, 1225]]
[3298, [2, 4, 5, 25, 182, 350, 910, 1820]]
[3301, [2, 4, 5, 44, 56, 110, 3080]]
[3304, [2, 4, 5, 25, 275, 385, 550, 980, 1078]]
[3307, [2, 4, 5, 25, 176, 400, 770, 1925]]
[3310, [2, 4, 10, 13, 16, 140, 325, 2800]]
[3313, [2, 4, 5, 26, 130, 286, 2860]]
[3316, [2, 4, 5, 26, 143, 364, 770, 2002]]
[3319, [2, 4, 5, 28, 112, 256, 1120, 1792]]
[3322, [2, 4, 5, 26, 100, 910, 2275]]
[3325, [2, 4, 5, 26, 200, 208, 800, 2080]]
[3328, [2, 4, 5, 52, 55, 130, 220, 2860]]
[3331, [2, 4, 5, 25, 280, 440, 500, 700, 1375]]
[3334, [2, 4, 5, 25, 140, 980, 1078, 1100]]
[3337, [2, 4, 7, 16, 28, 200, 280, 2800]]
[3340, [2, 4, 5, 40, 55, 154, 3080]]
[3343, [2, 4, 5, 32, 80, 220, 800, 2200]]
[3346, [2, 4, 8, 13, 28, 91, 1120, 2080]]
[3349, [2, 4, 8, 13, 22, 440, 2860]]
[3352, [2, 4, 5, 26, 130, 455, 910, 1820]]
[3355, [2, 4, 5, 25, 175, 400, 784, 1960]]
[3358, [2, 4, 5, 25, 245, 490, 637, 650, 1300]]
[3361, [2, 4, 5, 26, 160, 260, 1144, 1760]]
[3364, [2, 4, 5, 25, 160, 448, 1120, 1600]]
[3367, [2, 4, 5, 25, 220, 550, 650, 910, 1001]]
[3370, [2, 4, 5, 26, 121, 572, 1210, 1430]]
[3373, [2, 4, 5, 28, 88, 880, 910, 1456]]
[3376, [2, 4, 5, 25, 140, 400, 2800]]
[3379, [2, 4, 5, 28, 110, 260, 1430, 1540]]
[3382, [2, 4, 7, 13, 52, 104, 1120, 2080]]
[3385, [2, 4, 5, 22, 352, 800, 2200]]
[3388, [2, 4, 5, 25, 140, 880, 1100, 1232]]
[3391, [2, 4, 5, 26, 104, 650, 2600]]
[3394, [2, 4, 5, 25, 280, 350, 616, 880, 1232]]
[3397, [2, 4, 5, 26, 128, 448, 1120, 1664]]
[3400, [2, 4, 7, 10, 352, 385, 880, 1760]]
[3403, [2, 4, 5, 25, 280, 392, 490, 980, 1225]]
[3406, [2, 4, 5, 35, 55, 715, 770, 1820]]
[3409, [2, 4, 7, 10, 325, 520, 616, 1925]]
[3412, [2, 4, 7, 11, 88, 220, 3080]]
[3415, [2, 4, 5, 28, 104, 308, 1144, 1820]]
[3418, [2, 4, 7, 10, 245, 784, 910, 1456]]
[3421, [2, 4, 5, 25, 280, 385, 550, 770, 1400]]
[3424, [2, 4, 5, 25, 143, 715, 1100, 1430]]
[3427, [2, 5, 8, 10, 14, 308, 3080]]
[3430, [2, 4, 5, 25, 245, 385, 784, 880, 1100]]
[3433, [2, 4, 5, 25, 242, 350, 385, 2420]]
[3436, [2, 4, 8, 14, 20, 308, 3080]]
[3439, [2, 4, 5, 25, 275, 400, 572, 700, 1456]]
[3442, [2, 4, 5, 25, 176, 350, 1120, 1760]]
[3445, [2, 5, 7, 8, 35, 308, 3080]]
[3448, [2, 4, 8, 10, 44, 520, 2860]]
[3451, [2, 4, 5, 25, 140, 875, 1000, 1400]]
[3454, [2, 4, 7, 10, 280, 616, 715, 1820]]
[3457, [2, 4, 5, 25, 220, 484, 770, 847, 1100]]
[3460, [2, 4, 5, 25, 200, 320, 704, 2200]]
[3463, [2, 4, 7, 10, 320, 400, 1120, 1600]]
[3466, [2, 4, 5, 22, 308, 1375, 1750]]
[3469, [2, 4, 5, 28, 98, 392, 980, 1960]]
[3472, [2, 4, 7, 10, 245, 784, 880, 1540]]
[3475, [2, 4, 5, 40, 44, 520, 2860]]
[3478, [2, 4, 5, 32, 91, 154, 1430, 1760]]
[3481, [2, 4, 7, 10, 280, 490, 1120, 1568]]
[3484, [2, 4, 5, 25, 280, 350, 640, 770, 1408]]
[3487, [2, 4, 5, 26, 130, 416, 1144, 1760]]
[3490, [2, 4, 5, 35, 56, 308, 3080]]
[3493, [2, 4, 5, 25, 220, 520, 616, 1001, 1100]]
[3496, [2, 4, 5, 25, 140, 800, 1120, 1400]]
[3499, [2, 4, 5, 26, 182, 440, 572, 728, 1540]]
[3502, [2, 4, 5, 25, 260, 364, 637, 980, 1225]]
[3505, [2, 4, 5, 26, 176, 220, 1408, 1664]]
[3508, [2, 4, 7, 10, 250, 700, 910, 1625]]
[3511, [2, 4, 5, 25, 208, 572, 715, 880, 1100]]
[3514, [2, 4, 5, 25, 200, 308, 770, 2200]]
[3517, [2, 4, 7, 10, 350, 400, 784, 1960]]
[3520, [2, 4, 5, 25, 260, 364, 616, 1100, 1144]]
[3523, [2, 4, 5, 25, 143, 704, 1040, 1600]]
[3526, [2, 4, 5, 35, 50, 980, 2450]]
[3529, [2, 4, 5, 25, 208, 560, 715, 910, 1100]]
[3532, [2, 4, 5, 26, 143, 352, 800, 2200]]
[3535, [2, 4, 7, 10, 320, 448, 784, 1960]]
[3538, [2, 5, 8, 11, 14, 110, 308, 3080]]
[3541, [2, 4, 5, 25, 200, 280, 1100, 1925]]
[3544, [2, 4, 7, 10, 280, 616, 700, 1925]]
[3547, [2, 4, 5, 25, 260, 416, 490, 1120, 1225]]
[3550, [2, 4, 5, 28, 91, 560, 1040, 1820]]
[3553, [2, 4, 7, 10, 275, 490, 1225, 1540]]
[3556, [2, 4, 5, 25, 250, 350, 800, 1000, 1120]]
[3559, [2, 4, 5, 25, 143, 650, 1300, 1430]]
[3562, [2, 4, 5, 26, 154, 560, 770, 1001, 1040]]
[3565, [2, 4, 5, 25, 200, 700, 715, 770, 1144]]
[3568, [2, 4, 5, 25, 182, 325, 1100, 1925]]
[3571, [2, 4, 7, 10, 256, 700, 800, 1792]]
[3574, [2, 4, 5, 25, 280, 350, 572, 880, 1456]]
[3577, [2, 4, 5, 26, 160, 260, 1040, 2080]]
[3580, [2, 4, 10, 16, 20, 28, 700, 2800]]
[3583, [2, 4, 7, 10, 200, 560, 2800]]
[3586, [2, 4, 5, 25, 140, 770, 1100, 1540]]
[3589, [2, 4, 5, 26, 224, 320, 448, 896, 1664]]
[3592, [2, 4, 5, 28, 88, 385, 3080]]
[3595, [2, 4, 5, 25, 224, 260, 800, 2275]]
[3598, [2, 4, 7, 10, 250, 700, 875, 1750]]
[3601, [2, 4, 5, 25, 220, 500, 700, 770, 1375]]
[3604, [2, 4, 5, 25, 140, 728, 1300, 1400]]
[3607, [2, 4, 5, 26, 140, 245, 3185]]
[3610, [2, 4, 5, 25, 200, 616, 700, 980, 1078]]
[3613, [2, 4, 5, 26, 140, 364, 832, 2240]]
[3616, [2, 4, 7, 13, 44, 196, 490, 2860]]
[3619, [2, 4, 5, 22, 352, 770, 2464]]
[3622, [2, 4, 5, 25, 260, 286, 440, 2600]]
[3625, [2, 4, 7, 16, 40, 56, 700, 2800]]
[3628, [2, 4, 7, 10, 175, 980, 2450]]
[3631, [2, 4, 5, 25, 260, 280, 455, 2600]]
[3634, [2, 4, 7, 16, 35, 70, 700, 2800]]
