[1, [1]]
[2, 0]
[3, 0]
[4, 0]
[5, 0]
[6, 0]
[7, 0]
[8, 0]
[9, 0]
[10, 0]
[11, 0]
[12, 0]
[13, 0]
[14, 0]
[15, 0]
[16, 0]
[17, 0]
[18, 0]
[19, 0]
[20, 0]
[21, 0]
[22, 0]
[23, 0]
[24, 0]
[25, 0]
[26, 0]
[27, 0]
[28, 0]
[29, 0]
[30, [2, 3, 10, 15]]
[31, [2, 4, 5, 20]]
[32, 0]
[33, 0]
[34, 0]
[35, 0]
[36, 0]
[37, 0]
[38, 0]
[39, 0]
[40, 0]
[41, 0]
[42, 0]
[43, 0]
[44, 0]
[45, 0]
[46, 0]
[47, 0]
[48, 0]
[49, 0]
[50, 0]
[51, 0]
[52, 0]
[53, 0]
[54, 0]
[55, [2, 4, 7, 14, 28]]
[56, 0]
[57, [3, 4, 5, 10, 15, 20]]
[58, 0]
[59, 0]
[60, 0]
[61, 0]
[62, 0]
[63, 0]
[64, [2, 4, 8, 10, 40]]
[65, 0]
[66, 0]
[67, 0]
[68, 0]
[69, [2, 3, 14, 15, 35]]
[70, 0]
[71, [2, 3, 11, 22, 33]]
[72, 0]
[73, 0]
[74, 0]
[75, [3, 4, 5, 8, 15, 40]]
[76, [2, 5, 7, 14, 20, 28]]
[77, 0]
[78, 0]
[79, 0]
[80, [2, 4, 10, 15, 21, 28]]
[81, [3, 4, 7, 10, 14, 15, 28]]
[82, 0]
[83, 0]
[84, 0]
[85, [2, 4, 10, 14, 20, 35]]
[86, [2, 5, 9, 10, 15, 45]]
[87, 0]
[88, 0]
[89, 0]
[90, 0]
[91, 0]
[92, 0]
[93, 0]
[94, 0]
[95, [2, 4, 9, 15, 20, 45]]
[96, [3, 4, 5, 14, 15, 20, 35]]
[97, 0]
[98, [3, 4, 5, 11, 20, 22, 33]]
[99, 0]
[100, 0]
[101, [2, 5, 10, 15, 20, 21, 28]]
[102, [3, 5, 7, 10, 14, 15, 20, 28]]
[103, [2, 4, 8, 14, 35, 40]]
[104, 0]
[105, 0]
[106, 0]
[107, 0]
[108, 0]
[109, [2, 4, 5, 28, 70]]
[110, 0]
[111, 0]
[112, [2, 4, 8, 14, 28, 56]]
[113, 0]
[114, 0]
[115, [3, 4, 5, 9, 21, 28, 45]]
[116, 0]
[117, 0]
[118, 0]
[119, [2, 4, 14, 15, 21, 28, 35]]
[120, [3, 5, 7, 8, 14, 15, 28, 40]]
[121, [2, 5, 8, 10, 16, 80]]
[122, [3, 4, 7, 11, 14, 22, 28, 33]]
[123, 0]
[124, [2, 5, 8, 14, 20, 35, 40]]
[125, [2, 5, 9, 14, 15, 35, 45]]
[126, 0]
[127, [2, 5, 9, 11, 22, 33, 45]]
[128, 0]
[129, [3, 4, 8, 10, 14, 15, 35, 40]]
[130, [2, 4, 8, 16, 20, 80]]
[131, [3, 4, 8, 10, 11, 22, 33, 40]]
[132, 0]
[133, [2, 5, 8, 14, 20, 28, 56]]
[134, [2, 3, 8, 33, 88]]
[135, [2, 3, 9, 22, 99]]
[136, [2, 4, 5, 25, 100]]
[137, [2, 5, 10, 14, 15, 21, 70]]
[138, [2, 3, 15, 20, 28, 70]]
[139, 0]
[140, [2, 5, 14, 15, 20, 21, 28, 35]]
[141, [2, 3, 11, 15, 110]]
[142, [2, 5, 11, 20, 21, 22, 28, 33]]
[143, [3, 5, 7, 11, 14, 20, 22, 28, 33]]
[144, 0]
[145, 0]
[146, [2, 4, 14, 15, 20, 21, 70]]
[147, [3, 4, 10, 11, 15, 21, 22, 28, 33]]
[148, [2, 4, 7, 14, 44, 77]]
[149, [2, 8, 9, 10, 15, 20, 40, 45]]
[150, [2, 5, 7, 10, 21, 105]]
[151, 0]
[152, [3, 4, 10, 11, 14, 20, 22, 33, 35]]
[153, [3, 5, 9, 10, 11, 15, 22, 33, 45]]
[154, [2, 4, 10, 14, 28, 40, 56]]
[155, [2, 5, 7, 15, 21, 35, 70]]
[156, [2, 3, 15, 16, 40, 80]]
[157, [2, 4, 8, 11, 44, 88]]
[158, [2, 3, 10, 35, 45, 63]]
[159, [2, 4, 7, 20, 21, 105]]
[160, [2, 5, 8, 14, 16, 35, 80]]
[161, [3, 4, 5, 8, 20, 33, 88]]
[162, [3, 4, 5, 9, 20, 22, 99]]
[163, [2, 4, 7, 10, 140]]
[164, 0]
[165, [2, 3, 15, 20, 25, 100]]
[166, [2, 7, 8, 10, 20, 28, 35, 56]]
[167, 0]
[168, [3, 4, 5, 11, 15, 20, 110]]
[169, [2, 4, 7, 13, 52, 91]]
[170, [3, 4, 8, 11, 14, 22, 33, 35, 40]]
[171, [2, 3, 21, 26, 28, 39, 52]]
[172, [2, 3, 14, 20, 28, 105]]
[173, [2, 4, 9, 15, 28, 45, 70]]
[174, [3, 4, 5, 7, 15, 140]]
[175, [2, 4, 8, 11, 40, 110]]
[176, [2, 3, 10, 33, 40, 88]]
[177, [3, 5, 7, 8, 15, 20, 28, 35, 56]]
[178, [2, 5, 8, 11, 20, 44, 88]]
[179, [2, 3, 20, 22, 33, 44, 55]]
[180, 0]
[181, [2, 5, 7, 14, 25, 28, 100]]
[182, 0]
[183, [2, 3, 15, 16, 35, 112]]
[184, [2, 3, 9, 45, 50, 75]]
[185, [2, 4, 9, 21, 22, 28, 99]]
[186, [3, 4, 7, 9, 14, 22, 28, 99]]
[187, [2, 3, 7, 70, 105]]
[188, [2, 8, 9, 14, 15, 20, 35, 40, 45]]
[189, [2, 5, 7, 14, 21, 35, 105]]
[190, [2, 4, 8, 17, 34, 40, 85]]
[191, [2, 4, 11, 15, 21, 28, 110]]
[192, [3, 4, 7, 11, 14, 15, 28, 110]]
[193, [2, 4, 8, 10, 65, 104]]
[194, [2, 4, 8, 15, 40, 50, 75]]
[195, [3, 4, 7, 10, 13, 15, 52, 91]]
[196, [2, 4, 11, 14, 20, 35, 110]]
[197, [2, 5, 9, 11, 15, 45, 110]]
[198, [3, 4, 5, 20, 21, 26, 28, 39, 52]]
[199, [2, 3, 20, 21, 28, 50, 75]]
[200, [2, 4, 9, 15, 25, 45, 100]]
[201, [3, 4, 5, 14, 15, 25, 35, 100]]
[202, [2, 4, 5, 44, 70, 77]]
[203, [3, 4, 5, 8, 35, 40, 45, 63]]
[204, [2, 3, 15, 28, 35, 44, 77]]
[205, [2, 4, 8, 14, 44, 56, 77]]
[206, [2, 3, 19, 21, 28, 57, 76]]
[207, [2, 4, 9, 14, 28, 45, 105]]
[208, [2, 4, 8, 16, 28, 70, 80]]
[209, [3, 4, 7, 10, 14, 28, 35, 45, 63]]
[210, [3, 4, 5, 11, 15, 40, 44, 88]]
[211, [2, 4, 7, 21, 33, 56, 88]]
[212, [2, 4, 14, 15, 21, 35, 44, 77]]
[213, [2, 7, 8, 10, 20, 21, 40, 105]]
[214, [2, 5, 8, 10, 20, 65, 104]]
[215, [2, 3, 14, 33, 35, 40, 88]]
[216, [2, 4, 8, 20, 21, 56, 105]]
[217, [2, 4, 8, 16, 35, 40, 112]]
[218, [2, 3, 11, 26, 33, 143]]
[219, [2, 3, 15, 21, 45, 63, 70]]
[220, [2, 4, 5, 38, 76, 95]]
[221, [2, 5, 9, 15, 20, 25, 45, 100]]
[222, [2, 3, 10, 23, 69, 115]]
[223, [2, 5, 7, 14, 20, 35, 140]]
[224, [2, 3, 14, 28, 33, 56, 88]]
[225, [2, 4, 5, 45, 52, 117]]
[226, [2, 4, 8, 13, 52, 56, 91]]
[227, [2, 4, 10, 15, 21, 35, 140]]
[228, [2, 3, 9, 39, 45, 130]]
[229, [2, 7, 8, 11, 14, 22, 77, 88]]
[230, [2, 7, 8, 11, 15, 21, 56, 110]]
[231, [2, 3, 15, 20, 44, 70, 77]]
[232, [2, 4, 8, 14, 35, 65, 104]]
[233, [2, 4, 13, 15, 21, 35, 52, 91]]
[234, [2, 7, 11, 14, 22, 26, 28, 33, 39, 52]]
[235, [2, 3, 14, 21, 50, 70, 75]]
[236, [3, 4, 7, 11, 13, 22, 33, 52, 91]]
[237, [2, 4, 7, 21, 28, 70, 105]]
[238, [2, 4, 5, 35, 80, 112]]
[239, [2, 3, 15, 22, 35, 63, 99]]
[240, [3, 4, 5, 9, 22, 28, 70, 99]]
[241, [2, 5, 8, 10, 20, 56, 140]]
[242, [2, 3, 15, 21, 40, 56, 105]]
[243, [2, 3, 15, 25, 28, 70, 100]]
[244, [2, 3, 8, 56, 70, 105]]
[245, [3, 4, 5, 11, 20, 26, 33, 143]]
[246, [2, 5, 7, 20, 22, 28, 63, 99]]
[247, [2, 4, 5, 40, 56, 140]]
[248, [2, 5, 8, 15, 21, 28, 65, 104]]
[249, [2, 3, 15, 20, 38, 76, 95]]
[250, [2, 4, 10, 16, 28, 40, 70, 80]]
[251, [2, 3, 11, 33, 55, 70, 77]]
[252, [2, 3, 9, 34, 51, 153]]
[253, [2, 4, 5, 22, 220]]
[254, [2, 3, 15, 20, 45, 52, 117]]
[255, [2, 4, 10, 20, 22, 35, 63, 99]]
[256, [2, 4, 5, 35, 70, 140]]
[257, [2, 3, 20, 28, 40, 45, 56, 63]]
[258, [2, 4, 10, 20, 21, 40, 56, 105]]
[259, [2, 4, 8, 14, 35, 56, 140]]
[260, [2, 4, 15, 16, 20, 21, 70, 112]]
[261, [2, 3, 11, 14, 231]]
[262, [2, 4, 7, 16, 44, 77, 112]]
[263, [2, 4, 15, 20, 21, 35, 40, 56, 70]]
[264, [2, 4, 7, 21, 25, 100, 105]]
[265, [2, 3, 14, 20, 44, 77, 105]]
[266, [2, 3, 20, 28, 35, 45, 63, 70]]
[267, [2, 3, 15, 20, 35, 80, 112]]
[268, [2, 3, 8, 51, 68, 136]]
[269, [2, 3, 11, 35, 45, 63, 110]]
[270, [2, 5, 7, 14, 28, 45, 52, 117]]
[271, [2, 4, 7, 20, 28, 70, 140]]
[272, [3, 4, 8, 11, 14, 22, 33, 44, 56, 77]]
[273, [2, 4, 8, 22, 35, 40, 63, 99]]
[274, [2, 4, 7, 11, 110, 140]]
[275, [2, 5, 7, 15, 21, 56, 65, 104]]
[276, [2, 3, 15, 20, 40, 56, 140]]
[277, [2, 3, 14, 25, 28, 100, 105]]
[278, [2, 3, 10, 21, 77, 165]]
[279, [2, 3, 14, 21, 39, 70, 130]]
[280, [2, 3, 10, 20, 105, 140]]
[281, [2, 4, 9, 20, 22, 50, 75, 99]]
[282, [2, 3, 9, 26, 99, 143]]
[283, [2, 4, 5, 32, 80, 160]]
[284, [2, 3, 16, 35, 40, 45, 63, 80]]
[285, [2, 3, 15, 16, 65, 80, 104]]
[286, [2, 3, 10, 21, 75, 175]]
[287, [2, 3, 11, 33, 40, 88, 110]]
[288, [3, 4, 5, 11, 14, 20, 231]]
[289, [2, 4, 7, 14, 70, 80, 112]]
[290, [3, 4, 7, 9, 14, 21, 52, 63, 117]]
[291, [2, 8, 11, 14, 22, 26, 28, 33, 39, 52, 56]]
[292, [2, 4, 11, 13, 26, 44, 88, 104]]
[293, [2, 4, 7, 15, 50, 75, 140]]
[294, [2, 5, 8, 11, 15, 88, 165]]
[295, [2, 3, 13, 22, 39, 99, 117]]
[296, [2, 3, 16, 22, 33, 44, 176]]
[297, [2, 4, 5, 39, 52, 195]]
[298, [2, 3, 8, 40, 105, 140]]
[299, [2, 3, 19, 21, 44, 57, 76, 77]]
[300, [3, 4, 7, 9, 13, 22, 52, 91, 99]]
[301, [2, 3, 7, 51, 238]]
[302, [2, 4, 9, 21, 28, 34, 51, 153]]
[303, [2, 3, 15, 22, 27, 99, 135]]
[304, [2, 4, 8, 11, 65, 104, 110]]
[305, [2, 3, 10, 33, 65, 88, 104]]
[306, [2, 3, 15, 33, 40, 50, 75, 88]]
[307, [2, 4, 10, 14, 22, 35, 220]]
[308, [2, 4, 10, 15, 21, 32, 224]]
[309, [2, 3, 10, 39, 50, 75, 130]]
[310, [2, 3, 10, 25, 45, 225]]
[311, [2, 4, 11, 14, 21, 28, 231]]
[312, [2, 3, 8, 46, 69, 184]]
[313, [2, 4, 8, 14, 35, 50, 200]]
[314, [2, 3, 15, 21, 28, 105, 140]]
[315, [2, 3, 9, 55, 70, 77, 99]]
[316, [2, 4, 7, 16, 35, 112, 140]]
[317, [2, 3, 14, 21, 35, 77, 165]]
[318, [2, 4, 7, 22, 44, 63, 77, 99]]
[319, [2, 4, 8, 16, 17, 272]]
[320, [3, 4, 7, 13, 14, 26, 28, 33, 88, 104]]
[321, [2, 3, 15, 22, 26, 110, 143]]
[322, [2, 3, 14, 16, 70, 105, 112]]
[323, [3, 4, 7, 8, 14, 33, 44, 56, 154]]
[324, [2, 4, 19, 21, 26, 28, 39, 52, 57, 76]]
[325, [2, 3, 14, 21, 35, 75, 175]]
[326, [2, 3, 15, 20, 39, 52, 195]]
[327, [2, 7, 11, 14, 22, 26, 33, 39, 44, 52, 77]]
[328, [2, 4, 5, 28, 119, 170]]
[329, [2, 4, 8, 15, 25, 75, 200]]
[330, [2, 3, 15, 20, 29, 116, 145]]
[331, [2, 4, 8, 11, 56, 110, 140]]
[332, [2, 3, 10, 33, 56, 88, 140]]
[333, [2, 3, 11, 23, 69, 110, 115]]
[334, [2, 5, 7, 8, 70, 88, 154]]
[335, [2, 3, 14, 33, 40, 56, 77, 110]]
[336, [3, 4, 8, 9, 14, 22, 44, 56, 77, 99]]
[337, [2, 4, 5, 32, 70, 224]]
[338, [2, 3, 13, 21, 26, 273]]
[339, [2, 3, 15, 28, 32, 35, 224]]
[340, [2, 3, 10, 28, 80, 105, 112]]
[341, [2, 7, 8, 9, 21, 34, 51, 56, 153]]
[342, [2, 4, 7, 28, 34, 51, 63, 153]]
[343, [2, 4, 10, 11, 22, 140, 154]]
[344, [2, 3, 21, 22, 28, 52, 99, 117]]
[345, [2, 3, 13, 15, 52, 260]]
[346, [2, 4, 14, 16, 21, 33, 56, 88, 112]]
[347, [2, 5, 7, 11, 21, 70, 231]]
[348, [2, 3, 9, 34, 45, 255]]
[349, [2, 3, 14, 25, 35, 45, 225]]
[350, [2, 3, 13, 20, 52, 65, 195]]
[351, [2, 3, 9, 40, 88, 99, 110]]
[352, [2, 4, 7, 14, 50, 100, 175]]
[353, [2, 3, 19, 21, 35, 57, 76, 140]]
[354, [2, 3, 14, 15, 40, 280]]
[355, [2, 3, 10, 34, 51, 85, 170]]
[356, [2, 3, 13, 35, 45, 63, 65, 130]]
[357, [2, 3, 15, 20, 28, 119, 170]]
[358, [2, 3, 8, 51, 56, 238]]
[359, [2, 3, 10, 33, 55, 80, 176]]
[360, [2, 3, 15, 22, 28, 70, 220]]
[361, [2, 4, 7, 13, 65, 130, 140]]
[362, [2, 3, 9, 29, 58, 261]]
[363, [2, 3, 20, 21, 28, 34, 255]]
[364, [2, 4, 7, 23, 44, 46, 77, 161]]
[365, [2, 3, 15, 21, 35, 51, 238]]
[366, [2, 3, 14, 15, 80, 112, 140]]
[367, [2, 3, 10, 26, 91, 105, 130]]
[368, [2, 4, 9, 10, 28, 315]]
[369, [2, 3, 9, 45, 62, 93, 155]]
[370, [2, 4, 7, 14, 49, 98, 196]]
[371, [2, 3, 9, 45, 70, 77, 165]]
[372, [2, 4, 7, 26, 28, 63, 99, 143]]
[373, [2, 7, 11, 13, 21, 22, 33, 44, 52, 77, 91]]
[374, [2, 3, 10, 21, 65, 273]]
[375, [2, 3, 11, 16, 112, 231]]
[376, [2, 4, 5, 56, 65, 104, 140]]
[377, [2, 3, 13, 20, 40, 104, 195]]
[378, [2, 3, 11, 35, 40, 56, 231]]
[379, [2, 3, 9, 45, 70, 75, 175]]
[380, [2, 8, 9, 14, 21, 22, 28, 44, 56, 77, 99]]
[381, [2, 3, 14, 15, 77, 105, 165]]
[382, [2, 4, 5, 28, 98, 245]]
[383, [3, 4, 7, 11, 13, 26, 33, 52, 91, 143]]
[384, [2, 7, 8, 13, 21, 22, 39, 56, 99, 117]]
[385, [2, 3, 10, 25, 100, 105, 140]]
[386, [2, 3, 10, 33, 44, 140, 154]]
[387, [2, 3, 15, 22, 25, 100, 220]]
[388, [2, 4, 7, 20, 35, 40, 280]]
[389, [2, 3, 9, 45, 55, 110, 165]]
[390, [3, 4, 8, 9, 14, 26, 28, 56, 99, 143]]
[391, [2, 3, 11, 20, 105, 110, 140]]
[392, [2, 3, 13, 33, 44, 52, 91, 154]]
[393, [2, 3, 14, 15, 70, 119, 170]]
[394, [2, 3, 14, 22, 28, 105, 220]]
[395, [2, 4, 9, 21, 34, 44, 51, 77, 153]]
[396, [2, 3, 10, 20, 76, 285]]
[397, [2, 3, 11, 21, 75, 110, 175]]
[398, [3, 4, 8, 11, 14, 16, 33, 56, 77, 176]]
[399, [2, 3, 14, 21, 34, 70, 255]]
[400, [2, 4, 5, 26, 143, 220]]
[401, [2, 3, 8, 45, 63, 280]]
[402, [2, 3, 14, 28, 46, 56, 69, 184]]
[403, [2, 4, 8, 17, 20, 80, 272]]
[404, [2, 4, 9, 16, 21, 77, 99, 176]]
[405, [2, 4, 9, 19, 34, 51, 57, 76, 153]]
[406, [2, 3, 7, 105, 119, 170]]
[407, [2, 3, 8, 33, 152, 209]]
[408, [2, 3, 13, 15, 50, 325]]
[409, [2, 4, 5, 35, 55, 308]]
[410, [2, 7, 8, 9, 21, 22, 88, 99, 154]]
[411, [2, 3, 14, 15, 65, 130, 182]]
[412, [2, 5, 7, 8, 50, 140, 200]]
[413, [2, 3, 13, 16, 80, 104, 195]]
[414, [2, 3, 8, 40, 76, 285]]
[415, [2, 3, 9, 39, 63, 117, 182]]
[416, [2, 7, 11, 14, 19, 26, 28, 33, 57, 76, 143]]
[417, [2, 4, 11, 22, 28, 44, 56, 63, 88, 99]]
[418, [2, 4, 7, 15, 39, 91, 260]]
[419, [2, 3, 9, 38, 63, 133, 171]]
[420, [2, 4, 7, 33, 39, 52, 88, 91, 104]]
[421, [2, 3, 9, 33, 99, 110, 165]]
[422, [2, 3, 10, 33, 44, 110, 220]]
[423, [2, 4, 14, 22, 26, 33, 39, 52, 77, 154]]
[424, [2, 3, 9, 33, 88, 136, 153]]
[425, [2, 4, 5, 39, 105, 130, 140]]
[426, [2, 4, 11, 22, 26, 33, 39, 68, 221]]
[427, [2, 4, 5, 26, 130, 260]]
[428, [2, 3, 7, 91, 130, 195]]
[429, [2, 3, 10, 34, 50, 75, 255]]
[430, [2, 3, 8, 70, 88, 105, 154]]
[431, [2, 3, 10, 26, 65, 130, 195]]
[432, [2, 3, 9, 44, 55, 99, 220]]
[433, [2, 3, 8, 35, 105, 280]]
[434, [2, 3, 9, 40, 56, 135, 189]]
[435, [2, 3, 14, 20, 35, 76, 285]]
[436, [2, 3, 14, 16, 51, 112, 238]]
[437, [2, 3, 21, 22, 44, 52, 77, 99, 117]]
[438, [2, 3, 15, 20, 35, 55, 308]]
[439, [2, 5, 7, 8, 56, 95, 266]]
[440, [2, 3, 14, 20, 33, 88, 280]]
[441, [2, 3, 13, 21, 39, 77, 286]]
[442, [2, 4, 5, 40, 85, 136, 170]]
[443, [2, 3, 9, 35, 70, 135, 189]]
[444, [2, 4, 7, 16, 63, 77, 99, 176]]
[445, [2, 7, 8, 11, 22, 23, 46, 77, 88, 161]]
[446, [3, 4, 8, 13, 14, 21, 26, 28, 56, 273]]
[447, [2, 3, 14, 15, 70, 98, 245]]
[448, [2, 3, 14, 21, 56, 63, 136, 153]]
[449, [2, 3, 10, 33, 40, 152, 209]]
[450, [2, 3, 11, 28, 35, 140, 231]]
[451, [2, 4, 7, 14, 40, 160, 224]]
[452, [2, 3, 14, 26, 33, 77, 143, 154]]
[453, [2, 3, 9, 45, 51, 105, 238]]
[454, [2, 4, 7, 19, 51, 57, 76, 238]]
[455, [2, 4, 8, 21, 44, 46, 69, 77, 184]]
[456, [2, 3, 15, 17, 35, 112, 272]]
[457, [2, 4, 5, 50, 56, 140, 200]]
[458, [3, 4, 7, 8, 14, 28, 33, 152, 209]]
[459, [2, 3, 11, 20, 80, 112, 231]]
[460, [2, 3, 7, 98, 105, 245]]
[461, [2, 4, 9, 10, 44, 77, 315]]
[462, [2, 4, 5, 45, 63, 147, 196]]
[463, [2, 3, 8, 56, 105, 119, 170]]
[464, [2, 7, 8, 11, 16, 21, 56, 112, 231]]
[465, [2, 3, 14, 15, 56, 175, 200]]
[466, [2, 4, 8, 11, 56, 77, 308]]
[467, [2, 3, 9, 45, 65, 70, 273]]
[468, [2, 3, 15, 16, 40, 112, 280]]
[469, [2, 4, 5, 40, 76, 152, 190]]
[470, [2, 4, 5, 51, 68, 85, 255]]
[471, [2, 3, 8, 52, 117, 136, 153]]
[472, [2, 3, 10, 28, 51, 140, 238]]
[473, [2, 3, 9, 35, 63, 171, 190]]
[474, [2, 3, 7, 77, 154, 231]]
[475, [2, 3, 10, 35, 40, 105, 280]]
[476, [2, 3, 19, 21, 56, 57, 76, 88, 154]]
[477, [2, 3, 11, 20, 70, 140, 231]]
[478, [2, 3, 7, 95, 105, 266]]
[479, [2, 3, 10, 29, 58, 87, 290]]
[480, [2, 4, 11, 14, 33, 39, 52, 143, 182]]
[481, [2, 3, 11, 22, 51, 154, 238]]
[482, [2, 3, 14, 22, 38, 99, 133, 171]]
[483, [2, 3, 14, 15, 65, 104, 280]]
[484, [2, 3, 10, 28, 56, 105, 280]]
[485, [2, 3, 8, 56, 91, 130, 195]]
[486, [2, 3, 14, 16, 44, 176, 231]]
[487, [2, 4, 7, 14, 40, 140, 280]]
[488, [2, 3, 9, 44, 45, 165, 220]]
[489, [2, 4, 7, 21, 39, 52, 91, 273]]
[490, [2, 3, 22, 28, 34, 44, 51, 119, 187]]
[491, [2, 3, 21, 26, 28, 52, 99, 117, 143]]
[492, [2, 3, 14, 22, 51, 63, 99, 238]]
[493, [2, 4, 5, 44, 77, 95, 266]]
[494, [2, 3, 8, 52, 104, 130, 195]]
[495, [2, 3, 9, 44, 52, 99, 286]]
[496, [2, 4, 5, 35, 112, 130, 208]]
[497, [2, 3, 10, 22, 99, 171, 190]]
[498, [2, 4, 5, 45, 65, 117, 260]]
[499, [2, 3, 16, 26, 39, 52, 57, 304]]
[500, [2, 3, 9, 45, 57, 80, 304]]
[501, [2, 3, 10, 25, 76, 100, 285]]
[502, [2, 3, 10, 22, 105, 140, 220]]
[503, [2, 4, 5, 33, 140, 154, 165]]
[504, [2, 3, 7, 82, 123, 287]]
[505, [2, 4, 5, 40, 70, 160, 224]]
[506, [2, 3, 8, 58, 87, 116, 232]]
[507, [2, 3, 9, 45, 63, 70, 315]]
[508, [2, 4, 8, 10, 44, 440]]
[509, [2, 3, 14, 15, 57, 133, 285]]
[510, [2, 3, 14, 15, 56, 140, 280]]
[511, [2, 3, 10, 28, 55, 105, 308]]
[512, [2, 4, 8, 16, 33, 57, 88, 304]]
[513, [2, 3, 7, 76, 140, 285]]
[514, [2, 4, 5, 40, 88, 100, 275]]
[515, [2, 4, 9, 10, 35, 140, 315]]
[516, [2, 3, 13, 46, 52, 56, 69, 91, 184]]
[517, [2, 3, 8, 56, 98, 105, 245]]
[518, [2, 4, 11, 16, 21, 44, 77, 112, 231]]
[519, [2, 3, 10, 21, 140, 147, 196]]
[520, [2, 3, 16, 17, 51, 68, 176, 187]]
[521, [2, 3, 11, 32, 33, 88, 352]]
[522, [2, 4, 7, 22, 52, 63, 91, 99, 182]]
[523, [2, 4, 5, 40, 80, 112, 280]]
[524, [2, 3, 16, 21, 44, 57, 77, 304]]
[525, [2, 3, 11, 19, 95, 110, 285]]
[526, [2, 4, 5, 25, 140, 350]]
[527, [2, 3, 10, 28, 52, 117, 315]]
[528, [2, 3, 14, 15, 52, 182, 260]]
[529, [2, 4, 5, 35, 92, 161, 230]]
[530, [2, 3, 9, 40, 56, 105, 315]]
[531, [2, 3, 8, 56, 77, 154, 231]]
[532, [2, 4, 7, 22, 44, 77, 88, 112, 176]]
[533, [2, 3, 11, 33, 52, 68, 143, 221]]
[534, [2, 4, 5, 39, 68, 195, 221]]
[535, [2, 4, 5, 40, 44, 440]]
[536, [2, 3, 21, 28, 38, 44, 57, 77, 266]]
[537, [2, 3, 9, 27, 135, 171, 190]]
[538, [2, 3, 14, 23, 46, 51, 161, 238]]
[539, [2, 3, 9, 35, 70, 105, 315]]
[540, [2, 4, 7, 22, 49, 63, 98, 99, 196]]
[541, [2, 3, 7, 46, 483]]
[542, [2, 3, 11, 33, 44, 88, 152, 209]]
[543, [2, 3, 11, 15, 160, 352]]
[544, [2, 3, 8, 51, 88, 154, 238]]
[545, [2, 4, 5, 34, 105, 140, 255]]
[546, [2, 4, 8, 21, 32, 51, 68, 136, 224]]
[547, [2, 4, 5, 35, 95, 140, 266]]
[548, [2, 3, 8, 52, 80, 195, 208]]
[549, [2, 3, 9, 33, 77, 110, 315]]
[550, [2, 4, 7, 13, 56, 104, 364]]
[551, [2, 3, 21, 22, 33, 63, 77, 99, 231]]
[552, [2, 4, 9, 10, 34, 153, 340]]
[553, [2, 4, 5, 35, 52, 455]]
[554, [2, 3, 21, 34, 44, 51, 52, 77, 117, 153]]
[555, [2, 3, 15, 16, 35, 176, 308]]
[556, [2, 4, 5, 32, 119, 170, 224]]
[557, [2, 3, 11, 21, 51, 231, 238]]
[558, [2, 3, 26, 28, 39, 52, 56, 63, 136, 153]]
[559, [2, 4, 10, 11, 20, 160, 352]]
[560, [2, 4, 8, 19, 33, 57, 76, 152, 209]]
[561, [2, 3, 8, 56, 82, 123, 287]]
[562, [2, 4, 7, 26, 28, 44, 143, 308]]
[563, [2, 4, 5, 46, 69, 92, 345]]
[564, [2, 3, 7, 69, 161, 322]]
[565, [2, 3, 9, 45, 46, 115, 345]]
[566, [2, 3, 16, 26, 33, 77, 112, 143, 154]]
[567, [2, 3, 21, 33, 44, 46, 69, 77, 88, 184]]
[568, [2, 4, 5, 35, 88, 154, 280]]
[569, [2, 5, 8, 10, 15, 184, 345]]
[570, [2, 3, 11, 15, 154, 385]]
[571, [2, 3, 13, 15, 70, 195, 273]]
[572, [2, 3, 9, 45, 57, 76, 380]]
[573, [2, 3, 11, 28, 56, 88, 154, 231]]
[574, [2, 3, 13, 20, 52, 55, 429]]
[575, [2, 3, 13, 33, 56, 68, 88, 91, 221]]
[576, [2, 3, 8, 44, 112, 176, 231]]
[577, [2, 4, 5, 44, 58, 145, 319]]
[578, [2, 3, 11, 23, 33, 506]]
[579, [2, 3, 9, 38, 51, 153, 323]]
[580, [2, 4, 11, 22, 26, 28, 56, 112, 143, 176]]
[581, [2, 3, 14, 15, 63, 99, 385]]
[582, [2, 3, 8, 40, 69, 460]]
[583, [2, 3, 8, 45, 100, 200, 225]]
[584, [2, 3, 11, 28, 33, 143, 364]]
[585, [2, 3, 9, 32, 88, 99, 352]]
[586, [2, 3, 8, 51, 80, 170, 272]]
[587, [2, 3, 17, 33, 44, 68, 77, 88, 119, 136]]
[588, [2, 4, 11, 13, 26, 28, 231, 273]]
[589, [2, 3, 9, 52, 63, 117, 147, 196]]
[590, [2, 3, 16, 22, 33, 52, 176, 286]]
[591, [2, 3, 14, 15, 50, 182, 325]]
[592, [2, 3, 13, 28, 39, 52, 182, 273]]
[593, [2, 3, 10, 20, 143, 195, 220]]
[594, [2, 3, 9, 40, 56, 99, 385]]
[595, [2, 4, 5, 32, 112, 160, 280]]
[596, [2, 3, 8, 33, 110, 440]]
[597, [2, 5, 7, 9, 45, 46, 483]]
[598, [2, 3, 8, 46, 56, 483]]
[599, [2, 3, 10, 20, 141, 188, 235]]
[600, [2, 3, 15, 16, 35, 161, 368]]
[601, [2, 4, 7, 10, 238, 340]]
[602, [2, 3, 9, 28, 105, 140, 315]]
[603, [2, 3, 9, 28, 99, 154, 308]]
[604, [2, 3, 7, 63, 207, 322]]
[605, [2, 3, 9, 39, 46, 207, 299]]
[606, [2, 3, 9, 44, 88, 99, 152, 209]]
[607, [2, 3, 10, 34, 51, 65, 442]]
[608, [2, 3, 13, 26, 33, 91, 154, 286]]
[609, [2, 3, 14, 15, 50, 175, 350]]
[610, [2, 4, 5, 32, 98, 224, 245]]
[611, [2, 3, 8, 40, 143, 195, 220]]
[612, [3, 4, 5, 7, 15, 238, 340]]
[613, [2, 3, 9, 27, 110, 165, 297]]
[614, [2, 4, 7, 21, 28, 69, 161, 322]]
[615, [2, 3, 15, 22, 33, 45, 495]]
[616, [2, 4, 8, 13, 44, 77, 104, 364]]
[617, [2, 3, 8, 40, 141, 188, 235]]
[618, [2, 3, 10, 22, 76, 220, 285]]
[619, [2, 4, 8, 11, 44, 110, 440]]
[620, [2, 3, 10, 20, 130, 195, 260]]
[621, [2, 3, 8, 56, 69, 161, 322]]
[622, [2, 4, 5, 44, 55, 160, 352]]
[623, [2, 3, 19, 33, 51, 56, 57, 76, 88, 238]]
[624, [2, 3, 15, 16, 28, 560]]
[625, [2, 3, 8, 51, 85, 136, 340]]
[626, [2, 3, 21, 26, 28, 44, 99, 117, 286]]
[627, [2, 3, 9, 39, 45, 230, 299]]
[628, [2, 4, 7, 10, 220, 385]]
[629, [2, 3, 11, 33, 88, 91, 104, 143, 154]]
[630, [2, 3, 11, 20, 55, 231, 308]]
[631, [2, 3, 14, 17, 51, 68, 476]]
[632, [2, 4, 14, 15, 16, 21, 560]]
[633, [2, 3, 21, 28, 33, 52, 88, 117, 136, 153]]
[634, [2, 3, 11, 27, 63, 77, 154, 297]]
[635, [2, 3, 13, 28, 33, 88, 104, 364]]
[636, [2, 3, 21, 26, 32, 39, 68, 221, 224]]
[637, [2, 3, 10, 22, 105, 110, 385]]
[638, [2, 3, 8, 40, 130, 195, 260]]
[639, [3, 4, 5, 7, 15, 220, 385]]
[640, [2, 3, 10, 40, 46, 56, 483]]
[641, [2, 4, 9, 13, 33, 52, 99, 429]]
[642, [2, 3, 9, 23, 99, 506]]
[643, [2, 4, 7, 17, 32, 119, 224, 238]]
[644, [2, 4, 8, 26, 28, 33, 88, 182, 273]]
[645, [2, 3, 14, 15, 47, 235, 329]]
[646, [2, 3, 8, 45, 88, 225, 275]]
[647, [2, 4, 8, 19, 57, 63, 76, 88, 99, 231]]
[648, [2, 3, 9, 28, 99, 143, 364]]
[649, [2, 3, 10, 35, 46, 70, 483]]
[650, [2, 4, 7, 28, 33, 52, 99, 117, 308]]
[651, [2, 4, 7, 14, 63, 99, 154, 308]]
[652, [2, 3, 8, 51, 70, 238, 280]]
[653, [2, 3, 9, 35, 51, 238, 315]]
[654, [2, 4, 8, 15, 20, 165, 440]]
[655, [2, 3, 10, 26, 55, 130, 429]]
[656, [2, 4, 9, 14, 21, 99, 143, 364]]
[657, [2, 3, 11, 25, 35, 231, 350]]
[658, [2, 4, 5, 35, 100, 112, 400]]
[659, [2, 3, 16, 21, 32, 57, 224, 304]]
[660, [2, 4, 9, 16, 26, 57, 99, 143, 304]]
[661, [2, 4, 5, 25, 125, 500]]
[662, [2, 3, 11, 33, 34, 154, 187, 238]]
[663, [2, 3, 14, 15, 68, 85, 476]]
[664, [2, 4, 5, 44, 65, 104, 440]]
[665, [2, 3, 14, 17, 34, 238, 357]]
[666, [2, 3, 9, 28, 99, 140, 385]]
[667, [2, 3, 8, 50, 75, 184, 345]]
[668, [2, 3, 11, 33, 44, 68, 221, 286]]
[669, [2, 3, 8, 41, 123, 164, 328]]
[670, [2, 4, 10, 14, 15, 100, 525]]
[671, [2, 3, 8, 47, 94, 141, 376]]
[672, [2, 3, 16, 22, 52, 57, 99, 117, 304]]
[673, [2, 4, 5, 29, 140, 203, 290]]
[674, [2, 3, 13, 33, 44, 52, 143, 176, 208]]
[675, [2, 3, 9, 38, 45, 255, 323]]
[676, [2, 3, 14, 16, 46, 112, 483]]
[677, [2, 3, 11, 33, 44, 77, 143, 364]]
[678, [2, 3, 8, 38, 152, 190, 285]]
[679, [2, 4, 5, 28, 80, 560]]
[680, [2, 3, 14, 28, 33, 64, 88, 448]]
[681, [2, 3, 7, 69, 140, 460]]
[682, [2, 3, 14, 22, 44, 51, 238, 308]]
[683, [2, 3, 14, 28, 33, 88, 152, 154, 209]]
[684, [2, 3, 8, 44, 88, 231, 308]]
[685, [2, 4, 5, 40, 56, 238, 340]]
[686, [2, 3, 16, 28, 33, 52, 112, 154, 286]]
[687, [2, 3, 11, 22, 55, 99, 495]]
[688, [2, 4, 7, 15, 35, 100, 525]]
[689, [2, 4, 5, 28, 182, 195, 273]]
[690, [2, 3, 9, 26, 65, 585]]
[691, [2, 3, 13, 16, 52, 176, 429]]
[692, [2, 4, 9, 21, 23, 28, 99, 506]]
[693, [2, 3, 9, 45, 46, 105, 483]]
[694, [2, 4, 5, 28, 175, 200, 280]]
[695, [2, 3, 8, 44, 87, 232, 319]]
[696, [2, 3, 9, 44, 77, 99, 154, 308]]
[697, [2, 3, 7, 135, 171, 189, 190]]
[698, [2, 3, 11, 21, 91, 143, 154, 273]]
[699, [2, 3, 11, 32, 46, 69, 184, 352]]
[700, [2, 3, 8, 64, 70, 105, 448]]
[701, [2, 3, 13, 14, 91, 221, 357]]
[702, [2, 3, 8, 40, 110, 231, 308]]
[703, [2, 3, 17, 21, 22, 77, 561]]
[704, [2, 3, 9, 40, 45, 165, 440]]
[705, [2, 4, 11, 22, 27, 28, 33, 119, 459]]
[706, [2, 4, 8, 21, 22, 33, 616]]
[707, [3, 4, 7, 8, 14, 22, 33, 616]]
[708, [2, 3, 15, 20, 28, 80, 560]]
[709, [2, 4, 7, 10, 196, 490]]
[710, [2, 3, 7, 140, 143, 195, 220]]
[711, [2, 3, 8, 39, 130, 184, 345]]
[712, [2, 3, 10, 28, 46, 140, 483]]
[713, [2, 3, 9, 25, 135, 189, 350]]
[714, [2, 4, 7, 21, 34, 51, 119, 476]]
[715, [2, 3, 10, 25, 50, 250, 375]]
[716, [2, 3, 7, 140, 141, 188, 235]]
[717, [2, 3, 9, 35, 63, 110, 495]]
[718, [2, 3, 9, 28, 76, 285, 315]]
[719, [2, 3, 14, 28, 33, 88, 133, 152, 266]]
[720, [3, 4, 5, 7, 15, 196, 490]]
[721, [2, 3, 11, 22, 46, 154, 483]]
[722, [2, 3, 8, 33, 104, 572]]
[723, [2, 3, 10, 22, 70, 231, 385]]
[724, [2, 4, 5, 23, 230, 460]]
[725, [2, 4, 7, 14, 52, 117, 207, 322]]
[726, [2, 4, 5, 35, 68, 255, 357]]
[727, [2, 3, 14, 28, 34, 51, 119, 476]]
[728, [2, 3, 13, 33, 44, 77, 88, 104, 364]]
[729, [2, 3, 15, 19, 25, 190, 475]]
[730, [2, 4, 5, 52, 56, 91, 520]]
[731, [2, 3, 13, 38, 52, 57, 76, 91, 399]]
[732, [2, 3, 13, 17, 34, 663]]
[733, [2, 3, 8, 44, 104, 143, 429]]
[734, [2, 3, 7, 57, 266, 399]]
[735, [2, 3, 9, 39, 45, 182, 455]]
[736, [2, 3, 8, 40, 105, 238, 340]]
[737, [2, 3, 7, 130, 140, 195, 260]]
[738, [2, 3, 8, 56, 69, 140, 460]]
[739, [2, 3, 9, 45, 55, 75, 550]]
[740, [2, 4, 8, 19, 33, 57, 88, 92, 437]]
[741, [2, 3, 7, 117, 153, 221, 238]]
[742, [2, 3, 8, 44, 105, 140, 440]]
[743, [2, 3, 8, 50, 75, 165, 440]]
[744, [2, 3, 14, 15, 70, 80, 560]]
[745, [2, 4, 7, 10, 190, 532]]
[746, [2, 3, 14, 22, 33, 56, 616]]
[747, [2, 3, 11, 16, 176, 231, 308]]
[748, [2, 4, 7, 14, 35, 196, 490]]
[749, [2, 4, 7, 21, 22, 154, 231, 308]]
[750, [2, 3, 8, 40, 123, 164, 410]]
[751, [2, 4, 8, 13, 32, 104, 224, 364]]
[752, [2, 3, 16, 32, 33, 34, 88, 544]]
[753, [2, 3, 15, 20, 23, 230, 460]]
[754, [2, 3, 11, 21, 77, 154, 189, 297]]
[755, [2, 3, 14, 21, 57, 88, 112, 154, 304]]
[756, [3, 4, 5, 7, 15, 190, 532]]
[757, [2, 3, 7, 80, 105, 560]]
[758, [2, 3, 10, 17, 165, 561]]
[759, [2, 3, 14, 17, 44, 176, 231, 272]]
[760, [2, 4, 5, 23, 220, 506]]
[761, [2, 3, 11, 33, 68, 77, 119, 176, 272]]
[762, [2, 3, 14, 15, 56, 112, 560]]
[763, [2, 3, 8, 40, 105, 220, 385]]
[764, [2, 3, 10, 33, 40, 104, 572]]
[765, [2, 3, 14, 15, 45, 245, 441]]
[766, [2, 4, 5, 28, 143, 220, 364]]
[767, [2, 3, 7, 105, 182, 195, 273]]
[768, [2, 3, 11, 26, 44, 143, 231, 308]]
[769, [2, 4, 7, 14, 56, 98, 196, 392]]
[770, [2, 4, 7, 21, 23, 69, 644]]
[771, [2, 3, 9, 33, 75, 99, 550]]
[772, [2, 3, 7, 105, 175, 200, 280]]
[773, [2, 3, 7, 104, 182, 195, 280]]
[774, [2, 3, 11, 20, 52, 231, 455]]
[775, [2, 4, 7, 14, 34, 238, 476]]
[776, [2, 4, 5, 35, 100, 105, 525]]
[777, [2, 4, 7, 26, 39, 44, 77, 221, 357]]
[778, [2, 3, 8, 40, 100, 250, 375]]
[779, [2, 3, 10, 20, 124, 155, 465]]
[780, [2, 3, 11, 26, 52, 91, 231, 364]]
[781, [2, 3, 7, 105, 160, 224, 280]]
[782, [2, 4, 13, 17, 21, 28, 34, 663]]
[783, [2, 3, 14, 23, 28, 69, 644]]
[784, [2, 3, 8, 46, 88, 154, 483]]
[785, [2, 4, 8, 13, 33, 88, 273, 364]]
[786, [2, 3, 9, 40, 56, 91, 585]]
[787, [2, 4, 5, 26, 100, 650]]
[788, [2, 3, 11, 21, 88, 104, 273, 286]]
[789, [2, 3, 15, 20, 23, 220, 506]]
[790, [2, 4, 5, 35, 68, 221, 455]]
[791, [2, 3, 8, 56, 57, 266, 399]]
[792, [2, 3, 8, 50, 69, 200, 460]]
[793, [2, 3, 7, 105, 171, 190, 315]]
[794, [2, 4, 5, 39, 55, 260, 429]]
[795, [2, 3, 9, 35, 70, 91, 585]]
[796, [2, 4, 5, 35, 50, 700]]
[797, [2, 3, 8, 40, 124, 155, 465]]
[798, [2, 3, 14, 15, 44, 280, 440]]
[799, [2, 3, 7, 105, 154, 220, 308]]
[800, [2, 4, 8, 11, 51, 136, 231, 357]]
[801, [2, 3, 7, 110, 140, 231, 308]]
[802, [2, 4, 5, 35, 70, 196, 490]]
[803, [2, 3, 16, 23, 33, 44, 176, 506]]
[804, [3, 4, 7, 8, 11, 28, 64, 231, 448]]
[805, [2, 3, 14, 15, 45, 231, 495]]
[806, [2, 3, 8, 45, 88, 165, 495]]
[807, [2, 3, 8, 69, 88, 154, 161, 322]]
[808, [2, 4, 8, 11, 35, 308, 440]]
[809, [2, 3, 9, 25, 105, 315, 350]]
[810, [2, 3, 9, 52, 99, 112, 143, 182, 208]]
[811, [2, 4, 7, 20, 28, 50, 700]]
[812, [2, 3, 9, 49, 63, 98, 147, 441]]
[813, [2, 3, 8, 40, 95, 285, 380]]
[814, [2, 3, 8, 51, 64, 238, 448]]
[815, [2, 3, 11, 22, 55, 95, 627]]
[816, [2, 3, 14, 15, 56, 110, 616]]
[817, [2, 3, 10, 22, 65, 286, 429]]
[818, [2, 3, 14, 28, 33, 77, 143, 154, 364]]
[819, [2, 3, 9, 23, 207, 230, 345]]
[820, [2, 4, 7, 11, 110, 196, 490]]
[821, [2, 3, 11, 22, 58, 87, 638]]
[822, [2, 3, 13, 21, 39, 104, 224, 416]]
[823, [2, 4, 7, 14, 44, 176, 224, 352]]
[824, [2, 3, 13, 33, 39, 52, 143, 231, 308]]
[825, [2, 3, 7, 91, 190, 247, 285]]
[826, [2, 3, 10, 20, 105, 196, 490]]
[827, [2, 3, 7, 91, 195, 230, 299]]
[828, [2, 3, 11, 32, 52, 91, 182, 224, 231]]
[829, [2, 3, 14, 15, 45, 225, 525]]
[830, [2, 4, 8, 16, 39, 52, 104, 176, 429]]
[831, [2, 3, 7, 88, 220, 231, 280]]
[832, [2, 3, 14, 21, 44, 68, 119, 561]]
[833, [2, 4, 9, 13, 27, 52, 297, 429]]
[834, [2, 3, 11, 19, 112, 152, 231, 304]]
[835, [2, 3, 7, 105, 140, 238, 340]]
[836, [2, 3, 11, 33, 52, 88, 152, 209, 286]]
[837, [2, 4, 5, 44, 51, 170, 561]]
[838, [2, 4, 5, 35, 64, 280, 448]]
[839, [2, 3, 14, 16, 56, 119, 272, 357]]
[840, [2, 3, 11, 21, 77, 121, 242, 363]]
[841, [2, 4, 7, 17, 32, 91, 272, 416]]
[842, [2, 3, 13, 22, 38, 99, 171, 494]]
[843, [2, 4, 8, 9, 123, 328, 369]]
[844, [2, 3, 7, 105, 143, 220, 364]]
[845, [2, 3, 7, 110, 143, 195, 385]]
[846, [2, 3, 11, 28, 56, 152, 154, 209, 231]]
[847, [2, 4, 5, 40, 70, 110, 616]]
[848, [2, 3, 11, 32, 33, 143, 208, 416]]
[849, [2, 3, 7, 123, 140, 164, 410]]
[850, [2, 3, 17, 21, 26, 77, 143, 561]]
[851, [2, 3, 9, 45, 57, 70, 665]]
[852, [2, 3, 15, 16, 32, 224, 560]]
[853, [2, 3, 8, 51, 133, 152, 238, 266]]
[854, [2, 3, 8, 33, 220, 280, 308]]
[855, [2, 3, 14, 17, 77, 119, 154, 231, 238]]
[856, [2, 4, 5, 40, 55, 200, 550]]
[857, [2, 3, 7, 99, 171, 190, 385]]
[858, [2, 3, 8, 44, 76, 285, 440]]
[859, [2, 4, 7, 17, 28, 161, 272, 368]]
[860, [2, 3, 11, 21, 63, 207, 231, 322]]
[861, [2, 3, 14, 15, 57, 105, 665]]
[862, [2, 3, 7, 105, 140, 220, 385]]
[863, [2, 3, 7, 91, 182, 221, 357]]
[864, [2, 4, 9, 11, 33, 92, 207, 506]]
[865, [2, 4, 5, 28, 118, 295, 413]]
[866, [2, 3, 9, 44, 112, 136, 153, 176, 231]]
[867, [2, 3, 8, 40, 92, 285, 437]]
[868, [2, 4, 7, 14, 29, 812]]
[869, [2, 3, 9, 25, 110, 225, 495]]
[870, [2, 3, 8, 52, 112, 176, 231, 286]]
[871, [2, 3, 7, 105, 130, 260, 364]]
[872, [2, 3, 7, 112, 119, 272, 357]]
[873, [2, 3, 8, 35, 154, 231, 440]]
[874, [2, 4, 8, 13, 28, 91, 728]]
[875, [2, 3, 9, 20, 261, 580]]
[876, [2, 3, 11, 15, 130, 715]]
[877, [2, 4, 5, 25, 116, 725]]
[878, [2, 3, 8, 55, 88, 95, 627]]
[879, [2, 3, 9, 20, 260, 585]]
[880, [2, 3, 8, 40, 105, 190, 532]]
[881, [2, 3, 8, 35, 136, 340, 357]]
[882, [2, 3, 7, 58, 203, 609]]
[883, [2, 4, 5, 34, 70, 224, 544]]
[884, [2, 3, 8, 58, 87, 88, 638]]
[885, [2, 3, 9, 44, 99, 147, 154, 196, 231]]
[886, [2, 4, 5, 28, 77, 770]]
[887, [2, 3, 14, 21, 28, 182, 273, 364]]
[888, [2, 3, 8, 28, 231, 616]]
[889, [2, 4, 5, 33, 75, 220, 550]]
[890, [2, 4, 8, 14, 21, 232, 609]]
[891, [2, 3, 8, 50, 69, 184, 575]]
[892, [2, 3, 8, 46, 70, 280, 483]]
[893, [2, 3, 9, 35, 46, 315, 483]]
[894, [2, 3, 14, 26, 44, 104, 112, 176, 182, 231]]
[895, [2, 3, 16, 17, 46, 56, 272, 483]]
[896, [2, 3, 7, 124, 140, 155, 465]]
[897, [2, 3, 15, 17, 28, 272, 560]]
[898, [2, 4, 7, 10, 175, 700]]
[899, [2, 3, 11, 25, 33, 275, 550]]
[900, [2, 3, 8, 51, 136, 147, 196, 357]]
[901, [2, 3, 8, 51, 62, 248, 527]]
[902, [2, 4, 7, 16, 44, 112, 189, 231, 297]]
[903, [2, 3, 21, 26, 28, 39, 56, 728]]
[904, [2, 3, 9, 38, 57, 207, 266, 322]]
[905, [2, 3, 9, 45, 47, 94, 705]]
[906, [2, 3, 15, 20, 25, 116, 725]]
[907, [2, 3, 8, 34, 165, 255, 440]]
[908, [2, 3, 13, 28, 33, 104, 152, 209, 364]]
[909, [2, 3, 7, 56, 232, 609]]
[910, [2, 4, 7, 13, 52, 104, 728]]
[911, [2, 3, 9, 56, 69, 136, 153, 161, 322]]
[912, [2, 3, 10, 22, 50, 825]]
[913, [2, 4, 7, 14, 56, 104, 154, 572]]
[914, [2, 3, 9, 28, 147, 196, 207, 322]]
[915, [2, 3, 7, 56, 231, 616]]
[916, [2, 3, 7, 91, 176, 208, 429]]
[917, [2, 3, 11, 33, 56, 91, 136, 143, 442]]
[918, [2, 4, 7, 27, 28, 34, 357, 459]]
[919, [2, 3, 10, 25, 46, 350, 483]]
[920, [2, 4, 9, 14, 16, 315, 560]]
[921, [2, 3, 13, 17, 39, 286, 561]]
[922, [2, 3, 7, 63, 154, 693]]
[923, [2, 3, 13, 33, 52, 68, 91, 154, 221, 286]]
[924, [2, 3, 10, 28, 40, 232, 609]]
[925, [2, 4, 8, 14, 29, 56, 812]]
[926, [2, 3, 11, 21, 44, 273, 572]]
[927, [2, 4, 7, 26, 33, 39, 88, 728]]
[928, [2, 4, 5, 31, 80, 310, 496]]
[929, [2, 3, 8, 52, 104, 182, 221, 357]]
[930, [2, 3, 10, 28, 40, 231, 616]]
[931, [2, 4, 7, 15, 28, 350, 525]]
[932, [2, 3, 11, 19, 99, 171, 209, 418]]
[933, [2, 3, 13, 14, 176, 208, 231, 286]]
[934, [2, 3, 8, 63, 77, 88, 693]]
[935, [2, 3, 7, 91, 182, 195, 455]]
[936, [2, 3, 8, 32, 231, 308, 352]]
[937, [2, 4, 5, 28, 130, 208, 560]]
[938, [2, 3, 11, 23, 63, 99, 231, 506]]
[939, [2, 3, 8, 56, 58, 203, 609]]
[940, [2, 4, 8, 11, 56, 91, 352, 416]]
[941, [2, 3, 7, 110, 135, 189, 495]]
[942, [2, 3, 14, 28, 33, 52, 117, 693]]
[943, [2, 3, 7, 105, 118, 295, 413]]
[944, [2, 3, 7, 87, 91, 754]]
[945, [2, 3, 7, 77, 231, 275, 350]]
[946, [2, 4, 5, 34, 68, 238, 595]]
[947, [2, 3, 10, 21, 70, 406, 435]]
[948, [2, 3, 14, 23, 26, 143, 231, 506]]
[949, [2, 3, 14, 17, 46, 112, 272, 483]]
[950, [2, 3, 10, 17, 153, 765]]
[951, [2, 3, 7, 76, 238, 285, 340]]
[952, [2, 3, 8, 51, 104, 182, 238, 364]]
[953, [2, 3, 7, 77, 221, 286, 357]]
[954, [2, 4, 5, 35, 63, 260, 585]]
[955, [2, 4, 5, 44, 55, 130, 715]]
[956, [2, 3, 14, 19, 33, 182, 209, 494]]
[957, [2, 3, 9, 28, 70, 260, 585]]
[958, [2, 3, 11, 28, 46, 77, 308, 483]]
[959, [2, 4, 5, 28, 110, 315, 495]]
[960, [2, 4, 8, 11, 51, 136, 187, 561]]
[961, [2, 3, 7, 91, 143, 286, 429]]
[962, [2, 3, 9, 38, 63, 171, 182, 494]]
[963, [2, 3, 9, 25, 99, 275, 550]]
[964, [2, 3, 7, 77, 105, 770]]
[965, [2, 3, 14, 15, 49, 147, 735]]
[966, [2, 3, 7, 92, 140, 285, 437]]
[967, [2, 3, 9, 22, 231, 315, 385]]
[968, [2, 3, 13, 21, 32, 208, 273, 416]]
[969, [2, 3, 9, 35, 45, 350, 525]]
[970, [2, 3, 11, 22, 51, 221, 286, 374]]
[971, [2, 3, 7, 104, 140, 195, 520]]
[972, [2, 4, 7, 21, 28, 63, 154, 693]]
[973, [2, 3, 7, 110, 115, 253, 483]]
[974, [2, 3, 7, 74, 111, 777]]
[975, [2, 3, 8, 44, 77, 232, 609]]
[976, [2, 4, 8, 14, 28, 92, 184, 644]]
[977, [2, 3, 7, 75, 225, 315, 350]]
[978, [2, 3, 7, 76, 220, 285, 385]]
[979, [2, 3, 7, 105, 112, 350, 400]]
[980, [2, 3, 7, 100, 147, 196, 525]]
[981, [2, 3, 8, 44, 77, 231, 616]]
[982, [2, 3, 8, 51, 68, 170, 680]]
[983, [2, 3, 17, 33, 34, 39, 88, 104, 663]]
[984, [2, 3, 9, 25, 100, 260, 585]]
[985, [2, 3, 14, 20, 29, 105, 812]]
[986, [2, 3, 9, 33, 99, 147, 154, 539]]
[987, [2, 4, 5, 44, 63, 99, 770]]
[988, [2, 3, 8, 49, 136, 153, 196, 441]]
[989, [2, 3, 8, 33, 164, 328, 451]]
[990, [2, 3, 11, 21, 57, 231, 266, 399]]
[991, [2, 3, 8, 57, 76, 104, 741]]
[992, [2, 3, 10, 16, 465, 496]]
[993, [2, 3, 8, 44, 161, 176, 231, 368]]
[994, [2, 4, 5, 22, 341, 620]]
[995, [2, 3, 8, 40, 95, 220, 627]]
[996, [2, 3, 16, 33, 38, 44, 57, 176, 627]]
[997, [2, 3, 7, 105, 112, 320, 448]]
[998, [2, 3, 8, 33, 160, 352, 440]]
[999, [2, 3, 9, 44, 99, 112, 154, 224, 352]]
[1000, [2, 4, 5, 28, 124, 217, 620]]
[1001, [2, 3, 8, 52, 104, 182, 195, 455]]
[1002, [2, 3, 8, 56, 77, 231, 275, 350]]
[1003, [2, 3, 15, 17, 44, 76, 285, 561]]
[1004, [2, 3, 9, 39, 95, 99, 130, 627]]
[1005, [2, 3, 7, 75, 238, 255, 425]]
[1006, [2, 3, 8, 51, 100, 170, 272, 400]]
[1007, [2, 3, 7, 77, 187, 357, 374]]
[1008, [2, 3, 8, 45, 105, 117, 728]]
[1009, [2, 4, 7, 11, 110, 175, 700]]
[1010, [2, 4, 8, 9, 112, 315, 560]]
[1011, [2, 3, 11, 20, 68, 221, 231, 455]]
[1012, [2, 3, 8, 51, 105, 165, 238, 440]]
[1013, [2, 3, 9, 35, 80, 135, 189, 560]]
[1014, [2, 3, 8, 69, 80, 112, 280, 460]]
[1015, [2, 3, 7, 105, 130, 208, 560]]
[1016, [2, 3, 8, 33, 200, 220, 550]]
[1017, [2, 3, 11, 20, 50, 231, 700]]
[1018, [2, 4, 5, 25, 247, 260, 475]]
[1019, [2, 4, 5, 28, 105, 350, 525]]
[1020, [2, 3, 9, 27, 135, 207, 315, 322]]
[1021, [2, 3, 8, 56, 77, 105, 770]]
[1022, [2, 3, 10, 27, 35, 945]]
[1023, [2, 3, 11, 22, 50, 110, 825]]
[1024, [2, 3, 8, 45, 165, 171, 190, 440]]
[1025, [2, 3, 7, 77, 195, 286, 455]]
[1026, [2, 3, 8, 44, 69, 440, 460]]
[1027, [2, 4, 5, 28, 104, 364, 520]]
[1028, [2, 3, 8, 56, 104, 140, 195, 520]]
[1029, [2, 3, 9, 33, 51, 238, 693]]
[1030, [2, 3, 8, 56, 110, 115, 253, 483]]
[1031, [2, 3, 9, 22, 225, 275, 495]]
[1032, [2, 3, 8, 69, 70, 140, 280, 460]]
[1033, [2, 3, 8, 40, 105, 175, 700]]
[1034, [2, 3, 8, 56, 75, 225, 315, 350]]
[1035, [2, 3, 8, 35, 140, 231, 616]]
[1036, [2, 4, 7, 11, 88, 308, 616]]
[1037, [2, 3, 7, 105, 110, 315, 495]]
[1038, [2, 3, 9, 44, 56, 99, 385, 440]]
[1039, [2, 3, 10, 22, 105, 160, 352, 385]]
[1040, [2, 3, 9, 28, 105, 238, 315, 340]]
[1041, [2, 3, 11, 15, 275, 350, 385]]
[1042, [2, 3, 9, 27, 154, 165, 297, 385]]
[1043, [2, 4, 7, 14, 52, 117, 154, 693]]
[1044, [2, 3, 15, 16, 40, 88, 880]]
[1045, [2, 4, 5, 28, 110, 280, 616]]
[1046, [2, 3, 10, 21, 117, 221, 315, 357]]
[1047, [2, 3, 9, 32, 99, 110, 352, 440]]
[1048, [2, 3, 10, 21, 115, 230, 322, 345]]
[1049, [2, 3, 7, 91, 171, 190, 585]]
[1050, [2, 3, 9, 26, 175, 195, 315, 325]]
[1051, [2, 3, 10, 19, 105, 380, 532]]
[1052, [2, 3, 10, 33, 44, 80, 880]]
[1053, [2, 3, 13, 21, 39, 65, 910]]
[1054, [2, 3, 10, 25, 39, 975]]
[1055, [2, 3, 9, 22, 209, 297, 513]]
[1056, [2, 3, 9, 28, 65, 364, 585]]
[1057, [2, 4, 5, 22, 320, 704]]
[1058, [2, 3, 10, 25, 85, 100, 357, 476]]
[1059, [2, 3, 7, 70, 255, 323, 399]]
[1060, [2, 3, 8, 51, 112, 136, 272, 476]]
[1061, [2, 3, 7, 85, 165, 238, 561]]
[1062, [2, 3, 8, 56, 75, 238, 255, 425]]
[1063, [2, 3, 15, 21, 22, 175, 825]]
[1064, [2, 3, 10, 20, 98, 196, 735]]
[1065, [2, 3, 9, 25, 91, 350, 585]]
[1066, [2, 3, 8, 32, 176, 416, 429]]
[1067, [2, 3, 9, 28, 105, 220, 315, 385]]
[1068, [2, 3, 7, 55, 231, 770]]
[1069, [2, 3, 7, 105, 112, 280, 560]]
[1070, [2, 3, 7, 85, 140, 357, 476]]
[1071, [2, 3, 10, 22, 92, 220, 285, 437]]
[1072, [2, 4, 5, 25, 196, 350, 490]]
[1073, [2, 3, 8, 40, 182, 221, 260, 357]]
[1074, [2, 3, 9, 28, 99, 275, 308, 350]]
[1075, [2, 4, 5, 35, 49, 980]]
[1076, [2, 3, 10, 21, 130, 182, 273, 455]]
[1077, [2, 3, 13, 15, 56, 260, 728]]
[1078, [2, 3, 9, 27, 153, 170, 255, 459]]
[1079, [2, 3, 8, 45, 152, 165, 209, 495]]
[1080, [2, 3, 8, 39, 105, 195, 728]]
[1081, [2, 4, 5, 25, 190, 380, 475]]
[1082, [2, 3, 8, 40, 98, 196, 735]]
[1083, [2, 3, 7, 70, 245, 315, 441]]
[1084, [2, 3, 9, 34, 91, 105, 255, 585]]
[1085, [2, 3, 8, 57, 70, 266, 280, 399]]
[1086, [2, 3, 8, 50, 88, 110, 825]]
[1087, [2, 3, 8, 51, 119, 136, 224, 544]]
[1088, [2, 3, 9, 28, 135, 189, 190, 532]]
[1089, [2, 3, 13, 15, 55, 286, 715]]
[1090, [2, 4, 7, 11, 91, 260, 715]]
[1091, [2, 3, 11, 20, 100, 110, 195, 650]]
[1092, [2, 3, 7, 75, 200, 280, 525]]
[1093, [2, 3, 13, 14, 99, 143, 819]]
[1094, [2, 3, 7, 95, 140, 220, 627]]
[1095, [2, 3, 7, 76, 190, 285, 532]]
[1096, [2, 3, 7, 105, 112, 272, 595]]
[1097, [2, 3, 7, 100, 140, 195, 650]]
[1098, [2, 3, 14, 26, 35, 50, 143, 825]]
[1099, [2, 4, 5, 28, 100, 400, 560]]
[1100, [2, 3, 8, 65, 85, 104, 357, 476]]
[1101, [2, 3, 7, 88, 154, 231, 616]]
[1102, [2, 3, 9, 34, 68, 153, 357, 476]]
[1103, [2, 3, 11, 25, 52, 100, 195, 715]]
[1104, [2, 3, 14, 15, 56, 104, 910]]
[1105, [2, 3, 7, 104, 105, 364, 520]]
[1106, [2, 4, 5, 25, 225, 260, 585]]
[1107, [2, 3, 10, 22, 70, 175, 825]]
[1108, [2, 4, 5, 25, 190, 350, 532]]
[1109, [2, 3, 9, 35, 80, 105, 315, 560]]
[1110, [2, 3, 7, 170, 187, 189, 255, 297]]
[1111, [2, 4, 5, 22, 308, 770]]
[1112, [2, 3, 8, 40, 175, 195, 325, 364]]
[1113, [2, 3, 10, 20, 154, 231, 308, 385]]
[1114, [2, 3, 15, 16, 33, 165, 880]]
[1115, [2, 3, 7, 70, 221, 357, 455]]
[1116, [2, 3, 8, 32, 224, 231, 616]]
[1117, [2, 3, 7, 70, 230, 322, 483]]
[1118, [2, 3, 10, 23, 45, 1035]]
[1119, [2, 3, 7, 69, 238, 340, 460]]
[1120, [2, 3, 7, 50, 483, 575]]
[1121, [2, 3, 11, 22, 38, 418, 627]]
[1122, [2, 3, 8, 44, 112, 231, 304, 418]]
[1123, [2, 3, 7, 70, 231, 315, 495]]
[1124, [2, 3, 8, 33, 154, 308, 616]]
[1125, [2, 3, 8, 55, 56, 231, 770]]
[1126, [2, 4, 5, 28, 119, 220, 748]]
[1127, [2, 3, 8, 56, 85, 140, 357, 476]]
[1128, [2, 3, 8, 32, 190, 285, 608]]
[1129, [2, 3, 7, 77, 165, 350, 525]]
[1130, [2, 3, 10, 25, 70, 175, 195, 650]]
[1131, [2, 3, 11, 20, 50, 220, 825]]
[1132, [2, 3, 7, 105, 140, 175, 700]]
[1133, [2, 3, 8, 33, 187, 220, 680]]
[1134, [2, 3, 7, 140, 190, 247, 260, 285]]
[1135, [2, 3, 10, 21, 75, 224, 800]]
[1136, [2, 3, 7, 140, 195, 230, 260, 299]]
[1137, [2, 3, 7, 75, 175, 350, 525]]
[1138, [2, 4, 5, 23, 184, 920]]
[1139, [2, 3, 7, 69, 230, 345, 483]]
[1140, [2, 3, 15, 20, 22, 308, 770]]
[1141, [2, 3, 13, 15, 80, 195, 273, 560]]
[1142, [2, 3, 9, 27, 133, 189, 266, 513]]
[1143, [2, 3, 13, 15, 52, 460, 598]]
[1144, [2, 3, 8, 39, 91, 273, 728]]
[1145, [2, 3, 8, 40, 182, 195, 260, 455]]
[1146, [2, 3, 7, 69, 220, 385, 460]]
[1147, [2, 3, 7, 70, 225, 315, 525]]
[1148, [2, 3, 7, 143, 195, 220, 238, 340]]
[1149, [2, 3, 11, 15, 260, 286, 572]]
[1150, [2, 4, 5, 35, 80, 128, 896]]
[1151, [2, 3, 7, 68, 238, 357, 476]]
[1152, [2, 3, 8, 52, 76, 285, 286, 440]]
[1153, [2, 4, 5, 28, 100, 364, 650]]
[1154, [2, 3, 8, 56, 100, 140, 195, 650]]
[1155, [2, 3, 9, 35, 99, 119, 140, 748]]
[1156, [2, 3, 9, 33, 91, 130, 195, 693]]
[1157, [2, 3, 14, 23, 35, 45, 1035]]
[1158, [2, 3, 8, 38, 184, 255, 323, 345]]
[1159, [2, 3, 11, 34, 44, 51, 442, 572]]
[1160, [2, 3, 13, 14, 171, 182, 190, 585]]
[1161, [2, 3, 7, 68, 231, 374, 476]]
[1162, [2, 3, 7, 92, 115, 460, 483]]
[1163, [2, 3, 11, 33, 38, 88, 152, 836]]
[1164, [2, 3, 7, 147, 184, 196, 280, 345]]
[1165, [2, 3, 11, 25, 39, 110, 975]]
[1166, [2, 3, 8, 40, 136, 280, 340, 357]]
[1167, [2, 3, 11, 15, 224, 352, 560]]
[1168, [2, 3, 8, 40, 140, 250, 350, 375]]
[1169, [2, 3, 7, 104, 130, 195, 728]]
[1170, [2, 3, 7, 136, 184, 238, 255, 345]]
[1171, [2, 4, 5, 25, 175, 400, 560]]
[1172, [2, 3, 7, 140, 182, 221, 260, 357]]
[1173, [2, 3, 9, 32, 99, 104, 352, 572]]
[1174, [2, 5, 7, 8, 32, 1120]]
[1175, [2, 3, 7, 130, 195, 238, 260, 340]]
[1176, [2, 3, 8, 40, 135, 273, 351, 364]]
[1177, [2, 3, 7, 65, 286, 385, 429]]
[1178, [2, 3, 9, 26, 143, 225, 275, 495]]
[1179, [2, 3, 8, 44, 136, 170, 255, 561]]
[1180, [2, 4, 5, 28, 112, 245, 784]]
[1181, [2, 3, 7, 98, 140, 196, 735]]
[1182, [2, 3, 7, 133, 171, 266, 285, 315]]
[1183, [2, 3, 8, 46, 95, 266, 280, 483]]
[1184, [2, 3, 8, 38, 88, 418, 627]]
[1185, [2, 3, 7, 133, 209, 220, 231, 380]]
[1186, [2, 3, 7, 135, 189, 225, 250, 375]]
[1187, [2, 3, 7, 75, 165, 385, 550]]
[1188, [2, 3, 7, 130, 195, 221, 273, 357]]
[1189, [2, 4, 5, 28, 100, 350, 700]]
[1190, [2, 3, 9, 35, 63, 147, 441, 490]]
[1191, [2, 3, 8, 38, 95, 285, 760]]
[1192, [2, 3, 8, 45, 105, 196, 392, 441]]
[1193, [2, 4, 5, 32, 69, 345, 736]]
[1194, [2, 3, 15, 19, 35, 56, 1064]]
[1195, [2, 5, 8, 10, 14, 476, 680]]
[1196, [2, 3, 8, 33, 136, 442, 572]]
[1197, [2, 3, 8, 40, 133, 285, 308, 418]]
[1198, [2, 3, 8, 39, 88, 299, 759]]
[1199, [2, 3, 15, 22, 23, 99, 1035]]
[1200, [2, 4, 5, 39, 75, 100, 975]]
[1201, [2, 3, 8, 51, 75, 280, 357, 425]]
[1202, [2, 3, 7, 130, 195, 220, 260, 385]]
[1203, [2, 3, 14, 15, 49, 140, 980]]
[1204, [2, 3, 7, 105, 119, 220, 748]]
[1205, [2, 3, 7, 68, 224, 357, 544]]
[1206, [2, 3, 8, 52, 76, 260, 285, 520]]
[1207, [2, 4, 5, 28, 110, 253, 805]]
[1208, [2, 3, 8, 35, 117, 315, 728]]
[1209, [2, 3, 7, 70, 231, 280, 616]]
[1210, [2, 3, 9, 27, 135, 154, 385, 495]]
[1211, [2, 3, 7, 140, 175, 195, 325, 364]]
[1212, [2, 3, 7, 143, 154, 231, 308, 364]]
[1213, [2, 3, 14, 15, 45, 189, 945]]
[1214, [2, 3, 8, 33, 154, 286, 728]]
[1215, [2, 3, 9, 22, 165, 429, 585]]
[1216, [2, 4, 5, 25, 200, 280, 700]]
[1217, [2, 3, 9, 28, 99, 231, 273, 572]]
[1218, [2, 3, 8, 39, 182, 184, 345, 455]]
[1219, [2, 4, 5, 32, 56, 1120]]
[1220, [2, 3, 7, 130, 161, 273, 299, 345]]
[1221, [2, 3, 11, 15, 200, 440, 550]]
[1222, [2, 5, 8, 10, 14, 455, 728]]
[1223, [2, 3, 7, 80, 195, 208, 728]]
[1224, [2, 3, 7, 121, 189, 242, 297, 363]]
[1225, [2, 3, 7, 65, 273, 350, 525]]
[1226, [2, 3, 8, 40, 140, 221, 357, 455]]
[1227, [2, 3, 7, 69, 196, 460, 490]]
[1228, [2, 3, 8, 40, 140, 230, 322, 483]]
[1229, [2, 3, 7, 95, 110, 385, 627]]
[1230, [2, 3, 14, 15, 40, 476, 680]]
[1231, [2, 3, 7, 100, 105, 364, 650]]
[1232, [2, 3, 9, 28, 147, 154, 196, 693]]
[1233, [2, 3, 8, 40, 154, 209, 285, 532]]
[1234, [2, 4, 5, 46, 55, 110, 1012]]
[1235, [2, 3, 11, 20, 68, 195, 221, 715]]
[1236, [2, 3, 7, 117, 207, 221, 322, 357]]
[1237, [2, 3, 8, 39, 152, 266, 273, 494]]
[1238, [2, 3, 7, 130, 195, 221, 238, 442]]
[1239, [2, 3, 13, 14, 68, 476, 663]]
[1240, [2, 5, 7, 8, 35, 455, 728]]
[1241, [2, 3, 10, 33, 38, 110, 1045]]
[1242, [2, 3, 7, 133, 152, 280, 285, 380]]
[1243, [2, 3, 7, 70, 189, 405, 567]]
[1244, [2, 3, 7, 119, 176, 272, 308, 357]]
[1245, [2, 3, 11, 17, 147, 196, 308, 561]]
[1246, [2, 3, 10, 21, 55, 1155]]
[1247, [2, 3, 7, 136, 182, 195, 280, 442]]
[1248, [2, 3, 7, 76, 175, 285, 700]]
[1249, [2, 5, 8, 10, 14, 440, 770]]
[1250, [2, 3, 8, 33, 154, 280, 770]]
[1251, [2, 3, 9, 38, 55, 99, 1045]]
[1252, [2, 3, 7, 130, 189, 195, 297, 429]]
[1253, [2, 3, 7, 85, 153, 238, 765]]
[1254, [2, 3, 9, 27, 135, 147, 441, 490]]
[1255, [2, 3, 7, 99, 143, 182, 819]]
[1256, [2, 3, 7, 143, 195, 196, 220, 490]]
[1257, [2, 3, 13, 15, 80, 104, 1040]]
[1258, [2, 3, 7, 105, 112, 245, 784]]
[1259, [2, 3, 8, 40, 171, 190, 260, 585]]
[1260, [2, 3, 9, 39, 63, 130, 195, 819]]
[1261, [2, 4, 5, 25, 175, 350, 700]]
[1262, [2, 3, 8, 44, 143, 187, 195, 680]]
[1263, [2, 3, 7, 69, 190, 460, 532]]
[1264, [2, 3, 8, 39, 135, 286, 351, 440]]
[1265, [2, 3, 8, 27, 280, 945]]
[1266, [2, 3, 9, 40, 56, 85, 1071]]
[1267, [2, 3, 7, 100, 105, 350, 700]]
[1268, [2, 3, 8, 33, 130, 520, 572]]
[1269, [2, 3, 7, 80, 176, 231, 770]]
[1270, [2, 3, 8, 32, 105, 1120]]
[1271, [2, 3, 8, 40, 147, 196, 350, 525]]
[1272, [2, 3, 7, 50, 385, 825]]
[1273, [2, 3, 8, 39, 135, 280, 351, 455]]
[1274, [2, 3, 7, 112, 208, 221, 357, 364]]
[1275, [2, 3, 7, 70, 225, 275, 693]]
[1276, [2, 3, 7, 119, 170, 250, 350, 375]]
[1277, [2, 3, 7, 70, 195, 350, 650]]
[1278, [2, 3, 8, 46, 69, 230, 920]]
[1279, [2, 3, 9, 22, 165, 385, 693]]
[1280, [2, 3, 8, 56, 80, 195, 208, 728]]
[1281, [2, 3, 8, 70, 88, 110, 175, 825]]
[1282, [2, 3, 7, 105, 225, 250, 315, 375]]
[1283, [2, 3, 7, 130, 195, 196, 260, 490]]
[1284, [2, 3, 14, 15, 40, 440, 770]]
[1285, [2, 3, 7, 105, 110, 253, 805]]
[1286, [2, 3, 7, 49, 490, 735]]
[1287, [2, 3, 11, 16, 128, 231, 896]]
[1288, [2, 3, 9, 28, 63, 364, 819]]
[1289, [2, 3, 10, 21, 70, 273, 910]]
[1290, [2, 3, 9, 38, 68, 99, 323, 748]]
[1291, [2, 3, 9, 28, 105, 220, 231, 693]]
[1292, [2, 3, 7, 130, 175, 195, 325, 455]]
[1293, [2, 3, 7, 91, 110, 495, 585]]
[1294, [2, 3, 8, 39, 165, 182, 440, 455]]
[1295, [2, 3, 8, 50, 75, 273, 364, 520]]
[1296, [2, 3, 11, 20, 49, 231, 980]]
[1297, [2, 4, 5, 28, 133, 175, 950]]
[1298, [2, 3, 8, 55, 75, 165, 440, 550]]
[1299, [2, 3, 9, 28, 95, 220, 315, 627]]
[1300, [2, 3, 7, 105, 220, 238, 340, 385]]
[1301, [2, 3, 13, 16, 88, 104, 195, 880]]
[1302, [2, 4, 5, 33, 68, 255, 935]]
[1303, [2, 4, 7, 10, 160, 1120]]
[1304, [2, 3, 8, 33, 136, 374, 748]]
[1305, [2, 3, 8, 35, 255, 280, 323, 399]]
[1306, [2, 5, 7, 11, 16, 385, 880]]
[1307, [2, 3, 9, 38, 45, 165, 1045]]
[1308, [2, 3, 7, 117, 195, 207, 322, 455]]
[1309, [2, 3, 8, 35, 105, 476, 680]]
[1310, [2, 3, 7, 147, 170, 187, 255, 539]]
[1311, [2, 3, 9, 34, 56, 136, 1071]]
[1312, [2, 3, 7, 50, 375, 875]]
[1313, [2, 3, 8, 33, 184, 209, 874]]
[1314, [3, 4, 5, 7, 15, 160, 1120]]
[1315, [2, 3, 7, 70, 175, 483, 575]]
[1316, [2, 3, 7, 130, 165, 195, 385, 429]]
[1317, [2, 3, 8, 44, 98, 231, 392, 539]]
[1318, [2, 3, 8, 39, 135, 260, 351, 520]]
[1319, [2, 3, 7, 130, 182, 195, 280, 520]]
[1320, [2, 3, 8, 40, 140, 231, 280, 616]]
[1321, [2, 3, 8, 51, 95, 136, 380, 646]]
[1322, [2, 3, 8, 33, 176, 220, 880]]
[1323, [2, 3, 7, 75, 147, 539, 550]]
[1324, [2, 4, 8, 10, 50, 250, 1000]]
[1325, [2, 4, 5, 33, 104, 165, 440, 572]]
[1326, [2, 4, 5, 27, 147, 196, 945]]
[1327, [2, 3, 8, 39, 100, 200, 975]]
[1328, [2, 3, 10, 20, 136, 195, 442, 520]]
[1329, [2, 3, 8, 50, 56, 385, 825]]
[1330, [2, 3, 7, 98, 245, 250, 350, 375]]
[1331, [2, 3, 8, 33, 130, 440, 715]]
[1332, [2, 3, 7, 98, 245, 255, 323, 399]]
[1333, [2, 4, 5, 28, 104, 280, 910]]
[1334, [2, 3, 7, 104, 221, 224, 357, 416]]
[1335, [2, 3, 9, 23, 115, 585, 598]]
[1336, [2, 3, 8, 35, 105, 455, 728]]
[1337, [2, 3, 8, 39, 130, 280, 350, 525]]
[1338, [2, 3, 9, 28, 85, 140, 1071]]
[1339, [2, 3, 7, 105, 130, 182, 910]]
[1340, [2, 3, 7, 99, 207, 315, 322, 385]]
[1341, [2, 3, 13, 14, 77, 231, 1001]]
[1342, [2, 4, 7, 14, 35, 160, 1120]]
[1343, [2, 3, 7, 91, 161, 182, 897]]
[1344, [2, 3, 8, 35, 231, 275, 350, 440]]
[1345, [2, 3, 21, 22, 28, 44, 70, 1155]]
[1346, [2, 3, 7, 99, 225, 250, 375, 385]]
[1347, [2, 3, 15, 17, 35, 85, 1190]]
[1348, [2, 3, 7, 95, 250, 266, 350, 375]]
[1349, [2, 3, 10, 17, 280, 357, 680]]
[1350, [2, 3, 7, 95, 238, 285, 340, 380]]
[1351, [2, 3, 9, 22, 175, 315, 825]]
[1352, [2, 4, 8, 9, 104, 315, 910]]
[1353, [2, 3, 8, 40, 75, 525, 700]]
[1354, [2, 3, 7, 117, 153, 273, 357, 442]]
[1355, [2, 3, 10, 33, 40, 184, 209, 874]]
[1356, [2, 3, 7, 110, 187, 231, 340, 476]]
[1357, [2, 3, 7, 91, 110, 429, 715]]
[1358, [2, 3, 7, 140, 171, 190, 260, 585]]
[1359, [2, 3, 13, 15, 52, 364, 910]]
[1360, [2, 4, 5, 40, 49, 280, 980]]
[1361, [2, 3, 8, 35, 221, 280, 357, 455]]
[1362, [2, 3, 11, 15, 121, 1210]]
[1363, [2, 3, 8, 35, 105, 440, 770]]
[1364, [2, 3, 9, 26, 135, 189, 350, 650]]
[1365, [2, 3, 9, 35, 80, 91, 560, 585]]
[1366, [2, 3, 7, 105, 170, 323, 357, 399]]
[1367, [2, 3, 8, 38, 176, 209, 304, 627]]
[1368, [2, 3, 7, 110, 209, 220, 285, 532]]
[1369, [2, 3, 8, 50, 56, 375, 875]]
[1370, [2, 3, 7, 110, 165, 266, 399, 418]]
[1371, [2, 3, 7, 64, 231, 448, 616]]
[1372, [2, 3, 7, 105, 207, 231, 322, 495]]
[1373, [2, 3, 7, 104, 184, 273, 345, 455]]
[1374, [2, 3, 11, 15, 247, 260, 836]]
[1375, [2, 3, 7, 105, 133, 175, 950]]
[1376, [2, 3, 10, 21, 100, 225, 315, 700]]
[1377, [2, 3, 7, 95, 220, 285, 380, 385]]
[1378, [2, 4, 5, 28, 91, 520, 728]]
[1379, [2, 3, 11, 20, 65, 195, 247, 836]]
[1380, [2, 3, 8, 56, 75, 147, 539, 550]]
[1381, [2, 3, 7, 105, 196, 238, 340, 490]]
[1382, [2, 3, 10, 28, 52, 182, 195, 910]]
[1383, [2, 3, 8, 50, 55, 440, 825]]
[1384, [2, 3, 8, 51, 80, 220, 272, 748]]
[1385, [2, 4, 9, 13, 26, 44, 1287]]
[1386, [2, 3, 11, 19, 56, 231, 1064]]
[1387, [2, 3, 8, 40, 92, 207, 1035]]
[1388, [2, 3, 7, 98, 221, 245, 357, 455]]
[1389, [2, 4, 8, 11, 33, 363, 968]]
[1390, [2, 3, 8, 39, 88, 275, 975]]
[1391, [2, 3, 10, 28, 70, 95, 195, 988]]
[1392, [2, 3, 8, 35, 196, 315, 392, 441]]
[1393, [2, 3, 7, 63, 275, 350, 693]]
[1394, [2, 3, 11, 25, 33, 220, 1100]]
[1395, [2, 3, 14, 20, 25, 231, 1100]]
[1396, [2, 4, 5, 25, 160, 400, 800]]
[1397, [2, 3, 8, 75, 100, 104, 130, 975]]
[1398, [2, 3, 10, 21, 91, 245, 441, 585]]
[1399, [2, 3, 9, 44, 45, 140, 561, 595]]
[1400, [2, 3, 7, 143, 154, 195, 280, 616]]
[1401, [2, 3, 7, 68, 182, 476, 663]]
[1402, [2, 3, 11, 16, 105, 385, 880]]
[1403, [2, 3, 7, 70, 165, 561, 595]]
[1404, [2, 3, 7, 92, 238, 285, 340, 437]]
[1405, [2, 4, 5, 32, 88, 154, 1120]]
[1406, [2, 3, 7, 95, 221, 266, 357, 455]]
[1407, [2, 3, 8, 40, 130, 221, 340, 663]]
[1408, [2, 4, 5, 22, 275, 1100]]
[1409, [2, 3, 7, 100, 175, 340, 357, 425]]
[1410, [2, 3, 7, 91, 231, 308, 352, 416]]
[1411, [2, 3, 7, 70, 195, 315, 819]]
[1412, [2, 3, 11, 21, 55, 165, 385, 770]]
[1413, [2, 3, 14, 21, 23, 315, 1035]]
[1414, [2, 3, 8, 39, 88, 273, 1001]]
[1415, [2, 3, 9, 22, 147, 539, 693]]
[1416, [2, 3, 7, 69, 175, 460, 700]]
[1417, [2, 3, 7, 105, 175, 280, 325, 520]]
[1418, [2, 3, 7, 130, 161, 195, 322, 598]]
[1419, [2, 3, 9, 28, 68, 238, 1071]]
[1420, [2, 3, 10, 20, 105, 160, 1120]]
[1421, [2, 3, 11, 28, 33, 112, 1232]]
[1422, [2, 3, 8, 76, 80, 88, 285, 880]]
[1423, [2, 4, 5, 25, 152, 475, 760]]
[1424, [2, 3, 7, 121, 147, 242, 363, 539]]
[1425, [2, 3, 8, 55, 63, 280, 429, 585]]
[1426, [2, 3, 8, 40, 140, 175, 483, 575]]
[1427, [2, 3, 10, 22, 70, 165, 1155]]
[1428, [2, 3, 7, 105, 161, 322, 345, 483]]
[1429, [2, 3, 8, 44, 63, 616, 693]]
[1430, [2, 3, 7, 95, 140, 195, 988]]
[1431, [2, 4, 5, 44, 45, 242, 1089]]
[1432, [2, 4, 5, 35, 55, 484, 847]]
[1433, [2, 3, 7, 77, 161, 286, 897]]
[1434, [2, 3, 7, 119, 154, 231, 357, 561]]
[1435, [2, 3, 7, 70, 165, 495, 693]]
[1436, [2, 3, 7, 104, 195, 220, 385, 520]]
[1437, [2, 3, 7, 77, 165, 273, 910]]
[1438, [2, 3, 8, 40, 105, 160, 1120]]
[1439, [2, 3, 9, 22, 153, 425, 825]]
[1440, [2, 3, 7, 110, 165, 273, 308, 572]]
[1441, [2, 4, 5, 26, 130, 364, 910]]
[1442, [2, 3, 7, 105, 175, 250, 375, 525]]
[1443, [2, 3, 9, 35, 51, 153, 1190]]
[1444, [2, 3, 7, 105, 190, 220, 385, 532]]
[1445, [2, 3, 7, 75, 175, 273, 910]]
[1446, [2, 3, 14, 15, 40, 392, 980]]
[1447, [2, 3, 10, 21, 80, 176, 1155]]
[1448, [2, 3, 10, 26, 65, 117, 315, 910]]
[1449, [2, 3, 7, 104, 165, 273, 440, 455]]
[1450, [2, 4, 7, 10, 272, 560, 595]]
[1451, [2, 3, 8, 44, 143, 176, 195, 880]]
[1452, [2, 3, 7, 75, 140, 525, 700]]
[1453, [2, 4, 8, 9, 99, 363, 968]]
[1454, [2, 3, 8, 45, 104, 171, 380, 741]]
[1455, [2, 3, 11, 20, 44, 550, 825]]
[1456, [2, 3, 7, 91, 105, 520, 728]]
[1457, [2, 3, 8, 33, 136, 340, 935]]
[1458, [2, 3, 9, 25, 99, 220, 1100]]
[1459, [2, 4, 5, 28, 140, 160, 1120]]
[1460, [2, 3, 7, 110, 165, 238, 374, 561]]
[1461, [2, 3, 14, 15, 70, 92, 460, 805]]
[1462, [2, 3, 7, 91, 208, 304, 418, 429]]
[1463, [2, 3, 10, 20, 153, 170, 340, 765]]
[1464, [2, 3, 7, 88, 231, 308, 385, 440]]
[1465, [2, 3, 8, 51, 92, 136, 391, 782]]
[1466, [2, 3, 7, 68, 196, 357, 833]]
[1467, [2, 3, 7, 70, 175, 385, 825]]
[1468, [2, 4, 7, 11, 76, 532, 836]]
[1469, [2, 3, 13, 14, 65, 637, 735]]
[1470, [2, 3, 9, 39, 45, 245, 490, 637]]
[1471, [2, 3, 8, 39, 110, 165, 1144]]
[1472, [2, 3, 7, 130, 175, 195, 260, 700]]
[1473, [2, 3, 11, 15, 221, 286, 935]]
[1474, [2, 3, 7, 92, 105, 460, 805]]
[1475, [2, 3, 8, 34, 119, 357, 952]]
[1476, [2, 3, 8, 50, 75, 255, 323, 760]]
[1477, [2, 3, 7, 85, 115, 483, 782]]
[1478, [2, 3, 8, 35, 195, 260, 455, 520]]
[1479, [2, 3, 9, 22, 143, 585, 715]]
[1480, [2, 3, 8, 39, 117, 286, 440, 585]]
[1481, [2, 3, 7, 91, 221, 280, 357, 520]]
[1482, [2, 3, 7, 98, 231, 245, 280, 616]]
[1483, [2, 3, 10, 19, 105, 280, 1064]]
[1484, [2, 4, 7, 11, 117, 286, 364, 693]]
[1485, [2, 3, 9, 28, 99, 112, 1232]]
[1486, [2, 3, 7, 92, 140, 207, 1035]]
[1487, [2, 3, 8, 39, 147, 196, 364, 728]]
[1488, [2, 3, 8, 44, 128, 176, 231, 896]]
[1489, [2, 3, 16, 17, 40, 51, 1360]]
[1490, [2, 3, 7, 91, 195, 325, 425, 442]]
[1491, [2, 3, 7, 117, 140, 273, 364, 585]]
[1492, [2, 4, 8, 14, 20, 380, 1064]]
[1493, [2, 3, 8, 45, 63, 392, 980]]
[1494, [2, 3, 7, 95, 190, 285, 380, 532]]
[1495, [2, 4, 5, 28, 91, 455, 910]]
[1496, [2, 3, 7, 119, 170, 195, 350, 650]]
[1497, [2, 3, 7, 104, 208, 238, 272, 663]]
[1498, [2, 3, 7, 135, 154, 189, 315, 693]]
[1499, [2, 3, 7, 119, 136, 280, 357, 595]]
[1500, [2, 3, 7, 91, 231, 286, 308, 572]]
