[1, [1]]
[2, 0]
[3, 0]
[4, 0]
[5, 0]
[6, 0]
[7, 0]
[8, 0]
[9, 0]
[10, 0]
[11, [2, 3, 6]]
[12, 0]
[13, 0]
[14, 0]
[15, 0]
[16, 0]
[17, 0]
[18, 0]
[19, 0]
[20, 0]
[21, 0]
[22, 0]
[23, 0]
[24, [2, 4, 6, 12]]
[25, 0]
[26, 0]
[27, 0]
[28, 0]
[29, 0]
[30, [2, 3, 10, 15]]
[31, [2, 4, 5, 20]]
[32, 0]
[33, 0]
[34, 0]
[35, 0]
[36, 0]
[37, [2, 3, 8, 24]]
[38, [3, 4, 5, 6, 20]]
[39, 0]
[40, 0]
[41, 0]
[42, 0]
[43, [2, 4, 10, 12, 15]]
[44, 0]
[45, [2, 5, 6, 12, 20]]
[46, 0]
[47, 0]
[48, 0]
[49, 0]
[50, [2, 4, 8, 12, 24]]
[51, 0]
[52, 0]
[53, [2, 5, 6, 10, 30]]
[54, [2, 3, 7, 42]]
[55, [2, 4, 7, 14, 28]]
[56, 0]
[57, [3, 4, 5, 10, 15, 20]]
[58, 0]
[59, 0]
[60, 0]
[61, [2, 4, 6, 21, 28]]
[62, [2, 4, 6, 20, 30]]
[63, 0]
[64, [2, 4, 8, 10, 40]]
[65, [2, 6, 8, 10, 15, 24]]
[66, [2, 3, 12, 21, 28]]
[67, [2, 3, 12, 20, 30]]
[68, 0]
[69, [2, 3, 14, 15, 35]]
[70, 0]
[71, [2, 3, 11, 22, 33]]
[72, 0]
[73, 0]
[74, [3, 4, 6, 7, 12, 42]]
[75, [3, 4, 5, 8, 15, 40]]
[76, [2, 4, 6, 16, 48]]
[77, 0]
[78, [2, 6, 8, 10, 12, 40]]
[79, [2, 3, 10, 24, 40]]
[80, [2, 4, 10, 15, 21, 28]]
[81, [2, 3, 12, 16, 48]]
[82, [2, 4, 12, 14, 15, 35]]
[83, [3, 5, 6, 7, 14, 20, 28]]
[84, [2, 4, 11, 12, 22, 33]]
[85, [2, 4, 10, 14, 20, 35]]
[86, [3, 5, 6, 8, 10, 24, 30]]
[87, [2, 4, 6, 15, 60]]
[88, [2, 4, 8, 20, 24, 30]]
[89, [2, 6, 7, 8, 24, 42]]
[90, 0]
[91, [3, 4, 6, 11, 12, 22, 33]]
[92, [2, 3, 12, 15, 60]]
[93, [3, 4, 5, 12, 20, 21, 28]]
[94, [2, 6, 10, 12, 15, 21, 28]]
[95, [2, 3, 10, 20, 60]]
[96, [2, 5, 7, 10, 30, 42]]
[97, [2, 5, 6, 16, 20, 48]]
[98, [3, 4, 5, 11, 20, 22, 33]]
[99, [2, 4, 8, 15, 30, 40]]
[100, [2, 6, 7, 8, 21, 56]]
[101, [2, 4, 5, 30, 60]]
[102, [2, 4, 8, 16, 24, 48]]
[103, [2, 4, 8, 14, 35, 40]]
[104, [2, 3, 20, 21, 28, 30]]
[105, [2, 4, 7, 20, 30, 42]]
[106, [2, 6, 8, 11, 22, 24, 33]]
[107, [2, 6, 7, 14, 20, 28, 30]]
[108, [2, 4, 10, 12, 20, 60]]
[109, [2, 4, 5, 28, 70]]
[110, [2, 4, 6, 14, 84]]
[111, [2, 3, 8, 42, 56]]
[112, [2, 4, 8, 14, 28, 56]]
[113, [2, 3, 8, 40, 60]]
[114, [2, 3, 15, 24, 30, 40]]
[115, [2, 3, 12, 14, 84]]
[116, [3, 4, 5, 6, 28, 70]]
[117, [2, 4, 12, 20, 21, 28, 30]]
[118, [2, 3, 14, 24, 35, 40]]
[119, [2, 3, 16, 20, 30, 48]]
[120, [2, 4, 14, 15, 20, 30, 35]]
[121, [2, 5, 8, 10, 16, 80]]
[122, [2, 4, 11, 20, 22, 30, 33]]
[123, [2, 5, 6, 12, 28, 70]]
[124, [2, 4, 8, 12, 42, 56]]
[125, [2, 5, 7, 20, 21, 28, 42]]
[126, [2, 4, 8, 12, 40, 60]]
[127, [2, 3, 14, 24, 28, 56]]
[128, [2, 6, 7, 12, 21, 24, 56]]
[129, [2, 3, 15, 21, 28, 60]]
[130, [2, 3, 15, 20, 30, 60]]
[131, [2, 5, 6, 14, 20, 84]]
[132, [2, 4, 12, 16, 20, 30, 48]]
[133, [2, 5, 8, 14, 20, 28, 56]]
[134, [2, 3, 8, 33, 88]]
[135, [2, 5, 7, 14, 30, 35, 42]]
[136, [2, 4, 5, 25, 100]]
[137, [2, 5, 10, 14, 15, 21, 70]]
[138, [2, 3, 15, 20, 28, 70]]
[139, [2, 3, 12, 24, 42, 56]]
[140, [2, 3, 14, 21, 30, 70]]
[141, [2, 3, 8, 32, 96]]
[142, [2, 4, 12, 15, 21, 28, 60]]
[143, [3, 4, 5, 6, 25, 100]]
[144, [2, 3, 15, 16, 48, 60]]
[145, [2, 3, 12, 28, 30, 70]]
[146, [2, 4, 14, 15, 20, 21, 70]]
[147, [2, 4, 7, 15, 35, 84]]
[148, [2, 4, 7, 14, 44, 77]]
[149, [2, 3, 12, 22, 44, 66]]
[150, [2, 5, 6, 12, 25, 100]]
[151, [2, 5, 6, 10, 48, 80]]
[152, [2, 3, 14, 21, 28, 84]]
[153, [2, 3, 10, 40, 42, 56]]
[154, [2, 4, 6, 21, 44, 77]]
[155, [2, 4, 5, 24, 120]]
[156, [2, 3, 15, 16, 40, 80]]
[157, [2, 4, 6, 20, 50, 75]]
[158, [2, 3, 12, 20, 55, 66]]
[159, [2, 3, 12, 21, 44, 77]]
[160, [2, 4, 6, 20, 48, 80]]
[161, [2, 4, 8, 21, 28, 42, 56]]
[162, [2, 3, 10, 35, 42, 70]]
[163, [2, 3, 8, 30, 120]]
[164, [2, 3, 12, 21, 42, 84]]
[165, [2, 3, 12, 20, 48, 80]]
[166, [2, 3, 10, 30, 55, 66]]
[167, [2, 3, 14, 16, 48, 84]]
[168, [2, 5, 7, 15, 20, 35, 84]]
[169, [2, 3, 12, 19, 57, 76]]
[170, [2, 3, 10, 30, 50, 75]]
[171, [2, 3, 21, 26, 28, 39, 52]]
[172, [2, 3, 11, 24, 44, 88]]
[173, [2, 3, 10, 28, 60, 70]]
[174, [3, 4, 5, 7, 15, 140]]
[175, [2, 4, 8, 11, 40, 110]]
[176, [2, 3, 10, 33, 40, 88]]
[177, [2, 6, 7, 10, 12, 140]]
[178, [2, 3, 14, 15, 60, 84]]
[179, [2, 4, 6, 20, 42, 105]]
[180, [2, 3, 11, 21, 66, 77]]
[181, [2, 3, 7, 78, 91]]
[182, [2, 6, 7, 8, 35, 40, 84]]
[183, [2, 3, 10, 32, 40, 96]]
[184, [2, 3, 10, 26, 65, 78]]
[185, [2, 4, 8, 20, 30, 33, 88]]
[186, [2, 3, 12, 13, 156]]
[187, [2, 3, 7, 70, 105]]
[188, [2, 3, 15, 30, 40, 42, 56]]
[189, [2, 3, 14, 16, 42, 112]]
[190, [2, 3, 11, 24, 40, 110]]
[191, [2, 3, 12, 24, 30, 120]]
[192, [2, 3, 10, 30, 42, 105]]
[193, [2, 4, 8, 10, 65, 104]]
[194, [2, 4, 7, 12, 78, 91]]
[195, [2, 3, 20, 21, 28, 55, 66]]
[196, [2, 4, 5, 50, 60, 75]]
[197, [2, 3, 12, 20, 40, 120]]
[198, [2, 4, 7, 15, 30, 140]]
[199, [2, 4, 5, 48, 60, 80]]
[200, [2, 3, 10, 25, 60, 100]]
[201, [2, 4, 6, 20, 39, 130]]
[202, [2, 4, 5, 44, 70, 77]]
[203, [2, 3, 14, 28, 40, 56, 60]]
[204, [2, 3, 12, 17, 68, 102]]
[205, [2, 3, 10, 30, 40, 120]]
[206, [2, 3, 11, 20, 60, 110]]
[207, [2, 4, 5, 42, 70, 84]]
[208, [2, 3, 10, 24, 65, 104]]
[209, [2, 3, 8, 28, 168]]
[210, [2, 3, 14, 28, 42, 44, 77]]
[211, [2, 3, 15, 30, 33, 40, 88]]
[212, [2, 3, 7, 60, 140]]
[213, [2, 3, 12, 21, 35, 140]]
[214, [2, 3, 10, 30, 39, 130]]
[215, [2, 3, 12, 40, 42, 56, 60]]
[216, [2, 3, 16, 21, 42, 48, 84]]
[217, [2, 4, 8, 14, 21, 168]]
[218, [2, 3, 11, 26, 33, 143]]
[219, [2, 3, 10, 24, 60, 120]]
[220, [2, 4, 5, 38, 76, 95]]
[221, [2, 3, 13, 26, 52, 60, 65]]
[222, [2, 3, 10, 23, 69, 115]]
[223, [2, 3, 11, 20, 55, 132]]
[224, [2, 3, 13, 20, 30, 156]]
[225, [2, 3, 10, 28, 42, 140]]
[226, [2, 4, 8, 13, 52, 56, 91]]
[227, [2, 3, 14, 24, 40, 60, 84]]
[228, [2, 3, 13, 15, 65, 130]]
[229, [2, 3, 12, 16, 84, 112]]
[230, [2, 4, 6, 30, 48, 60, 80]]
[231, [2, 4, 5, 40, 60, 120]]
[232, [2, 3, 14, 21, 24, 168]]
[233, [2, 3, 12, 16, 80, 120]]
[234, [2, 3, 11, 22, 42, 154]]
[235, [2, 3, 10, 24, 56, 140]]
[236, [2, 3, 7, 56, 168]]
[237, [2, 3, 12, 24, 28, 168]]
[238, [2, 3, 8, 56, 78, 91]]
[239, [2, 3, 14, 25, 35, 60, 100]]
[240, [2, 3, 10, 25, 50, 150]]
[241, [2, 3, 13, 24, 52, 56, 91]]
[242, [2, 3, 8, 60, 65, 104]]
[243, [2, 3, 12, 28, 48, 70, 80]]
[244, [2, 3, 8, 56, 70, 105]]
[245, [2, 3, 12, 32, 40, 60, 96]]
[246, [2, 3, 11, 42, 44, 56, 88]]
[247, [2, 3, 8, 52, 78, 104]]
[248, [2, 3, 11, 40, 44, 60, 88]]
[249, [2, 3, 13, 15, 60, 156]]
[250, [2, 3, 12, 28, 44, 77, 84]]
[251, [2, 3, 10, 28, 40, 168]]
[252, [2, 4, 5, 33, 88, 120]]
[253, [2, 4, 5, 22, 220]]
[254, [2, 3, 8, 55, 66, 120]]
[255, [2, 3, 14, 19, 57, 76, 84]]
[256, [2, 4, 5, 35, 70, 140]]
[257, [2, 3, 8, 48, 84, 112]]
[258, [2, 3, 8, 50, 75, 120]]
[259, [2, 4, 5, 32, 96, 120]]
[260, [2, 3, 10, 21, 84, 140]]
[261, [2, 3, 11, 14, 231]]
[262, [2, 3, 12, 28, 42, 70, 105]]
[263, [2, 3, 12, 25, 55, 66, 100]]
[264, [2, 3, 10, 48, 55, 66, 80]]
[265, [2, 3, 12, 30, 42, 56, 120]]
[266, [2, 4, 7, 15, 28, 210]]
[267, [2, 5, 6, 12, 22, 220]]
[268, [2, 3, 8, 51, 68, 136]]
[269, [2, 3, 8, 56, 60, 140]]
[270, [2, 4, 6, 16, 66, 176]]
[271, [2, 3, 10, 16, 240]]
[272, [2, 3, 13, 14, 84, 156]]
[273, [2, 3, 11, 35, 42, 70, 110]]
[274, [2, 3, 12, 15, 110, 132]]
[275, [2, 3, 12, 16, 66, 176]]
[276, [2, 3, 11, 32, 44, 88, 96]]
[277, [2, 3, 8, 44, 88, 132]]
[278, [2, 3, 10, 21, 77, 165]]
[279, [2, 3, 14, 21, 39, 70, 130]]
[280, [2, 3, 8, 42, 105, 120]]
[281, [2, 3, 11, 30, 50, 75, 110]]
[282, [2, 3, 12, 15, 100, 150]]
[283, [2, 4, 5, 30, 110, 132]]
[284, [2, 4, 6, 16, 64, 192]]
[285, [2, 3, 10, 20, 100, 150]]
[286, [2, 3, 10, 21, 75, 175]]
[287, [2, 3, 10, 42, 50, 75, 105]]
[288, [2, 3, 12, 15, 96, 160]]
[289, [2, 3, 10, 24, 50, 200]]
[290, [2, 3, 10, 30, 35, 210]]
[291, [2, 3, 10, 20, 96, 160]]
[292, [2, 3, 13, 14, 78, 182]]
[293, [2, 3, 10, 42, 56, 60, 120]]
[294, [2, 3, 12, 21, 32, 224]]
[295, [2, 3, 8, 40, 110, 132]]
[296, [2, 3, 10, 40, 55, 66, 120]]
[297, [2, 3, 8, 42, 88, 154]]
[298, [2, 3, 8, 40, 105, 140]]
[299, [2, 3, 10, 35, 60, 84, 105]]
[300, [2, 3, 10, 40, 50, 75, 120]]
[301, [2, 3, 7, 51, 238]]
[302, [2, 3, 8, 39, 120, 130]]
[303, [2, 3, 8, 40, 100, 150]]
[304, [2, 3, 12, 28, 35, 84, 140]]
[305, [2, 3, 10, 33, 65, 88, 104]]
[306, [2, 3, 15, 16, 30, 240]]
[307, [2, 3, 8, 42, 84, 168]]
[308, [2, 3, 12, 24, 42, 105, 120]]
[309, [2, 3, 8, 40, 96, 160]]
[310, [2, 3, 11, 21, 42, 231]]
[311, [2, 3, 10, 40, 56, 60, 140]]
[312, [2, 3, 8, 39, 104, 156]]
[313, [2, 3, 12, 20, 80, 84, 112]]
[314, [2, 4, 7, 12, 51, 238]]
[315, [2, 3, 13, 20, 55, 66, 156]]
[316, [2, 3, 10, 21, 70, 210]]
[317, [2, 3, 8, 38, 114, 152]]
[318, [2, 3, 10, 42, 44, 77, 140]]
[319, [2, 4, 8, 16, 17, 272]]
[320, [2, 3, 10, 35, 60, 70, 140]]
[321, [2, 3, 12, 15, 85, 204]]
[322, [2, 4, 8, 11, 33, 264]]
[323, [2, 3, 8, 50, 60, 200]]
[324, [2, 3, 10, 20, 85, 204]]
[325, [2, 3, 11, 30, 39, 110, 130]]
[326, [2, 3, 12, 15, 84, 210]]
[327, [2, 3, 10, 24, 48, 240]]
[328, [2, 4, 5, 28, 119, 170]]
[329, [2, 3, 10, 20, 84, 210]]
[330, [2, 4, 5, 30, 85, 204]]
[331, [2, 3, 10, 39, 42, 105, 130]]
[332, [2, 3, 10, 33, 56, 88, 140]]
[333, [2, 3, 12, 16, 60, 240]]
[334, [2, 3, 10, 30, 34, 255]]
[335, [2, 4, 5, 30, 84, 210]]
[336, [2, 3, 11, 28, 42, 110, 140]]
[337, [2, 3, 11, 24, 33, 264]]
[338, [2, 3, 10, 19, 114, 190]]
[339, [2, 4, 5, 40, 48, 240]]
[340, [2, 3, 11, 16, 132, 176]]
[341, [2, 3, 12, 28, 32, 96, 168]]
[342, [2, 3, 8, 40, 85, 204]]
[343, [2, 3, 14, 20, 24, 280]]
[344, [2, 3, 10, 35, 56, 70, 168]]
[345, [2, 3, 13, 15, 52, 260]]
[346, [2, 3, 11, 24, 56, 110, 140]]
[347, [2, 3, 8, 40, 84, 210]]
[348, [2, 3, 12, 21, 60, 75, 175]]
[349, [2, 4, 6, 17, 48, 272]]
[350, [2, 3, 10, 30, 60, 105, 140]]
[351, [2, 3, 8, 26, 312]]
[352, [2, 3, 12, 15, 80, 240]]
[353, [2, 3, 11, 24, 60, 88, 165]]
[354, [2, 3, 12, 17, 48, 272]]
[355, [2, 3, 7, 49, 294]]
[356, [2, 3, 8, 35, 140, 168]]
[357, [2, 3, 10, 30, 70, 77, 165]]
[358, [2, 3, 8, 51, 56, 238]]
[359, [2, 3, 10, 33, 55, 80, 176]]
[360, [2, 4, 5, 34, 60, 255]]
[361, [2, 3, 8, 48, 60, 240]]
[362, [2, 3, 11, 28, 40, 110, 168]]
[363, [2, 3, 10, 28, 70, 100, 150]]
[364, [2, 4, 6, 14, 156, 182]]
[365, [2, 4, 6, 15, 78, 260]]
[366, [2, 3, 12, 20, 56, 105, 168]]
[367, [2, 3, 10, 26, 91, 105, 130]]
[368, [2, 4, 7, 12, 49, 294]]
[369, [2, 3, 12, 14, 156, 182]]
[370, [2, 3, 12, 15, 78, 260]]
[371, [2, 3, 11, 21, 84, 110, 140]]
[372, [2, 3, 12, 22, 44, 102, 187]]
[373, [2, 3, 8, 40, 80, 240]]
[374, [2, 3, 10, 21, 65, 273]]
[375, [2, 3, 11, 16, 112, 231]]
[376, [2, 4, 6, 14, 140, 210]]
[377, [2, 3, 10, 28, 75, 84, 175]]
[378, [2, 3, 8, 35, 120, 210]]
[379, [2, 3, 12, 24, 26, 312]]
[380, [2, 3, 10, 28, 65, 104, 168]]
[381, [2, 3, 12, 14, 140, 210]]
[382, [2, 3, 11, 16, 110, 240]]
[383, [2, 3, 10, 30, 52, 130, 156]]
[384, [2, 3, 12, 22, 50, 75, 220]]
[385, [2, 3, 10, 25, 100, 105, 140]]
[386, [2, 5, 6, 10, 33, 330]]
[387, [2, 3, 8, 34, 136, 204]]
[388, [2, 4, 5, 26, 156, 195]]
[389, [2, 4, 6, 14, 132, 231]]
[390, [2, 3, 12, 21, 55, 77, 220]]
[391, [2, 3, 8, 40, 78, 260]]
[392, [2, 3, 12, 14, 133, 228]]
[393, [2, 3, 10, 26, 40, 312]]
[394, [2, 3, 7, 110, 132, 140]]
[395, [2, 4, 6, 20, 33, 330]]
[396, [2, 3, 7, 48, 336]]
[397, [2, 3, 11, 21, 75, 110, 175]]
[398, [2, 3, 10, 35, 40, 140, 168]]
[399, [2, 3, 10, 30, 60, 84, 210]]
[400, [2, 3, 8, 35, 112, 240]]
[401, [2, 3, 10, 24, 110, 120, 132]]
[402, [2, 3, 7, 100, 140, 150]]
[403, [2, 3, 10, 40, 48, 60, 240]]
[404, [2, 3, 10, 24, 105, 120, 140]]
[405, [2, 3, 7, 105, 120, 168]]
[406, [2, 3, 7, 105, 119, 170]]
[407, [2, 3, 8, 33, 152, 209]]
[408, [2, 3, 7, 96, 140, 160]]
[409, [2, 4, 5, 35, 55, 308]]
[410, [2, 3, 10, 20, 75, 300]]
[411, [2, 3, 11, 24, 56, 84, 231]]
[412, [2, 3, 8, 49, 56, 294]]
[413, [2, 3, 11, 33, 40, 60, 264]]
[414, [2, 3, 8, 40, 76, 285]]
[415, [2, 3, 10, 24, 96, 120, 160]]
[416, [2, 4, 5, 30, 75, 300]]
[417, [2, 3, 11, 30, 33, 143, 195]]
[418, [2, 3, 10, 28, 60, 105, 210]]
[419, [2, 3, 12, 22, 40, 120, 220]]
[420, [2, 4, 6, 16, 56, 336]]
[421, [2, 3, 10, 24, 88, 140, 154]]
[422, [2, 3, 7, 88, 154, 168]]
[423, [2, 3, 12, 20, 48, 130, 208]]
[424, [2, 3, 11, 24, 32, 352]]
[425, [2, 3, 12, 16, 56, 336]]
[426, [2, 4, 6, 14, 120, 280]]
[427, [2, 4, 5, 26, 130, 260]]
[428, [2, 3, 7, 91, 130, 195]]
[429, [2, 3, 10, 25, 85, 100, 204]]
[430, [2, 3, 8, 70, 88, 105, 154]]
[431, [2, 3, 12, 14, 120, 280]]
[432, [2, 3, 10, 25, 42, 350]]
[433, [2, 3, 8, 35, 105, 280]]
[434, [2, 3, 7, 84, 156, 182]]
[435, [2, 3, 8, 60, 110, 120, 132]]
[436, [2, 3, 12, 21, 60, 65, 273]]
[437, [2, 3, 8, 32, 168, 224]]
[438, [2, 3, 8, 60, 105, 120, 140]]
[439, [2, 3, 7, 84, 147, 196]]
[440, [2, 3, 8, 70, 84, 105, 168]]
[441, [2, 3, 7, 85, 140, 204]]
[442, [2, 3, 8, 33, 132, 264]]
[443, [2, 3, 8, 60, 100, 120, 150]]
[444, [2, 3, 7, 96, 112, 224]]
[445, [2, 3, 8, 32, 160, 240]]
[446, [2, 3, 7, 84, 140, 210]]
[447, [2, 3, 10, 40, 42, 70, 280]]
[448, [2, 3, 10, 24, 85, 120, 204]]
[449, [2, 3, 8, 60, 96, 120, 160]]
[450, [2, 3, 11, 28, 35, 140, 231]]
[451, [2, 3, 8, 56, 110, 132, 140]]
[452, [2, 4, 5, 21, 420]]
[453, [2, 3, 8, 48, 56, 336]]
[454, [2, 3, 10, 40, 49, 56, 294]]
[455, [2, 3, 8, 60, 88, 140, 154]]
[456, [2, 3, 8, 66, 77, 132, 168]]
[457, [2, 3, 7, 84, 133, 228]]
[458, [2, 3, 8, 60, 88, 132, 165]]
[459, [2, 3, 7, 84, 132, 231]]
[460, [2, 3, 7, 98, 105, 245]]
[461, [2, 3, 10, 28, 50, 168, 200]]
[462, [2, 3, 8, 56, 105, 120, 168]]
[463, [2, 3, 8, 55, 110, 120, 165]]
[464, [2, 3, 7, 77, 165, 210]]
[465, [2, 3, 8, 56, 96, 140, 160]]
[466, [2, 5, 6, 12, 21, 420]]
[467, [2, 3, 10, 26, 65, 114, 247]]
[468, [2, 3, 11, 21, 60, 140, 231]]
[469, [2, 4, 5, 26, 120, 312]]
[470, [2, 3, 10, 26, 39, 390]]
[471, [2, 3, 8, 52, 120, 130, 156]]
[472, [2, 3, 7, 75, 175, 210]]
[473, [2, 3, 10, 34, 39, 130, 255]]
[474, [2, 3, 7, 77, 154, 231]]
[475, [2, 3, 8, 57, 95, 120, 190]]
[476, [2, 3, 8, 65, 84, 104, 210]]
[477, [2, 4, 7, 14, 30, 420]]
[478, [2, 3, 7, 95, 105, 266]]
[479, [2, 3, 12, 14, 112, 336]]
[480, [2, 3, 11, 16, 96, 352]]
[481, [2, 3, 15, 20, 21, 420]]
[482, [2, 3, 8, 60, 85, 120, 204]]
[483, [2, 4, 6, 21, 30, 420]]
[484, [2, 3, 8, 68, 78, 104, 221]]
[485, [2, 3, 8, 56, 91, 130, 195]]
[486, [2, 4, 5, 25, 150, 300]]
[487, [2, 3, 8, 60, 84, 120, 210]]
[488, [2, 3, 12, 21, 30, 420]]
[489, [2, 4, 5, 35, 105, 156, 182]]
[490, [2, 3, 7, 78, 140, 260]]
[491, [2, 3, 8, 56, 84, 156, 182]]
[492, [2, 3, 10, 30, 55, 84, 308]]
[493, [2, 3, 10, 24, 70, 160, 224]]
[494, [2, 3, 8, 52, 104, 130, 195]]
[495, [2, 3, 10, 30, 50, 100, 300]]
[496, [2, 3, 7, 84, 120, 280]]
[497, [2, 3, 10, 24, 78, 120, 260]]
[498, [2, 3, 10, 28, 35, 420]]
[499, [2, 3, 10, 22, 110, 132, 220]]
[500, [2, 3, 11, 24, 42, 154, 264]]
[501, [2, 3, 8, 56, 96, 112, 224]]
[502, [2, 3, 8, 65, 80, 104, 240]]
[503, [2, 3, 8, 56, 84, 140, 210]]
[504, [2, 3, 10, 35, 48, 70, 336]]
[505, [2, 5, 6, 8, 220, 264]]
[506, [2, 3, 8, 50, 100, 168, 175]]
[507, [2, 3, 10, 22, 100, 150, 220]]
[508, [2, 4, 8, 10, 44, 440]]
[509, [2, 3, 8, 60, 84, 112, 240]]
[510, [2, 3, 14, 15, 56, 140, 280]]
[511, [2, 5, 6, 8, 210, 280]]
[512, [2, 3, 8, 48, 110, 165, 176]]
[513, [2, 3, 7, 76, 140, 285]]
[514, [2, 3, 8, 56, 84, 133, 228]]
[515, [2, 3, 10, 25, 75, 100, 300]]
[516, [2, 3, 10, 21, 60, 420]]
[517, [2, 4, 6, 15, 70, 420]]
[518, [2, 3, 8, 60, 70, 175, 200]]
[519, [2, 3, 7, 91, 104, 312]]
[520, [2, 3, 8, 65, 78, 104, 260]]
[521, [2, 5, 6, 8, 200, 300]]
[522, [2, 3, 7, 68, 204, 238]]
[523, [2, 3, 10, 24, 44, 440]]
[524, [2, 3, 14, 21, 22, 462]]
[525, [2, 3, 10, 20, 70, 420]]
[526, [2, 3, 11, 15, 165, 330]]
[527, [2, 3, 7, 75, 140, 300]]
[528, [2, 5, 6, 8, 195, 312]]
[529, [2, 3, 7, 77, 132, 308]]
[530, [2, 3, 7, 70, 168, 280]]
[531, [2, 4, 5, 30, 70, 420]]
[532, [2, 3, 8, 70, 78, 91, 280]]
[533, [2, 3, 8, 30, 210, 280]]
[534, [2, 3, 8, 48, 112, 133, 228]]
[535, [2, 4, 5, 24, 200, 300]]
[536, [2, 3, 8, 48, 112, 132, 231]]
[537, [2, 3, 10, 21, 133, 140, 228]]
[538, [2, 3, 10, 33, 40, 120, 330]]
[539, [2, 3, 10, 21, 132, 140, 231]]
[540, [2, 3, 8, 55, 88, 120, 264]]
[541, [2, 3, 7, 46, 483]]
[542, [2, 4, 5, 24, 195, 312]]
[543, [2, 3, 8, 30, 200, 300]]
[544, [2, 3, 7, 84, 112, 336]]
[545, [2, 3, 8, 60, 80, 112, 280]]
[546, [2, 3, 8, 48, 105, 140, 240]]
[547, [2, 4, 5, 24, 192, 320]]
[548, [2, 3, 7, 80, 120, 336]]
[549, [2, 3, 12, 20, 32, 480]]
[550, [2, 3, 8, 30, 195, 312]]
[551, [2, 4, 6, 14, 105, 420]]
[552, [2, 3, 8, 50, 85, 200, 204]]
[553, [2, 4, 5, 35, 52, 455]]
[554, [2, 4, 7, 12, 46, 483]]
[555, [2, 3, 8, 30, 192, 320]]
[556, [2, 3, 12, 14, 105, 420]]
[557, [2, 3, 8, 32, 128, 384]]
[558, [2, 3, 10, 30, 57, 76, 380]]
[559, [2, 3, 8, 66, 84, 88, 308]]
[560, [2, 3, 7, 65, 210, 273]]
[561, [2, 3, 12, 15, 69, 460]]
[562, [2, 3, 8, 44, 120, 165, 220]]
[563, [2, 3, 8, 60, 70, 140, 280]]
[564, [2, 3, 7, 69, 161, 322]]
[565, [2, 3, 10, 25, 70, 105, 350]]
[566, [2, 3, 7, 70, 154, 330]]
[567, [2, 3, 8, 42, 64, 448]]
[568, [2, 3, 8, 60, 66, 165, 264]]
[569, [2, 3, 8, 60, 64, 192, 240]]
[570, [2, 3, 11, 15, 154, 385]]
[571, [2, 3, 8, 48, 102, 136, 272]]
[572, [2, 3, 8, 30, 184, 345]]
[573, [2, 3, 8, 42, 140, 168, 210]]
[574, [2, 3, 8, 57, 80, 120, 304]]
[575, [2, 3, 10, 30, 40, 210, 280]]
[576, [2, 3, 10, 17, 204, 340]]
[577, [2, 3, 10, 22, 80, 220, 240]]
[578, [2, 3, 11, 23, 33, 506]]
[579, [2, 3, 8, 42, 140, 160, 224]]
[580, [2, 3, 8, 55, 84, 120, 308]]
[581, [2, 3, 8, 49, 105, 120, 294]]
[582, [2, 3, 7, 70, 150, 350]]
[583, [2, 3, 8, 38, 76, 456]]
[584, [2, 3, 8, 42, 133, 168, 228]]
[585, [2, 3, 10, 30, 40, 200, 300]]
[586, [2, 3, 8, 42, 132, 168, 231]]
[587, [2, 3, 8, 56, 70, 168, 280]]
[588, [2, 3, 10, 20, 147, 196, 210]]
[589, [2, 3, 8, 48, 88, 176, 264]]
[590, [2, 3, 7, 66, 176, 336]]
[591, [2, 3, 10, 35, 44, 77, 420]]
[592, [2, 3, 10, 30, 40, 195, 312]]
[593, [2, 3, 10, 20, 143, 195, 220]]
[594, [2, 3, 8, 60, 80, 105, 336]]
[595, [2, 3, 8, 48, 84, 210, 240]]
[596, [2, 3, 8, 33, 110, 440]]
[597, [2, 3, 10, 30, 40, 192, 320]]
[598, [2, 3, 8, 46, 56, 483]]
[599, [2, 4, 7, 10, 240, 336]]
[600, [2, 3, 12, 24, 30, 184, 345]]
[601, [2, 4, 7, 10, 238, 340]]
[602, [2, 3, 11, 28, 33, 140, 385]]
[603, [2, 3, 10, 26, 50, 200, 312]]
[604, [2, 3, 7, 64, 192, 336]]
[605, [2, 4, 6, 15, 68, 510]]
[606, [2, 3, 8, 40, 147, 196, 210]]
[607, [2, 3, 10, 21, 95, 210, 266]]
[608, [2, 3, 8, 49, 84, 168, 294]]
[609, [2, 3, 12, 14, 102, 476]]
[610, [2, 3, 12, 15, 68, 510]]
[611, [2, 3, 8, 40, 143, 195, 220]]
[612, [2, 3, 15, 20, 32, 60, 480]]
[613, [2, 3, 10, 20, 68, 510]]
[614, [2, 3, 8, 55, 70, 168, 308]]
[615, [2, 3, 7, 91, 96, 416]]
[616, [2, 3, 8, 57, 66, 176, 304]]
[617, [2, 3, 8, 42, 112, 210, 240]]
[618, [2, 3, 8, 55, 66, 220, 264]]
[619, [2, 4, 5, 30, 68, 510]]
[620, [2, 3, 10, 20, 130, 195, 260]]
[621, [2, 3, 7, 84, 105, 420]]
[622, [2, 3, 8, 48, 105, 120, 336]]
[623, [2, 4, 5, 24, 168, 420]]
[624, [2, 3, 7, 80, 112, 420]]
[625, [2, 3, 8, 48, 80, 220, 264]]
[626, [2, 5, 6, 8, 165, 440]]
[627, [2, 3, 10, 32, 44, 96, 440]]
[628, [2, 3, 7, 66, 165, 385]]
[629, [2, 3, 8, 48, 84, 176, 308]]
[630, [2, 3, 8, 57, 64, 192, 304]]
[631, [2, 3, 8, 30, 168, 420]]
[632, [2, 3, 10, 22, 75, 220, 300]]
[633, [2, 4, 5, 55, 60, 78, 429]]
[634, [2, 4, 6, 17, 44, 561]]
[635, [2, 3, 11, 20, 60, 154, 385]]
[636, [2, 3, 10, 30, 52, 84, 455]]
[637, [2, 3, 10, 22, 105, 110, 385]]
[638, [2, 3, 8, 25, 600]]
[639, [2, 3, 12, 17, 44, 561]]
[640, [2, 4, 5, 24, 165, 440]]
[641, [2, 3, 8, 40, 140, 168, 280]]
[642, [2, 3, 7, 70, 140, 420]]
[643, [2, 3, 11, 22, 66, 77, 462]]
[644, [2, 3, 8, 42, 105, 220, 264]]
[645, [2, 3, 8, 32, 120, 480]]
[646, [2, 3, 8, 55, 66, 192, 320]]
[647, [2, 3, 8, 56, 66, 176, 336]]
[648, [2, 3, 7, 60, 240, 336]]
[649, [2, 3, 8, 39, 156, 168, 273]]
[650, [2, 3, 7, 60, 238, 340]]
[651, [2, 4, 6, 14, 100, 525]]
[652, [2, 3, 8, 51, 70, 238, 280]]
[653, [2, 4, 7, 10, 210, 420]]
[654, [2, 3, 12, 25, 32, 100, 480]]
[655, [2, 3, 12, 13, 300, 325]]
[656, [2, 3, 12, 14, 100, 525]]
[657, [2, 3, 8, 40, 120, 220, 264]]
[658, [2, 3, 12, 21, 42, 102, 476]]
[659, [2, 3, 8, 42, 120, 154, 330]]
[660, [2, 3, 11, 17, 66, 561]]
[661, [2, 4, 5, 25, 125, 500]]
[662, [2, 4, 6, 13, 273, 364]]
[663, [2, 3, 8, 40, 120, 210, 280]]
[664, [2, 3, 12, 15, 112, 240, 280]]
[665, [2, 3, 12, 20, 40, 168, 420]]
[666, [2, 3, 12, 24, 25, 600]]
[667, [2, 3, 12, 13, 273, 364]]
[668, [2, 3, 11, 30, 32, 110, 480]]
[669, [2, 3, 8, 48, 76, 228, 304]]
[670, [2, 3, 8, 48, 80, 184, 345]]
[671, [2, 3, 8, 42, 112, 168, 336]]
[672, [2, 3, 8, 39, 130, 210, 280]]
[673, [2, 3, 8, 39, 138, 184, 299]]
[674, [2, 3, 7, 84, 102, 476]]
[675, [2, 4, 5, 24, 160, 480]]
[676, [2, 3, 8, 48, 75, 240, 300]]
[677, [2, 3, 7, 60, 220, 385]]
[678, [2, 3, 8, 38, 152, 190, 285]]
[679, [2, 4, 5, 28, 80, 560]]
[680, [2, 3, 10, 25, 40, 600]]
[681, [2, 3, 7, 69, 140, 460]]
[682, [2, 3, 8, 39, 130, 200, 300]]
[683, [2, 3, 8, 30, 160, 480]]
[684, [2, 3, 8, 44, 88, 231, 308]]
[685, [2, 3, 8, 40, 112, 240, 280]]
[686, [2, 3, 13, 22, 28, 156, 462]]
[687, [2, 3, 8, 34, 96, 544]]
[688, [2, 3, 10, 24, 55, 264, 330]]
[689, [2, 3, 8, 39, 130, 195, 312]]
[690, [2, 3, 10, 28, 42, 220, 385]]
[691, [2, 3, 10, 24, 64, 140, 448]]
[692, [2, 3, 7, 64, 168, 448]]
[693, [2, 3, 7, 147, 156, 182, 196]]
[694, [2, 3, 7, 66, 154, 462]]
[695, [2, 3, 7, 140, 168, 175, 200]]
[696, [2, 3, 8, 42, 95, 266, 280]]
[697, [2, 3, 13, 16, 39, 624]]
[698, [2, 3, 8, 48, 105, 112, 420]]
[699, [2, 3, 8, 56, 70, 140, 420]]
[700, [2, 3, 7, 140, 156, 182, 210]]
[701, [2, 3, 8, 39, 120, 230, 299]]
[702, [2, 3, 7, 60, 210, 420]]
[703, [2, 3, 12, 15, 132, 154, 385]]
[704, [2, 4, 6, 16, 52, 624]]
[705, [2, 3, 7, 140, 147, 196, 210]]
[706, [2, 3, 8, 49, 70, 280, 294]]
[707, [2, 3, 8, 56, 60, 238, 340]]
[708, [2, 3, 12, 15, 104, 260, 312]]
[709, [2, 3, 7, 57, 304, 336]]
[710, [2, 3, 7, 140, 143, 195, 220]]
[711, [2, 4, 5, 24, 156, 520]]
[712, [2, 3, 10, 17, 170, 510]]
[713, [2, 3, 7, 132, 156, 182, 231]]
[714, [2, 3, 8, 38, 136, 204, 323]]
[715, [2, 3, 10, 25, 50, 250, 375]]
[716, [2, 3, 7, 133, 147, 196, 228]]
[717, [2, 3, 8, 28, 312, 364]]
[718, [2, 3, 7, 132, 147, 196, 231]]
[719, [2, 3, 8, 30, 156, 520]]
[720, [2, 3, 8, 42, 114, 152, 399]]
[721, [2, 3, 7, 84, 100, 525]]
[722, [2, 3, 8, 33, 104, 572]]
[723, [2, 3, 7, 133, 140, 210, 228]]
[724, [2, 4, 5, 23, 230, 460]]
[725, [2, 3, 7, 132, 140, 210, 231]]
[726, [2, 3, 7, 120, 160, 210, 224]]
[727, [2, 3, 8, 28, 294, 392]]
[728, [2, 3, 14, 25, 28, 56, 600]]
[729, [2, 3, 7, 77, 112, 528]]
[730, [2, 3, 7, 68, 140, 510]]
[731, [2, 3, 7, 133, 152, 168, 266]]
[732, [2, 3, 13, 17, 34, 663]]
[733, [2, 3, 8, 44, 104, 143, 429]]
[734, [2, 3, 7, 57, 266, 399]]
[735, [2, 3, 8, 42, 120, 140, 420]]
[736, [2, 3, 7, 132, 133, 228, 231]]
[737, [2, 3, 8, 48, 52, 624]]
[738, [2, 3, 8, 42, 105, 170, 408]]
[739, [2, 3, 14, 16, 32, 672]]
[740, [2, 3, 10, 20, 100, 275, 330]]
[741, [2, 3, 8, 28, 280, 420]]
[742, [2, 3, 7, 112, 168, 210, 240]]
[743, [2, 5, 6, 8, 152, 570]]
[744, [2, 3, 7, 56, 312, 364]]
[745, [2, 4, 7, 10, 190, 532]]
[746, [2, 3, 8, 48, 80, 165, 440]]
[747, [2, 4, 6, 13, 228, 494]]
[748, [2, 3, 7, 112, 160, 224, 240]]
[749, [2, 3, 7, 119, 168, 170, 280]]
[750, [2, 3, 7, 120, 156, 182, 280]]
[751, [2, 3, 8, 40, 120, 170, 408]]
[752, [2, 3, 12, 13, 228, 494]]
[753, [2, 4, 6, 15, 66, 660]]
[754, [2, 3, 7, 56, 294, 392]]
[755, [2, 3, 7, 114, 154, 209, 266]]
[756, [2, 4, 5, 25, 120, 600]]
[757, [2, 3, 7, 80, 105, 560]]
[758, [2, 3, 7, 60, 196, 490]]
[759, [2, 4, 5, 33, 55, 660]]
[760, [2, 4, 5, 23, 220, 506]]
[761, [2, 3, 10, 20, 66, 660]]
[762, [2, 3, 7, 120, 140, 210, 280]]
[763, [2, 3, 8, 28, 266, 456]]
[764, [2, 3, 7, 66, 147, 539]]
[765, [2, 3, 8, 30, 152, 570]]
[766, [2, 3, 8, 56, 57, 304, 336]]
[767, [2, 3, 8, 28, 264, 462]]
[768, [2, 3, 7, 56, 280, 420]]
[769, [2, 3, 7, 105, 168, 220, 264]]
[770, [2, 3, 8, 35, 192, 210, 320]]
[771, [2, 5, 6, 8, 150, 600]]
[772, [2, 3, 7, 105, 175, 200, 280]]
[773, [2, 3, 7, 104, 182, 195, 280]]
[774, [2, 3, 10, 23, 46, 690]]
[775, [2, 3, 7, 105, 168, 210, 280]]
[776, [2, 3, 7, 112, 168, 176, 308]]
[777, [2, 3, 7, 102, 170, 238, 255]]
[778, [2, 3, 8, 40, 100, 250, 375]]
[779, [2, 3, 8, 40, 66, 660]]
[780, [2, 3, 14, 15, 60, 98, 588]]
[781, [2, 3, 7, 105, 160, 224, 280]]
[782, [2, 3, 7, 55, 330, 385]]
[783, [2, 3, 10, 28, 40, 280, 420]]
[784, [2, 3, 7, 112, 140, 240, 280]]
[785, [2, 4, 5, 24, 150, 600]]
[786, [2, 3, 8, 34, 220, 255, 264]]
[787, [2, 4, 5, 26, 100, 650]]
[788, [2, 3, 8, 40, 105, 210, 420]]
[789, [2, 3, 10, 21, 77, 286, 390]]
[790, [2, 3, 7, 56, 266, 456]]
[791, [2, 3, 7, 110, 140, 253, 276]]
[792, [2, 3, 7, 105, 168, 195, 312]]
[793, [2, 3, 8, 30, 150, 600]]
[794, [2, 3, 7, 56, 264, 462]]
[795, [2, 3, 7, 55, 308, 420]]
[796, [2, 4, 5, 35, 50, 700]]
[797, [2, 3, 7, 100, 175, 210, 300]]
[798, [2, 3, 7, 112, 156, 182, 336]]
[799, [2, 3, 12, 14, 96, 672]]
[800, [2, 3, 7, 120, 150, 168, 350]]
[801, [2, 3, 7, 110, 140, 231, 308]]
[802, [2, 3, 8, 34, 200, 255, 300]]
[803, [2, 3, 7, 98, 168, 245, 280]]
[804, [2, 3, 12, 15, 96, 260, 416]]
[805, [2, 3, 7, 132, 143, 154, 364]]
[806, [2, 3, 7, 120, 130, 208, 336]]
[807, [2, 3, 10, 20, 96, 260, 416]]
[808, [2, 4, 5, 33, 88, 156, 520]]
[809, [2, 3, 8, 34, 195, 255, 312]]
[810, [2, 3, 7, 112, 140, 210, 336]]
[811, [2, 3, 7, 91, 208, 240, 260]]
[812, [2, 3, 7, 110, 140, 220, 330]]
[813, [2, 3, 7, 102, 176, 187, 336]]
[814, [2, 3, 7, 105, 168, 184, 345]]
[815, [2, 3, 8, 42, 84, 312, 364]]
[816, [2, 3, 7, 96, 176, 224, 308]]
[817, [2, 3, 8, 35, 161, 240, 368]]
[818, [2, 3, 12, 14, 195, 280, 312]]
[819, [2, 3, 12, 14, 210, 238, 340]]
[820, [2, 3, 8, 44, 77, 294, 392]]
[821, [2, 3, 7, 95, 168, 266, 280]]
[822, [2, 3, 8, 39, 130, 160, 480]]
[823, [2, 3, 11, 15, 132, 660]]
[824, [2, 3, 7, 128, 140, 160, 384]]
[825, [2, 3, 7, 91, 190, 247, 285]]
[826, [2, 3, 10, 20, 105, 196, 490]]
[827, [2, 3, 7, 91, 195, 230, 299]]
[828, [2, 3, 7, 104, 140, 260, 312]]
[829, [2, 3, 7, 57, 228, 532]]
[830, [2, 3, 7, 100, 168, 200, 350]]
[831, [2, 3, 7, 88, 220, 231, 280]]
[832, [2, 3, 7, 105, 156, 195, 364]]
[833, [2, 3, 7, 105, 140, 240, 336]]
[834, [2, 3, 8, 40, 95, 266, 420]]
[835, [2, 3, 7, 105, 140, 238, 340]]
[836, [2, 3, 7, 96, 168, 224, 336]]
[837, [2, 3, 10, 22, 65, 273, 462]]
[838, [2, 3, 7, 100, 150, 240, 336]]
[839, [2, 3, 7, 98, 154, 245, 330]]
[840, [2, 3, 7, 100, 150, 238, 340]]
[841, [2, 3, 8, 28, 240, 560]]
[842, [2, 3, 10, 21, 84, 190, 532]]
[843, [2, 3, 8, 35, 175, 200, 420]]
[844, [2, 3, 13, 20, 26, 780]]
[845, [2, 3, 7, 110, 143, 195, 385]]
[846, [2, 3, 7, 96, 160, 238, 340]]
[847, [2, 3, 7, 85, 238, 240, 272]]
[848, [2, 3, 8, 42, 100, 168, 525]]
[849, [2, 3, 7, 102, 140, 255, 340]]
[850, [2, 3, 7, 120, 140, 170, 408]]
[851, [2, 3, 7, 102, 165, 187, 385]]
[852, [2, 3, 8, 35, 160, 224, 420]]
[853, [2, 4, 5, 28, 132, 220, 462]]
[854, [2, 3, 8, 33, 220, 280, 308]]
[855, [2, 3, 7, 98, 150, 245, 350]]
[856, [2, 3, 7, 84, 231, 253, 276]]
[857, [2, 4, 6, 13, 208, 624]]
[858, [2, 3, 7, 102, 136, 272, 336]]
[859, [2, 3, 7, 110, 132, 220, 385]]
[860, [2, 3, 7, 84, 220, 264, 280]]
[861, [2, 3, 7, 96, 161, 224, 368]]
[862, [2, 3, 12, 13, 208, 624]]
[863, [2, 3, 7, 91, 182, 221, 357]]
[864, [2, 3, 7, 84, 96, 672]]
[865, [2, 3, 8, 42, 84, 264, 462]]
[866, [2, 3, 7, 98, 168, 196, 392]]
[867, [2, 3, 7, 100, 150, 220, 385]]
[868, [2, 3, 7, 56, 240, 560]]
[869, [2, 3, 8, 40, 96, 240, 480]]
[870, [2, 3, 10, 20, 100, 210, 525]]
[871, [2, 3, 7, 105, 130, 260, 364]]
[872, [2, 4, 6, 15, 65, 780]]
[873, [2, 3, 7, 95, 150, 266, 350]]
[874, [2, 3, 8, 35, 140, 294, 392]]
[875, [2, 3, 7, 105, 156, 182, 420]]
[876, [2, 3, 11, 15, 130, 715]]
[877, [2, 3, 12, 15, 65, 780]]
[878, [2, 3, 7, 66, 140, 660]]
[879, [2, 3, 7, 85, 204, 238, 340]]
[880, [2, 3, 10, 20, 65, 780]]
[881, [2, 3, 7, 102, 138, 238, 391]]
[882, [2, 3, 7, 84, 210, 240, 336]]
[883, [2, 3, 7, 84, 195, 280, 312]]
[884, [2, 3, 7, 84, 210, 238, 340]]
[885, [2, 3, 7, 91, 182, 210, 390]]
[886, [2, 4, 5, 28, 77, 770]]
[887, [2, 3, 7, 105, 140, 210, 420]]
[888, [2, 3, 8, 28, 231, 616]]
[889, [2, 3, 8, 52, 80, 120, 624]]
[890, [2, 3, 7, 105, 165, 168, 440]]
[891, [2, 3, 7, 110, 120, 264, 385]]
[892, [2, 4, 6, 13, 204, 663]]
[893, [2, 3, 7, 88, 168, 275, 350]]
[894, [2, 4, 6, 14, 168, 280, 420]]
[895, [2, 4, 6, 16, 51, 816]]
[896, [2, 3, 7, 91, 156, 273, 364]]
[897, [2, 3, 12, 13, 204, 663]]
[898, [2, 3, 8, 40, 65, 780]]
[899, [2, 3, 10, 25, 75, 84, 700]]
[900, [2, 3, 12, 16, 51, 816]]
[901, [2, 3, 7, 88, 176, 240, 385]]
[902, [2, 3, 8, 35, 168, 196, 490]]
[903, [2, 3, 7, 84, 182, 300, 325]]
[904, [2, 3, 7, 100, 132, 275, 385]]
[905, [2, 3, 7, 84, 184, 280, 345]]
[906, [2, 4, 8, 10, 42, 840]]
[907, [2, 3, 8, 34, 165, 255, 440]]
[908, [2, 3, 8, 50, 70, 175, 600]]
[909, [2, 3, 7, 91, 156, 260, 390]]
[910, [2, 3, 7, 80, 238, 240, 340]]
[911, [2, 3, 7, 84, 210, 220, 385]]
[912, [2, 3, 10, 22, 50, 825]]
[913, [2, 3, 7, 105, 120, 312, 364]]
[914, [2, 3, 7, 88, 165, 264, 385]]
[915, [2, 3, 7, 56, 231, 616]]
[916, [2, 3, 7, 84, 176, 308, 336]]
[917, [2, 3, 7, 102, 154, 187, 462]]
[918, [2, 3, 7, 80, 210, 280, 336]]
[919, [2, 3, 7, 91, 160, 240, 416]]
[920, [2, 4, 6, 14, 168, 264, 462]]
[921, [2, 3, 10, 24, 42, 840]]
[922, [2, 3, 7, 78, 104, 728]]
[923, [2, 3, 7, 105, 120, 294, 392]]
[924, [2, 3, 7, 96, 140, 260, 416]]
[925, [2, 3, 7, 105, 160, 168, 480]]
[926, [2, 3, 7, 77, 253, 276, 308]]
[927, [2, 3, 7, 125, 140, 150, 500]]
[928, [2, 3, 8, 48, 51, 816]]
[929, [2, 3, 8, 34, 168, 238, 476]]
[930, [2, 3, 7, 88, 154, 312, 364]]
[931, [2, 3, 7, 85, 204, 210, 420]]
[932, [2, 3, 10, 21, 56, 840]]
[933, [2, 4, 5, 40, 42, 840]]
[934, [2, 3, 8, 35, 156, 210, 520]]
[935, [2, 3, 7, 80, 195, 312, 336]]
[936, [2, 3, 8, 32, 231, 308, 352]]
[937, [2, 3, 8, 28, 224, 672]]
[938, [2, 3, 8, 35, 168, 190, 532]]
[939, [2, 3, 7, 52, 420, 455]]
[940, [2, 3, 7, 80, 192, 320, 336]]
[941, [2, 3, 7, 78, 221, 273, 357]]
[942, [2, 3, 8, 34, 160, 255, 480]]
[943, [2, 3, 7, 105, 140, 196, 490]]
[944, [2, 3, 7, 57, 210, 665]]
[945, [2, 3, 7, 77, 231, 275, 350]]
[946, [2, 3, 7, 78, 208, 312, 336]]
[947, [2, 3, 7, 60, 175, 700]]
[948, [2, 3, 7, 100, 150, 196, 490]]
[949, [2, 3, 7, 76, 240, 285, 336]]
[950, [2, 3, 7, 84, 168, 294, 392]]
[951, [2, 3, 7, 76, 238, 285, 340]]
[952, [2, 4, 5, 33, 68, 330, 510]]
[953, [2, 3, 7, 77, 221, 286, 357]]
[954, [2, 3, 7, 84, 165, 308, 385]]
[955, [2, 3, 8, 42, 60, 840]]
[956, [2, 3, 7, 76, 228, 304, 336]]
[957, [2, 3, 7, 80, 184, 336, 345]]
[958, [2, 3, 7, 91, 152, 247, 456]]
[959, [2, 3, 7, 105, 120, 266, 456]]
[960, [2, 3, 7, 84, 192, 224, 448]]
[961, [2, 3, 7, 84, 161, 336, 368]]
[962, [2, 3, 7, 80, 210, 240, 420]]
[963, [2, 3, 7, 75, 240, 300, 336]]
[964, [2, 3, 7, 56, 224, 672]]
[965, [2, 3, 7, 75, 238, 300, 340]]
[966, [2, 3, 7, 92, 140, 285, 437]]
[967, [2, 3, 7, 105, 150, 175, 525]]
[968, [2, 3, 7, 96, 140, 240, 480]]
[969, [2, 3, 8, 32, 224, 280, 420]]
[970, [2, 3, 8, 39, 112, 182, 624]]
[971, [2, 3, 7, 104, 140, 195, 520]]
[972, [2, 3, 8, 35, 84, 840]]
[973, [2, 3, 7, 110, 115, 253, 483]]
[974, [2, 3, 7, 52, 364, 546]]
[975, [2, 3, 7, 77, 204, 308, 374]]
[976, [2, 3, 7, 88, 154, 266, 456]]
[977, [2, 3, 7, 119, 130, 170, 546]]
[978, [2, 3, 7, 76, 220, 285, 385]]
[979, [2, 3, 7, 105, 112, 350, 400]]
[980, [2, 3, 7, 44, 924]]
[981, [2, 3, 7, 76, 228, 266, 399]]
[982, [2, 3, 8, 38, 95, 380, 456]]
[983, [2, 3, 7, 80, 176, 330, 385]]
[984, [2, 3, 7, 100, 150, 190, 532]]
[985, [2, 3, 7, 105, 112, 336, 420]]
[986, [2, 3, 7, 84, 168, 266, 456]]
[987, [2, 3, 7, 85, 196, 204, 490]]
[988, [2, 3, 8, 35, 140, 240, 560]]
[989, [2, 3, 8, 33, 184, 253, 506]]
[990, [2, 3, 7, 84, 168, 264, 462]]
[991, [2, 3, 7, 78, 221, 238, 442]]
[992, [2, 3, 7, 75, 220, 300, 385]]
[993, [2, 4, 7, 12, 44, 924]]
[994, [2, 3, 7, 120, 140, 152, 570]]
[995, [2, 3, 8, 32, 224, 264, 462]]
[996, [2, 3, 7, 80, 176, 308, 420]]
[997, [2, 3, 7, 65, 140, 780]]
[998, [2, 3, 7, 100, 133, 228, 525]]
[999, [2, 3, 10, 16, 440, 528]]
[1000, [2, 4, 6, 13, 195, 780]]
[1001, [2, 5, 6, 8, 140, 840]]
[1002, [2, 3, 8, 40, 102, 187, 660]]
[1003, [2, 3, 7, 76, 210, 285, 420]]
[1004, [2, 3, 8, 35, 130, 280, 546]]
[1005, [2, 3, 12, 13, 195, 780]]
[1006, [2, 3, 7, 80, 170, 336, 408]]
[1007, [2, 3, 7, 77, 187, 357, 374]]
[1008, [2, 3, 8, 35, 150, 210, 600]]
[1009, [2, 3, 8, 32, 220, 264, 480]]
[1010, [2, 3, 7, 80, 168, 350, 400]]
[1011, [2, 3, 10, 16, 420, 560]]
[1012, [2, 3, 8, 40, 84, 350, 525]]
[1013, [2, 3, 7, 78, 195, 273, 455]]
[1014, [2, 4, 7, 11, 66, 924]]
[1015, [2, 4, 5, 24, 140, 840]]
[1016, [2, 3, 7, 80, 168, 336, 420]]
[1017, [2, 3, 7, 75, 210, 300, 420]]
[1018, [2, 3, 7, 80, 196, 240, 490]]
[1019, [2, 3, 7, 105, 110, 330, 462]]
[1020, [2, 3, 7, 84, 154, 308, 462]]
[1021, [2, 3, 8, 32, 192, 336, 448]]
[1022, [2, 3, 7, 120, 140, 150, 600]]
[1023, [2, 3, 8, 30, 140, 840]]
[1024, [2, 3, 7, 52, 336, 624]]
[1025, [2, 3, 7, 77, 195, 286, 455]]
[1026, [2, 3, 7, 96, 136, 238, 544]]
[1027, [2, 3, 8, 48, 66, 240, 660]]
[1028, [2, 3, 7, 80, 168, 320, 448]]
[1029, [2, 4, 5, 39, 56, 195, 728]]
[1030, [2, 3, 8, 40, 130, 132, 715]]
[1031, [2, 3, 10, 16, 400, 600]]
[1032, [2, 3, 10, 17, 150, 850]]
[1033, [2, 3, 7, 80, 165, 336, 440]]
[1034, [2, 3, 7, 114, 140, 160, 608]]
[1035, [2, 3, 7, 105, 150, 168, 600]]
[1036, [2, 3, 7, 78, 196, 260, 490]]
[1037, [2, 3, 8, 44, 56, 924]]
[1038, [2, 3, 7, 70, 280, 312, 364]]
[1039, [2, 3, 12, 20, 42, 120, 840]]
[1040, [2, 3, 12, 20, 35, 308, 660]]
[1041, [2, 3, 7, 80, 161, 368, 420]]
[1042, [2, 3, 7, 70, 120, 840]]
[1043, [2, 3, 8, 35, 120, 350, 525]]
[1044, [2, 3, 7, 96, 120, 336, 480]]
[1045, [2, 3, 10, 16, 390, 624]]
[1046, [2, 3, 7, 110, 140, 168, 616]]
[1047, [2, 3, 10, 20, 88, 264, 660]]
[1048, [2, 3, 7, 70, 280, 294, 392]]
[1049, [2, 4, 6, 13, 192, 832]]
[1050, [2, 3, 7, 88, 147, 264, 539]]
[1051, [2, 4, 6, 15, 64, 960]]
[1052, [2, 3, 7, 84, 156, 280, 520]]
[1053, [2, 3, 12, 20, 48, 88, 880]]
[1054, [2, 3, 10, 25, 39, 975]]
[1055, [2, 3, 10, 16, 384, 640]]
[1056, [2, 3, 12, 15, 64, 960]]
[1057, [2, 4, 5, 22, 320, 704]]
[1058, [2, 3, 11, 22, 60, 80, 880]]
[1059, [2, 3, 10, 20, 64, 960]]
[1060, [2, 3, 12, 14, 147, 294, 588]]
[1061, [2, 3, 7, 69, 276, 336, 368]]
[1062, [2, 4, 5, 26, 143, 420, 462]]
[1063, [2, 3, 7, 77, 176, 336, 462]]
[1064, [2, 3, 7, 84, 168, 240, 560]]
[1065, [2, 4, 5, 30, 64, 960]]
[1066, [2, 3, 8, 32, 176, 416, 429]]
[1067, [2, 3, 7, 77, 210, 240, 528]]
[1068, [2, 3, 7, 55, 231, 770]]
[1069, [2, 3, 7, 78, 165, 385, 429]]
[1070, [2, 3, 7, 85, 140, 357, 476]]
[1071, [2, 3, 7, 84, 150, 300, 525]]
[1072, [2, 3, 7, 70, 240, 350, 400]]
[1073, [2, 3, 7, 75, 196, 300, 490]]
[1074, [2, 3, 10, 21, 70, 308, 660]]
[1075, [2, 4, 5, 35, 49, 980]]
[1076, [2, 3, 8, 51, 84, 112, 816]]
[1077, [2, 3, 8, 40, 64, 960]]
[1078, [2, 3, 7, 70, 240, 336, 420]]
[1079, [2, 5, 6, 8, 138, 920]]
[1080, [2, 3, 7, 60, 168, 840]]
[1081, [2, 3, 7, 84, 140, 390, 455]]
[1082, [2, 3, 7, 77, 168, 385, 440]]
[1083, [2, 3, 7, 84, 140, 385, 462]]
[1084, [2, 4, 6, 14, 92, 966]]
[1085, [2, 3, 7, 100, 112, 336, 525]]
[1086, [2, 3, 8, 33, 156, 312, 572]]
[1087, [2, 3, 7, 85, 140, 340, 510]]
[1088, [2, 3, 7, 70, 264, 280, 462]]
[1089, [2, 3, 10, 16, 368, 690]]
[1090, [2, 3, 7, 70, 240, 320, 448]]
[1091, [2, 3, 8, 28, 210, 840]]
[1092, [2, 3, 7, 75, 200, 280, 525]]
[1093, [2, 4, 5, 24, 138, 920]]
[1094, [2, 3, 7, 95, 140, 220, 627]]
[1095, [2, 3, 7, 76, 190, 285, 532]]
[1096, [2, 3, 7, 68, 272, 336, 408]]
[1097, [2, 3, 7, 100, 140, 195, 650]]
[1098, [2, 3, 7, 84, 152, 280, 570]]
[1099, [2, 3, 7, 77, 165, 390, 455]]
[1100, [2, 3, 7, 80, 168, 280, 560]]
[1101, [2, 3, 8, 30, 138, 920]]
[1102, [2, 3, 10, 22, 65, 220, 780]]
[1103, [2, 3, 7, 77, 182, 286, 546]]
[1104, [2, 3, 7, 52, 312, 728]]
[1105, [2, 3, 7, 70, 231, 330, 462]]
[1106, [2, 3, 10, 21, 70, 300, 700]]
[1107, [2, 3, 7, 70, 220, 385, 420]]
[1108, [2, 3, 8, 39, 120, 156, 780]]
[1109, [2, 3, 7, 75, 175, 385, 462]]
[1110, [2, 3, 7, 84, 182, 208, 624]]
[1111, [2, 4, 5, 22, 308, 770]]
[1112, [2, 4, 7, 10, 165, 924]]
[1113, [2, 3, 8, 32, 168, 420, 480]]
[1114, [2, 3, 8, 55, 66, 140, 840]]
[1115, [2, 3, 7, 70, 221, 357, 455]]
[1116, [2, 4, 5, 34, 51, 1020]]
[1117, [2, 3, 7, 69, 240, 336, 460]]
[1118, [2, 3, 7, 56, 210, 840]]
[1119, [2, 3, 7, 69, 238, 340, 460]]
[1120, [2, 3, 7, 50, 483, 575]]
[1121, [2, 3, 7, 77, 165, 357, 510]]
[1122, [2, 3, 7, 70, 224, 336, 480]]
[1123, [2, 3, 7, 96, 147, 196, 672]]
[1124, [2, 3, 8, 33, 154, 308, 616]]
[1125, [2, 3, 7, 84, 147, 294, 588]]
[1126, [2, 3, 14, 19, 24, 1064]]
[1127, [2, 3, 7, 80, 168, 272, 595]]
[1128, [2, 3, 8, 32, 190, 285, 608]]
[1129, [2, 3, 7, 75, 175, 357, 510]]
[1130, [2, 3, 11, 14, 330, 770]]
[1131, [2, 3, 8, 39, 104, 195, 780]]
[1132, [2, 3, 7, 84, 140, 336, 560]]
[1133, [2, 3, 7, 91, 120, 390, 520]]
[1134, [2, 3, 7, 51, 357, 714]]
[1135, [2, 3, 7, 78, 154, 429, 462]]
[1136, [2, 3, 7, 66, 304, 336, 418]]
[1137, [2, 3, 7, 70, 210, 390, 455]]
[1138, [2, 4, 5, 23, 184, 920]]
[1139, [2, 3, 7, 66, 286, 385, 390]]
[1140, [2, 3, 8, 35, 112, 420, 560]]
[1141, [2, 3, 7, 96, 133, 228, 672]]
[1142, [2, 3, 10, 19, 120, 228, 760]]
[1143, [2, 3, 7, 96, 132, 231, 672]]
[1144, [2, 3, 8, 39, 91, 273, 728]]
[1145, [2, 3, 7, 84, 182, 204, 663]]
[1146, [2, 3, 7, 69, 220, 385, 460]]
[1147, [2, 3, 8, 30, 320, 336, 448]]
[1148, [2, 3, 10, 20, 84, 294, 735]]
[1149, [2, 3, 7, 75, 176, 336, 550]]
[1150, [2, 3, 7, 77, 165, 336, 560]]
[1151, [2, 3, 7, 68, 238, 357, 476]]
[1152, [2, 3, 7, 80, 150, 350, 560]]
[1153, [2, 3, 8, 40, 120, 140, 840]]
[1154, [2, 3, 7, 84, 92, 966]]
[1155, [2, 3, 10, 19, 133, 190, 798]]
[1156, [2, 3, 7, 78, 156, 364, 546]]
[1157, [2, 3, 7, 70, 230, 299, 546]]
[1158, [2, 4, 5, 22, 300, 825]]
[1159, [2, 3, 7, 70, 210, 357, 510]]
[1160, [2, 3, 7, 84, 133, 399, 532]]
[1161, [2, 3, 7, 60, 165, 924]]
[1162, [2, 3, 7, 70, 240, 280, 560]]
[1163, [2, 3, 10, 30, 35, 285, 798]]
[1164, [2, 4, 5, 28, 75, 1050]]
[1165, [2, 3, 7, 66, 275, 350, 462]]
[1166, [2, 3, 7, 68, 240, 336, 510]]
[1167, [2, 3, 7, 66, 264, 385, 440]]
[1168, [2, 3, 7, 68, 238, 340, 510]]
[1169, [2, 3, 7, 104, 130, 195, 728]]
[1170, [2, 3, 8, 30, 280, 385, 462]]
[1171, [2, 3, 7, 69, 210, 420, 460]]
[1172, [2, 5, 6, 12, 22, 300, 825]]
[1173, [2, 3, 8, 32, 160, 440, 528]]
[1174, [2, 5, 7, 8, 32, 1120]]
[1175, [2, 3, 10, 22, 60, 308, 770]]
[1176, [2, 3, 7, 64, 140, 960]]
[1177, [2, 5, 6, 8, 136, 1020]]
[1178, [2, 3, 7, 80, 150, 336, 600]]
[1179, [2, 3, 7, 77, 210, 220, 660]]
[1180, [2, 3, 7, 78, 154, 364, 572]]
[1181, [2, 3, 7, 77, 168, 308, 616]]
[1182, [2, 3, 7, 50, 420, 700]]
[1183, [2, 3, 10, 24, 64, 120, 960]]
[1184, [2, 3, 8, 35, 112, 384, 640]]
[1185, [2, 3, 7, 102, 119, 238, 714]]
[1186, [2, 3, 11, 24, 46, 88, 1012]]
[1187, [2, 3, 10, 16, 340, 816]]
[1188, [2, 3, 7, 70, 196, 420, 490]]
[1189, [2, 3, 7, 70, 240, 272, 595]]
[1190, [2, 3, 8, 30, 280, 357, 510]]
[1191, [2, 4, 5, 24, 136, 1020]]
[1192, [2, 3, 7, 84, 130, 420, 546]]
[1193, [2, 3, 15, 20, 28, 75, 1050]]
[1194, [2, 3, 11, 22, 34, 1122]]
[1195, [2, 3, 7, 65, 273, 390, 455]]
[1196, [2, 3, 8, 33, 136, 442, 572]]
[1197, [2, 3, 8, 28, 204, 952]]
[1198, [2, 3, 8, 33, 96, 1056]]
[1199, [2, 3, 8, 30, 136, 1020]]
[1200, [2, 3, 7, 64, 312, 364, 448]]
[1201, [2, 3, 8, 32, 156, 480, 520]]
[1202, [2, 3, 7, 70, 192, 448, 480]]
[1203, [2, 3, 12, 16, 92, 112, 966]]
[1204, [2, 3, 7, 80, 160, 280, 672]]
[1205, [2, 3, 7, 68, 224, 357, 544]]
[1206, [2, 3, 7, 66, 264, 336, 528]]
[1207, [2, 3, 10, 16, 336, 840]]
[1208, [2, 3, 8, 52, 65, 168, 910]]
[1209, [2, 4, 6, 14, 91, 1092]]
[1210, [2, 3, 7, 64, 294, 392, 448]]
[1211, [2, 3, 7, 55, 220, 924]]
[1212, [2, 3, 7, 64, 320, 336, 480]]
[1213, [2, 3, 7, 70, 195, 390, 546]]
[1214, [2, 3, 12, 14, 91, 1092]]
[1215, [2, 3, 7, 51, 336, 816]]
[1216, [2, 3, 8, 30, 255, 408, 510]]
[1217, [2, 3, 7, 65, 273, 357, 510]]
[1218, [2, 3, 8, 35, 112, 368, 690]]
[1219, [2, 4, 5, 32, 56, 1120]]
[1220, [2, 3, 7, 68, 210, 420, 510]]
[1221, [2, 3, 7, 70, 204, 340, 595]]
[1222, [2, 3, 7, 77, 165, 308, 660]]
[1223, [2, 3, 7, 80, 195, 208, 728]]
[1224, [2, 3, 7, 56, 204, 952]]
[1225, [2, 3, 7, 65, 273, 350, 525]]
[1226, [2, 3, 8, 34, 176, 187, 816]]
[1227, [2, 3, 7, 69, 196, 460, 490]]
[1228, [2, 3, 7, 76, 152, 456, 532]]
[1229, [2, 3, 7, 95, 110, 385, 627]]
[1230, [2, 3, 7, 75, 175, 308, 660]]
[1231, [2, 3, 7, 66, 240, 385, 528]]
[1232, [2, 3, 7, 70, 200, 350, 600]]
[1233, [2, 3, 8, 42, 78, 260, 840]]
[1234, [2, 3, 7, 91, 156, 195, 780]]
[1235, [2, 3, 8, 40, 104, 168, 910]]
[1236, [2, 3, 7, 84, 140, 300, 700]]
[1237, [2, 3, 7, 77, 147, 462, 539]]
[1238, [2, 3, 8, 35, 140, 210, 840]]
[1239, [2, 3, 8, 50, 56, 420, 700]]
[1240, [2, 3, 8, 39, 130, 138, 920]]
[1241, [2, 3, 10, 16, 330, 880]]
[1242, [2, 3, 7, 75, 105, 1050]]
[1243, [2, 3, 8, 39, 91, 260, 840]]
[1244, [2, 3, 7, 49, 546, 637]]
[1245, [2, 3, 7, 76, 150, 475, 532]]
[1246, [2, 3, 10, 21, 55, 1155]]
[1247, [2, 3, 7, 65, 260, 364, 546]]
[1248, [2, 3, 7, 76, 175, 285, 700]]
[1249, [2, 3, 8, 35, 133, 228, 840]]
[1250, [2, 3, 10, 19, 76, 1140]]
[1251, [2, 3, 7, 66, 238, 374, 561]]
[1252, [2, 3, 7, 84, 132, 352, 672]]
[1253, [2, 3, 7, 75, 154, 462, 550]]
[1254, [2, 3, 7, 77, 165, 300, 700]]
[1255, [2, 3, 8, 34, 120, 408, 680]]
[1256, [2, 3, 7, 66, 228, 418, 532]]
[1257, [2, 3, 8, 34, 88, 1122]]
[1258, [2, 3, 7, 70, 224, 280, 672]]
[1259, [2, 3, 7, 78, 168, 273, 728]]
[1260, [2, 3, 7, 70, 210, 308, 660]]
[1261, [2, 3, 7, 68, 221, 336, 624]]
[1262, [2, 3, 8, 39, 66, 1144]]
[1263, [2, 3, 7, 69, 190, 460, 532]]
[1264, [2, 3, 11, 16, 132, 220, 880]]
[1265, [2, 3, 7, 70, 182, 455, 546]]
[1266, [2, 3, 7, 66, 264, 308, 616]]
[1267, [2, 3, 7, 65, 238, 442, 510]]
[1268, [2, 3, 8, 30, 245, 392, 588]]
[1269, [2, 3, 7, 80, 176, 231, 770]]
[1270, [2, 3, 8, 32, 105, 1120]]
[1271, [2, 3, 7, 77, 168, 286, 728]]
[1272, [2, 3, 7, 50, 385, 825]]
[1273, [2, 3, 7, 91, 130, 260, 780]]
[1274, [2, 3, 7, 52, 286, 924]]
[1275, [2, 3, 8, 32, 150, 480, 600]]
[1276, [2, 3, 7, 68, 196, 490, 510]]
[1277, [2, 3, 7, 70, 195, 350, 650]]
[1278, [2, 4, 6, 16, 50, 1200]]
[1279, [2, 3, 7, 84, 91, 1092]]
[1280, [2, 3, 7, 84, 128, 384, 672]]
[1281, [2, 3, 7, 91, 133, 247, 798]]
[1282, [2, 3, 7, 88, 132, 280, 770]]
[1283, [2, 3, 12, 16, 50, 1200]]
[1284, [2, 3, 8, 30, 238, 408, 595]]
[1285, [2, 3, 7, 105, 110, 253, 805]]
[1286, [2, 3, 7, 49, 490, 735]]
[1287, [2, 3, 7, 105, 120, 210, 840]]
[1288, [2, 3, 7, 78, 140, 460, 598]]
[1289, [2, 3, 8, 26, 600, 650]]
[1290, [2, 3, 7, 80, 140, 368, 690]]
[1291, [2, 3, 8, 28, 200, 1050]]
[1292, [2, 3, 7, 70, 210, 300, 700]]
[1293, [2, 3, 10, 30, 38, 165, 1045]]
[1294, [2, 3, 8, 50, 75, 136, 1020]]
[1295, [2, 3, 7, 75, 150, 483, 575]]
[1296, [2, 3, 11, 16, 120, 264, 880]]
[1297, [2, 3, 7, 65, 260, 336, 624]]
[1298, [2, 3, 11, 16, 110, 340, 816]]
[1299, [2, 4, 6, 13, 182, 1092]]
[1300, [2, 3, 7, 69, 184, 483, 552]]
[1301, [2, 3, 7, 95, 105, 462, 627]]
[1302, [2, 3, 7, 84, 182, 192, 832]]
[1303, [2, 4, 7, 10, 160, 1120]]
[1304, [2, 3, 12, 13, 182, 1092]]
[1305, [2, 3, 7, 96, 105, 420, 672]]
[1306, [2, 3, 12, 17, 48, 408, 816]]
[1307, [2, 3, 7, 77, 168, 280, 770]]
[1308, [2, 3, 7, 80, 96, 1120]]
[1309, [2, 3, 7, 78, 138, 483, 598]]
[1310, [2, 3, 8, 30, 231, 420, 616]]
[1311, [2, 3, 8, 48, 50, 1200]]
[1312, [2, 3, 7, 50, 375, 875]]
[1313, [2, 3, 8, 26, 546, 728]]
[1314, [2, 3, 7, 66, 240, 336, 660]]
[1315, [2, 3, 7, 70, 175, 483, 575]]
[1316, [2, 3, 7, 66, 238, 340, 660]]
[1317, [2, 3, 7, 66, 210, 490, 539]]
[1318, [2, 3, 7, 56, 200, 1050]]
[1319, [2, 3, 7, 78, 140, 429, 660]]
[1320, [2, 3, 7, 84, 160, 224, 840]]
[1321, [2, 3, 7, 70, 210, 294, 735]]
[1322, [2, 3, 8, 33, 176, 220, 880]]
[1323, [2, 3, 7, 75, 147, 539, 550]]
[1324, [2, 3, 7, 64, 240, 448, 560]]
[1325, [2, 3, 7, 85, 140, 272, 816]]
[1326, [2, 3, 8, 42, 88, 182, 1001]]
[1327, [2, 3, 8, 39, 100, 200, 975]]
[1328, [2, 3, 7, 80, 130, 546, 560]]
[1329, [2, 3, 8, 40, 120, 136, 1020]]
[1330, [2, 3, 7, 120, 138, 140, 920]]
[1331, [2, 3, 8, 30, 264, 320, 704]]
[1332, [2, 3, 11, 22, 44, 150, 1100]]
[1333, [2, 3, 7, 66, 231, 352, 672]]
[1334, [2, 3, 7, 104, 140, 168, 910]]
[1335, [2, 3, 7, 85, 150, 238, 850]]
[1336, [2, 3, 8, 35, 105, 455, 728]]
[1337, [2, 3, 7, 60, 390, 420, 455]]
[1338, [2, 3, 8, 39, 130, 136, 1020]]
[1339, [2, 3, 8, 26, 520, 780]]
[1340, [2, 3, 7, 80, 168, 240, 840]]
[1341, [2, 3, 7, 68, 221, 312, 728]]
[1342, [2, 3, 8, 44, 65, 440, 780]]
[1343, [2, 3, 7, 66, 220, 385, 660]]
[1344, [2, 3, 7, 66, 210, 440, 616]]
[1345, [2, 3, 7, 75, 175, 285, 798]]
[1346, [2, 3, 7, 105, 140, 165, 924]]
[1347, [2, 3, 15, 17, 35, 85, 1190]]
[1348, [2, 3, 7, 64, 280, 320, 672]]
[1349, [2, 3, 10, 17, 280, 357, 680]]
[1350, [2, 3, 7, 65, 273, 300, 700]]
[1351, [3, 4, 5, 8, 11, 1320]]
[1352, [2, 3, 7, 60, 160, 1120]]
[1353, [2, 3, 8, 40, 75, 525, 700]]
[1354, [2, 3, 12, 14, 140, 273, 910]]
[1355, [2, 3, 7, 68, 204, 357, 714]]
[1356, [2, 3, 7, 66, 264, 286, 728]]
[1357, [2, 3, 7, 70, 170, 510, 595]]
[1358, [2, 5, 8, 11, 12, 1320]]
[1359, [2, 3, 7, 60, 357, 420, 510]]
[1360, [2, 3, 7, 60, 345, 460, 483]]
[1361, [2, 3, 7, 78, 182, 231, 858]]
[1362, [2, 3, 11, 15, 121, 1210]]
[1363, [2, 3, 8, 30, 220, 440, 660]]
[1364, [2, 4, 6, 14, 138, 280, 920]]
[1365, [2, 3, 8, 56, 80, 96, 1120]]
[1366, [2, 4, 5, 30, 75, 500, 750]]
[1367, [2, 3, 7, 60, 350, 420, 525]]
[1368, [2, 5, 6, 11, 24, 1320]]
[1369, [2, 3, 8, 33, 168, 231, 924]]
[1370, [2, 3, 8, 35, 112, 330, 880]]
[1371, [2, 3, 7, 64, 231, 448, 616]]
[1372, [2, 3, 7, 60, 364, 390, 546]]
[1373, [2, 3, 8, 50, 60, 250, 1000]]
[1374, [2, 3, 7, 77, 165, 280, 840]]
[1375, [2, 4, 8, 11, 30, 1320]]
[1376, [2, 3, 7, 60, 336, 440, 528]]
[1377, [2, 3, 7, 65, 260, 312, 728]]
[1378, [2, 3, 7, 104, 112, 240, 910]]
[1379, [2, 3, 7, 65, 273, 294, 735]]
[1380, [2, 3, 7, 64, 264, 336, 704]]
[1381, [2, 3, 7, 76, 168, 285, 840]]
[1382, [2, 3, 7, 60, 350, 400, 560]]
[1383, [2, 3, 10, 16, 312, 1040]]
[1384, [2, 3, 7, 76, 140, 510, 646]]
[1385, [2, 3, 7, 88, 152, 209, 924]]
[1386, [2, 3, 11, 19, 56, 231, 1064]]
[1387, [2, 3, 8, 30, 256, 320, 768]]
[1388, [2, 3, 7, 60, 336, 420, 560]]
[1389, [2, 3, 8, 38, 84, 456, 798]]
[1390, [2, 3, 11, 24, 30, 1320]]
[1391, [2, 3, 7, 65, 208, 546, 560]]
[1392, [2, 3, 7, 66, 264, 280, 770]]
[1393, [2, 3, 7, 105, 120, 204, 952]]
[1394, [2, 3, 11, 25, 33, 220, 1100]]
[1395, [2, 3, 7, 75, 168, 300, 840]]
[1396, [2, 3, 11, 20, 40, 1320]]
[1397, [2, 3, 8, 32, 104, 1248]]
[1398, [2, 3, 8, 42, 68, 595, 680]]
[1399, [2, 3, 7, 84, 120, 455, 728]]
[1400, [2, 3, 7, 60, 320, 448, 560]]
[1401, [2, 3, 7, 66, 196, 539, 588]]
[1402, [2, 3, 11, 14, 294, 1078]]
[1403, [2, 3, 7, 70, 165, 561, 595]]
[1404, [2, 3, 8, 39, 78, 546, 728]]
[1405, [2, 3, 7, 64, 240, 385, 704]]
[1406, [2, 3, 7, 68, 238, 272, 816]]
[1407, [2, 4, 5, 26, 120, 600, 650]]
[1408, [2, 4, 5, 22, 275, 1100]]
[1409, [2, 3, 7, 60, 308, 490, 539]]
[1410, [2, 3, 7, 88, 154, 204, 952]]
[1411, [2, 3, 7, 77, 156, 308, 858]]
[1412, [2, 3, 7, 48, 624, 728]]
[1413, [2, 3, 8, 28, 196, 1176]]
[1414, [2, 3, 8, 35, 136, 210, 1020]]
[1415, [2, 3, 8, 32, 160, 330, 880]]
[1416, [2, 3, 7, 69, 175, 460, 700]]
[1417, [2, 3, 8, 32, 140, 560, 672]]
[1418, [2, 3, 8, 48, 69, 184, 1104]]
[1419, [2, 3, 7, 77, 140, 420, 770]]
[1420, [2, 3, 7, 64, 224, 448, 672]]
[1421, [2, 3, 7, 78, 161, 273, 897]]
[1422, [2, 3, 7, 60, 336, 390, 624]]
[1423, [2, 3, 7, 91, 150, 195, 975]]
[1424, [2, 3, 7, 66, 196, 490, 660]]
[1425, [2, 3, 7, 84, 119, 462, 748]]
[1426, [2, 3, 7, 84, 120, 440, 770]]
[1427, [2, 3, 10, 22, 70, 165, 1155]]
[1428, [2, 3, 7, 120, 136, 140, 1020]]
[1429, [2, 3, 7, 52, 273, 1092]]
[1430, [2, 3, 7, 60, 300, 483, 575]]
[1431, [2, 3, 7, 92, 133, 228, 966]]
[1432, [2, 3, 7, 48, 588, 784]]
[1433, [2, 3, 7, 65, 240, 336, 780]]
[1434, [2, 3, 7, 70, 192, 320, 840]]
[1435, [2, 3, 7, 65, 238, 340, 780]]
[1436, [2, 3, 7, 60, 308, 440, 616]]
[1437, [2, 3, 7, 75, 140, 550, 660]]
[1438, [2, 3, 8, 35, 140, 200, 1050]]
[1439, [2, 3, 7, 78, 165, 260, 924]]
[1440, [2, 3, 7, 56, 196, 1176]]
[1441, [2, 3, 7, 105, 136, 168, 1020]]
[1442, [2, 3, 7, 80, 140, 330, 880]]
[1443, [2, 3, 7, 65, 210, 442, 714]]
[1444, [2, 3, 7, 60, 294, 490, 588]]
[1445, [2, 3, 7, 69, 168, 552, 644]]
[1446, [2, 3, 8, 40, 91, 210, 1092]]
[1447, [2, 3, 7, 60, 330, 385, 660]]
[1448, [2, 3, 8, 35, 100, 600, 700]]
[1449, [2, 3, 12, 14, 168, 200, 1050]]
[1450, [2, 3, 10, 19, 112, 240, 1064]]
[1451, [2, 3, 7, 70, 184, 345, 840]]
[1452, [2, 3, 7, 75, 140, 525, 700]]
[1453, [2, 3, 8, 30, 200, 550, 660]]
[1454, [2, 3, 8, 44, 66, 363, 968]]
[1455, [2, 3, 10, 28, 40, 196, 1176]]
[1456, [2, 3, 7, 78, 156, 286, 924]]
[1457, [2, 3, 7, 91, 104, 600, 650]]
[1458, [2, 3, 8, 34, 136, 255, 1020]]
[1459, [2, 3, 7, 60, 285, 532, 570]]
[1460, [2, 3, 7, 48, 560, 840]]
[1461, [2, 3, 7, 49, 420, 980]]
[1462, [2, 3, 7, 50, 350, 1050]]
[1463, [2, 3, 7, 60, 308, 418, 665]]
[1464, [2, 3, 7, 85, 119, 408, 840]]
[1465, [2, 3, 7, 68, 175, 510, 700]]
[1466, [2, 3, 7, 60, 336, 368, 690]]
[1467, [2, 3, 7, 70, 175, 385, 825]]
[1468, [2, 3, 7, 78, 130, 520, 728]]
[1469, [2, 3, 8, 48, 56, 624, 728]]
[1470, [2, 3, 7, 65, 273, 280, 840]]
[1471, [2, 3, 11, 15, 120, 1320]]
[1472, [2, 3, 10, 22, 60, 275, 1100]]
[1473, [2, 5, 6, 8, 132, 1320]]
[1474, [2, 3, 7, 70, 160, 560, 672]]
[1475, [2, 3, 10, 16, 304, 1140]]
[1476, [2, 3, 7, 75, 165, 300, 924]]
[1477, [2, 3, 7, 60, 280, 525, 600]]
[1478, [2, 3, 8, 40, 95, 190, 1140]]
[1479, [2, 4, 7, 17, 21, 1428]]
[1480, [2, 3, 10, 17, 272, 336, 840]]
[1481, [2, 3, 7, 60, 320, 385, 704]]
[1482, [2, 3, 8, 35, 104, 420, 910]]
[1483, [2, 3, 8, 26, 456, 988]]
[1484, [2, 4, 5, 33, 64, 320, 1056]]
[1485, [2, 3, 8, 32, 160, 320, 960]]
[1486, [2, 3, 7, 80, 138, 336, 920]]
[1487, [2, 4, 5, 24, 132, 1320]]
[1488, [2, 3, 7, 76, 152, 336, 912]]
[1489, [2, 3, 7, 80, 132, 385, 880]]
[1490, [2, 3, 7, 84, 114, 608, 672]]
[1491, [2, 3, 10, 21, 80, 175, 1200]]
[1492, [2, 3, 14, 17, 28, 1428]]
[1493, [2, 3, 8, 30, 200, 500, 750]]
[1494, [2, 3, 8, 33, 168, 224, 1056]]
[1495, [2, 3, 8, 30, 132, 1320]]
[1496, [2, 3, 8, 35, 160, 168, 1120]]
[1497, [2, 3, 8, 33, 120, 605, 726]]
[1498, [2, 3, 10, 20, 121, 132, 1210]]
[1499, [2, 4, 6, 17, 42, 1428]]
[1500, [2, 3, 7, 70, 170, 408, 840]]
