[1, 0]
[2, 0]
[3, 0]
[4, 0]
[5, [2, 3]]
[6, 0]
[7, 0]
[8, 0]
[9, 0]
[10, 0]
[11, 0]
[12, 0]
[13, 0]
[14, 0]
[15, 0]
[16, 0]
[17, 0]
[18, [2, 4, 12]]
[19, 0]
[20, 0]
[21, 0]
[22, 0]
[23, 0]
[24, 0]
[25, [3, 4, 6, 12]]
[26, 0]
[27, 0]
[28, 0]
[29, 0]
[30, 0]
[31, 0]
[32, [3, 4, 5, 20]]
[33, [2, 6, 10, 15]]
[34, 0]
[35, 0]
[36, 0]
[37, 0]
[38, 0]
[39, [2, 5, 12, 20]]
[40, [2, 6, 8, 24]]
[41, 0]
[42, 0]
[43, 0]
[44, [3, 4, 10, 12, 15]]
[45, 0]
[46, [3, 5, 6, 12, 20]]
[47, [2, 5, 10, 30]]
[48, 0]
[49, 0]
[50, 0]
[51, [3, 4, 8, 12, 24]]
[52, 0]
[53, 0]
[54, [3, 5, 6, 10, 30]]
[55, [2, 4, 21, 28]]
[56, [2, 4, 20, 30]]
[57, [2, 6, 7, 42]]
[58, 0]
[59, [2, 8, 10, 15, 24]]
[60, [4, 5, 6, 10, 15, 20]]
[61, 0]
[62, [3, 4, 6, 21, 28]]
[63, [2, 7, 12, 14, 28]]
[64, 0]
[65, [3, 4, 8, 10, 40]]
[66, [3, 6, 8, 10, 15, 24]]
[67, [4, 5, 6, 8, 20, 24]]
[68, [3, 4, 7, 12, 42]]
[69, [2, 6, 12, 21, 28]]
[70, [2, 4, 16, 48]]
[71, 0]
[72, [2, 6, 14, 15, 35]]
[73, 0]
[74, [2, 6, 11, 22, 33]]
[75, 0]
[76, [2, 5, 20, 21, 28]]
[77, [3, 4, 6, 16, 48]]
[78, [4, 5, 6, 8, 15, 40]]
[79, [3, 6, 8, 10, 12, 40]]
[80, [3, 5, 8, 10, 24, 30]]
[81, [2, 4, 15, 60]]
[82, [2, 6, 10, 24, 40]]
[83, [2, 7, 8, 24, 42]]
[84, [2, 6, 12, 16, 48]]
[85, [3, 4, 11, 12, 22, 33]]
[86, [2, 5, 14, 30, 35]]
[87, 0]
[88, [3, 4, 6, 15, 60]]
[89, [2, 10, 12, 15, 20, 30]]
[90, [3, 6, 7, 8, 24, 42]]
[91, [2, 5, 16, 20, 48]]
[92, 0]
[93, [2, 10, 11, 15, 22, 33]]
[94, [2, 7, 8, 21, 56]]
[95, [2, 6, 12, 15, 60]]
[96, [2, 8, 12, 20, 24, 30]]
[97, [3, 5, 7, 10, 30, 42]]
[98, [2, 6, 10, 20, 60]]
[99, [4, 5, 6, 14, 15, 20, 35]]
[100, [2, 8, 11, 22, 24, 33]]
[101, [2, 7, 14, 20, 28, 30]]
[102, [2, 5, 15, 20, 60]]
[103, [2, 10, 12, 15, 16, 48]]
[104, [2, 4, 14, 84]]
[105, [3, 4, 7, 21, 28, 42]]
[106, [3, 4, 7, 20, 30, 42]]
[107, [2, 6, 20, 21, 28, 30]]
[108, [3, 6, 7, 14, 20, 28, 30]]
[109, [2, 5, 12, 30, 60]]
[110, [3, 4, 5, 28, 70]]
[111, [3, 4, 6, 14, 84]]
[112, [2, 5, 14, 21, 70]]
[113, [2, 7, 12, 20, 30, 42]]
[114, [2, 6, 8, 42, 56]]
[115, [2, 7, 14, 15, 35, 42]]
[116, [2, 6, 8, 40, 60]]
[117, [2, 5, 12, 28, 70]]
[118, [2, 6, 12, 14, 84]]
[119, [3, 5, 6, 14, 21, 70]]
[120, [2, 8, 12, 14, 28, 56]]
[121, [2, 6, 14, 24, 35, 40]]
[122, [2, 6, 16, 20, 30, 48]]
[123, [2, 4, 26, 39, 52]]
[124, [2, 8, 10, 16, 40, 48]]
[125, [2, 5, 14, 20, 84]]
[126, [2, 7, 14, 15, 28, 60]]
[127, [2, 7, 12, 16, 42, 48]]
[128, [2, 4, 24, 42, 56]]
[129, [2, 11, 12, 21, 22, 28, 33]]
[130, [2, 4, 24, 40, 60]]
[131, [3, 4, 7, 15, 42, 60]]
[132, [2, 6, 15, 21, 28, 60]]
[133, [2, 6, 15, 20, 30, 60]]
[134, [2, 4, 28, 30, 70]]
[135, [2, 5, 8, 120]]
[136, [2, 7, 10, 21, 40, 56]]
[137, [2, 6, 8, 33, 88]]
[138, [2, 4, 22, 44, 66]]
[139, [3, 5, 10, 12, 14, 35, 60]]
[140, [2, 10, 14, 15, 24, 35, 40]]
[141, [2, 6, 15, 20, 28, 70]]
[142, [2, 5, 10, 50, 75]]
[143, [2, 6, 14, 21, 30, 70]]
[144, [2, 5, 12, 25, 100]]
[145, [2, 5, 10, 48, 80]]
[146, [2, 5, 21, 28, 30, 60]]
[147, [2, 4, 20, 55, 66]]
[148, [2, 4, 21, 44, 77]]
[149, [2, 5, 20, 24, 42, 56]]
[150, [2, 7, 20, 21, 28, 30, 42]]
[151, [2, 4, 20, 50, 75]]
[152, [2, 6, 12, 22, 44, 66]]
[153, [2, 4, 21, 42, 84]]
[154, [2, 4, 20, 48, 80]]
[155, [2, 5, 20, 28, 30, 70]]
[156, [3, 4, 5, 24, 120]]
[157, [3, 5, 8, 15, 16, 30, 80]]
[158, [2, 4, 19, 57, 76]]
[159, [2, 5, 20, 22, 44, 66]]
[160, [2, 5, 15, 40, 42, 56]]
[161, [2, 4, 25, 30, 100]]
[162, [2, 6, 12, 21, 44, 77]]
[163, [2, 5, 12, 24, 120]]
[164, [2, 5, 10, 42, 105]]
[165, [2, 6, 10, 35, 42, 70]]
[166, [2, 6, 8, 30, 120]]
[167, [2, 6, 12, 21, 42, 84]]
[168, [2, 6, 12, 20, 48, 80]]
[169, [2, 5, 15, 35, 42, 70]]
[170, [2, 6, 14, 16, 48, 84]]
[171, [2, 7, 10, 12, 140]]
[172, [2, 5, 20, 24, 33, 88]]
[173, [2, 4, 20, 42, 105]]
[174, [2, 5, 20, 21, 42, 84]]
[175, [2, 4, 13, 156]]
[176, [2, 6, 10, 28, 60, 70]]
[177, [2, 5, 10, 40, 120]]
[178, [3, 6, 7, 10, 12, 140]]
[179, [2, 5, 19, 20, 57, 76]]
[180, [2, 4, 24, 30, 120]]
[181, [2, 5, 14, 35, 50, 75]]
[182, [3, 4, 6, 13, 156]]
[183, [2, 5, 15, 33, 40, 88]]
[184, [2, 6, 7, 78, 91]]
[185, [2, 7, 8, 28, 56, 84]]
[186, [2, 4, 20, 40, 120]]
[187, [2, 5, 16, 24, 60, 80]]
[188, [2, 8, 10, 28, 30, 40, 70]]
[189, [2, 6, 12, 13, 156]]
[190, [2, 6, 7, 70, 105]]
[191, [2, 5, 15, 26, 65, 78]]
[192, [2, 6, 14, 16, 42, 112]]
[193, [2, 4, 17, 68, 102]]
[194, [2, 6, 12, 24, 30, 120]]
[195, [2, 4, 20, 39, 130]]
[196, [2, 5, 13, 20, 156]]
[197, [3, 4, 5, 50, 60, 75]]
[198, [2, 6, 20, 21, 28, 55, 66]]
[199, [2, 5, 15, 30, 42, 105]]
[200, [2, 5, 12, 55, 60, 66]]
[201, [2, 5, 20, 24, 30, 120]]
[202, [2, 4, 21, 35, 140]]
[203, [2, 5, 14, 28, 70, 84]]
[204, [2, 4, 40, 42, 56, 60]]
[205, [2, 7, 8, 28, 48, 112]]
[206, [2, 7, 12, 15, 30, 140]]
[207, [2, 5, 12, 48, 60, 80]]
[208, [2, 6, 10, 30, 40, 120]]
[209, [2, 6, 11, 20, 60, 110]]
[210, [2, 5, 12, 44, 70, 77]]
[211, [2, 6, 10, 24, 65, 104]]
[212, [2, 6, 8, 28, 168]]
[213, [2, 4, 35, 42, 60, 70]]
[214, [2, 5, 14, 28, 60, 105]]
[215, [2, 6, 7, 60, 140]]
[216, [2, 5, 14, 35, 40, 120]]
[217, [2, 4, 30, 55, 60, 66]]
[218, [2, 4, 16, 84, 112]]
[219, [3, 4, 5, 42, 60, 105]]
[220, [2, 7, 13, 14, 28, 156]]
[221, [2, 4, 30, 50, 60, 75]]
[222, [2, 4, 16, 80, 120]]
[223, [2, 5, 20, 21, 35, 140]]
[224, [2, 4, 30, 48, 60, 80]]
[225, [2, 4, 28, 55, 66, 70]]
[226, [2, 4, 24, 28, 168]]
[227, [2, 4, 30, 44, 70, 77]]
[228, [2, 5, 12, 38, 76, 95]]
[229, [2, 4, 28, 50, 70, 75]]
[230, [2, 5, 14, 25, 84, 100]]
[231, [2, 5, 11, 66, 70, 77]]
[232, [2, 4, 28, 48, 70, 80]]
[233, [3, 4, 6, 24, 28, 168]]
[234, [2, 4, 32, 40, 60, 96]]
[235, [2, 4, 26, 60, 65, 78]]
[236, [2, 6, 12, 16, 80, 120]]
[237, [2, 5, 12, 42, 56, 120]]
[238, [2, 6, 10, 24, 56, 140]]
[239, [2, 6, 7, 56, 168]]
[240, [2, 6, 12, 24, 28, 168]]
[241, [2, 4, 35, 40, 48, 112]]
[242, [2, 5, 15, 24, 56, 140]]
[243, [2, 4, 30, 42, 60, 105]]
[244, [2, 5, 21, 28, 48, 60, 80]]
[245, [2, 4, 28, 42, 78, 91]]
[246, [2, 5, 12, 35, 80, 112]]
[247, [2, 5, 15, 25, 50, 150]]
[248, [2, 5, 12, 39, 60, 130]]
[249, [2, 5, 11, 55, 66, 110]]
[250, [2, 4, 28, 48, 56, 112]]
[251, [2, 4, 28, 42, 70, 105]]
[252, [2, 4, 25, 55, 66, 100]]
[253, [2, 5, 11, 50, 75, 110]]
[254, [3, 4, 5, 22, 220]]
[255, [2, 4, 24, 56, 78, 91]]
[256, [2, 4, 25, 50, 75, 100]]
[257, [2, 6, 8, 55, 66, 120]]
[258, [2, 5, 15, 28, 40, 168]]
[259, [2, 4, 24, 60, 65, 104]]
[260, [2, 4, 30, 35, 84, 105]]
[261, [2, 5, 12, 22, 220]]
[262, [2, 5, 10, 35, 210]]
[263, [2, 4, 15, 110, 132]]
[264, [2, 4, 16, 66, 176]]
[265, [2, 4, 30, 39, 60, 130]]
[266, [2, 4, 15, 105, 140]]
[267, [2, 5, 12, 32, 96, 120]]
[268, [3, 5, 6, 12, 22, 220]]
[269, [2, 7, 14, 15, 21, 210]]
[270, [2, 5, 11, 44, 88, 120]]
[271, [2, 4, 15, 100, 150]]
[272, [2, 4, 30, 40, 56, 140]]
[273, [2, 4, 23, 60, 69, 115]]
[274, [2, 6, 10, 16, 240]]
[275, [2, 4, 24, 50, 75, 120]]
[276, [2, 4, 28, 42, 60, 140]]
[277, [2, 4, 15, 96, 160]]
[278, [2, 4, 16, 64, 192]]
[279, [2, 4, 33, 42, 44, 154]]
[280, [2, 4, 21, 78, 84, 91]]
[281, [2, 4, 30, 35, 70, 140]]
[282, [2, 7, 11, 12, 110, 140]]
[283, [2, 4, 21, 32, 224]]
[284, [2, 4, 30, 32, 96, 120]]
[285, [2, 4, 24, 51, 68, 136]]
[286, [2, 4, 21, 70, 84, 105]]
[287, [2, 5, 15, 20, 105, 140]]
[288, [2, 5, 11, 40, 110, 120]]
[289, [2, 4, 21, 70, 80, 112]]
[290, [2, 7, 8, 21, 84, 168]]
[291, [2, 4, 19, 38, 228]]
[292, [2, 5, 15, 20, 100, 150]]
[293, [2, 4, 28, 35, 84, 140]]
[294, [2, 4, 24, 44, 88, 132]]
[295, [2, 6, 13, 14, 78, 182]]
[296, [2, 5, 15, 24, 50, 200]]
[297, [2, 4, 24, 42, 105, 120]]
[298, [2, 5, 15, 20, 96, 160]]
[299, [2, 5, 12, 30, 100, 150]]
[300, [2, 4, 20, 78, 91, 105]]
[301, [2, 5, 13, 25, 100, 156]]
[302, [2, 4, 20, 80, 84, 112]]
[303, [2, 5, 14, 30, 42, 210]]
[304, [2, 6, 7, 51, 238]]
[305, [2, 4, 23, 46, 92, 138]]
[306, [2, 5, 10, 34, 255]]
[307, [2, 7, 11, 14, 42, 231]]
[308, [2, 4, 21, 56, 105, 120]]
[309, [2, 5, 12, 40, 50, 200]]
[310, [2, 4, 15, 85, 204]]
[311, [2, 4, 21, 60, 84, 140]]
[312, [2, 4, 24, 40, 110, 132]]
[313, [2, 5, 16, 22, 48, 220]]
[314, [2, 4, 24, 42, 88, 154]]
[315, [2, 4, 15, 84, 210]]
[316, [2, 5, 15, 39, 50, 75, 130]]
[317, [2, 7, 10, 16, 42, 240]]
[318, [2, 4, 44, 55, 66, 70, 77]]
[319, [2, 4, 22, 60, 66, 165]]
[320, [2, 4, 20, 70, 84, 140]]
[321, [2, 5, 16, 28, 70, 80, 120]]
[322, [2, 4, 16, 60, 240]]
[323, [2, 4, 28, 33, 88, 168]]
[324, [2, 4, 24, 42, 84, 168]]
[325, [2, 4, 21, 56, 88, 154]]
[326, [2, 4, 24, 40, 96, 160]]
[327, [2, 5, 10, 60, 100, 150]]
[328, [2, 4, 20, 60, 110, 132]]
[329, [2, 4, 21, 60, 77, 165]]
[330, [2, 4, 28, 32, 96, 168]]
[331, [2, 4, 20, 60, 105, 140]]
[332, [2, 6, 10, 20, 84, 210]]
[333, [2, 5, 10, 56, 120, 140]]
[334, [2, 4, 24, 38, 114, 152]]
[335, [2, 4, 21, 56, 84, 168]]
[336, [2, 4, 20, 60, 100, 150]]
[337, [2, 4, 21, 60, 75, 175]]
[338, [2, 4, 20, 70, 77, 165]]
[339, [2, 5, 10, 66, 80, 176]]
[340, [2, 4, 22, 48, 88, 176]]
[341, [2, 4, 15, 80, 240]]
[342, [2, 4, 20, 56, 120, 140]]
[343, [2, 4, 17, 48, 272]]
[344, [2, 8, 10, 14, 30, 280]]
[345, [2, 5, 12, 32, 70, 224]]
[346, [2, 4, 20, 70, 75, 175]]
[347, [2, 4, 22, 44, 110, 165]]
[348, [2, 4, 20, 66, 80, 176]]
[349, [2, 4, 28, 35, 70, 210]]
[350, [2, 6, 8, 40, 84, 210]]
[351, [2, 4, 35, 55, 66, 84, 105]]
[352, [2, 4, 21, 50, 100, 175]]
[353, [2, 4, 28, 30, 119, 170]]
[354, [2, 6, 8, 26, 312]]
[355, [2, 4, 20, 56, 105, 168]]
[356, [2, 4, 20, 55, 110, 165]]
[357, [2, 5, 14, 21, 105, 210]]
[358, [2, 4, 14, 156, 182]]
[359, [2, 4, 15, 78, 260]]
[360, [2, 4, 26, 39, 68, 221]]
[361, [2, 4, 22, 44, 102, 187]]
[362, [2, 4, 20, 64, 80, 192]]
[363, [2, 4, 14, 147, 196]]
[364, [2, 4, 20, 52, 130, 156]]
[365, [2, 4, 28, 42, 51, 238]]
[366, [2, 5, 10, 60, 85, 204]]
[367, [2, 4, 21, 60, 70, 210]]
[368, [2, 4, 24, 26, 312]]
[369, [2, 7, 8, 16, 336]]
[370, [2, 4, 14, 140, 210]]
[371, [2, 5, 10, 60, 84, 210]]
[372, [2, 6, 12, 14, 156, 182]]
[373, [2, 4, 22, 50, 75, 220]]
[374, [2, 4, 28, 32, 84, 224]]
[375, [2, 4, 20, 60, 85, 204]]
[376, [2, 4, 22, 48, 80, 220]]
[377, [2, 6, 10, 21, 65, 273]]
[378, [2, 4, 24, 48, 60, 240]]
[379, [2, 4, 21, 55, 77, 220]]
[380, [2, 5, 10, 33, 330]]
[381, [2, 4, 14, 133, 228]]
[382, [2, 4, 15, 76, 285]]
[383, [2, 4, 14, 132, 231]]
[384, [2, 5, 14, 20, 147, 196]]
[385, [2, 4, 30, 34, 60, 255]]
[386, [2, 4, 35, 44, 77, 84, 140]]
[387, [2, 5, 10, 50, 120, 200]]
[388, [2, 7, 8, 21, 70, 280]]
[389, [2, 4, 20, 33, 330]]
[390, [2, 4, 24, 40, 80, 240]]
[391, [2, 5, 14, 20, 140, 210]]
[392, [2, 4, 35, 42, 78, 91, 140]]
[393, [2, 4, 28, 34, 70, 255]]
[394, [2, 6, 8, 40, 78, 260]]
[395, [2, 4, 21, 48, 96, 224]]
[396, [2, 4, 15, 75, 300]]
[397, [2, 5, 10, 60, 80, 240]]
[398, [2, 4, 32, 44, 88, 96, 132]]
[399, [2, 6, 7, 48, 336]]
[400, [2, 4, 21, 51, 84, 238]]
[401, [2, 7, 8, 20, 84, 280]]
[402, [2, 5, 14, 20, 133, 228]]
[403, [2, 5, 10, 48, 130, 208]]
[404, [2, 4, 24, 34, 136, 204]]
[405, [2, 6, 7, 100, 140, 150]]
[406, [2, 4, 20, 60, 80, 240]]
[407, [2, 4, 21, 42, 156, 182]]
[408, [2, 4, 22, 40, 120, 220]]
[409, [2, 6, 7, 105, 119, 170]]
[410, [2, 5, 12, 30, 76, 285]]
[411, [2, 5, 10, 51, 105, 238]]
[412, [2, 4, 20, 48, 130, 208]]
[413, [2, 4, 26, 30, 156, 195]]
[414, [2, 4, 16, 56, 336]]
[415, [2, 5, 10, 60, 78, 260]]
[416, [2, 4, 28, 56, 84, 88, 154]]
[417, [2, 4, 22, 39, 130, 220]]
[418, [2, 5, 13, 22, 156, 220]]
[419, [2, 4, 21, 42, 140, 210]]
[420, [2, 4, 14, 120, 280]]
[421, [2, 5, 15, 19, 95, 285]]
[422, [2, 4, 24, 42, 70, 280]]
[423, [2, 4, 32, 39, 96, 120, 130]]
[424, [2, 4, 19, 57, 114, 228]]
[425, [2, 4, 21, 60, 65, 273]]
[426, [2, 4, 24, 80, 84, 112, 120]]
[427, [2, 6, 11, 24, 32, 352]]
[428, [2, 6, 12, 16, 56, 336]]
[429, [2, 4, 24, 49, 56, 294]]
[430, [2, 4, 21, 42, 133, 228]]
[431, [2, 4, 24, 40, 76, 285]]
[432, [2, 4, 21, 42, 132, 231]]
[433, [2, 4, 20, 55, 88, 264]]
[434, [2, 4, 20, 48, 120, 240]]
[435, [2, 5, 11, 33, 120, 264]]
[436, [2, 6, 8, 35, 105, 280]]
[437, [2, 5, 10, 56, 84, 280]]
[438, [2, 5, 10, 60, 76, 285]]
[439, [2, 4, 24, 34, 120, 255]]
[440, [2, 4, 20, 46, 138, 230]]
[441, [2, 5, 14, 20, 120, 280]]
[442, [2, 4, 21, 40, 175, 200]]
[443, [2, 4, 25, 70, 77, 100, 165]]
[444, [2, 4, 26, 40, 60, 312]]
[445, [2, 4, 21, 40, 168, 210]]
[446, [2, 4, 20, 56, 84, 280]]
[447, [2, 4, 20, 60, 76, 285]]
[448, [2, 6, 8, 32, 160, 240]]
[449, [2, 6, 7, 84, 140, 210]]
[450, [2, 4, 24, 35, 105, 280]]
[451, [2, 4, 21, 40, 160, 224]]
[452, [2, 4, 26, 30, 130, 260]]
[453, [3, 4, 5, 21, 420]]
[454, [2, 4, 21, 49, 84, 294]]
[455, [2, 4, 20, 44, 165, 220]]
[456, [2, 6, 8, 48, 56, 336]]
[457, [2, 5, 10, 48, 112, 280]]
[458, [2, 5, 10, 57, 80, 304]]
[459, [2, 4, 23, 39, 92, 299]]
[460, [2, 5, 12, 21, 420]]
[461, [2, 4, 20, 60, 75, 300]]
[462, [2, 4, 24, 32, 160, 240]]
[463, [2, 6, 7, 98, 105, 245]]
[464, [2, 4, 17, 84, 119, 238]]
[465, [2, 4, 19, 60, 95, 285]]
[466, [2, 4, 20, 48, 112, 280]]
[467, [2, 4, 20, 57, 80, 304]]
[468, [2, 4, 14, 112, 336]]
[469, [2, 4, 21, 42, 120, 280]]
[470, [2, 4, 24, 48, 56, 336]]
[471, [2, 4, 35, 40, 60, 120, 210]]
[472, [2, 4, 16, 112, 156, 182]]
[473, [2, 4, 16, 110, 165, 176]]
[474, [2, 4, 20, 49, 105, 294]]
[475, [2, 6, 7, 75, 175, 210]]
[476, [2, 4, 20, 50, 100, 300]]
[477, [2, 4, 21, 30, 420]]
[478, [2, 7, 14, 15, 20, 420]]
[479, [2, 4, 24, 56, 105, 120, 168]]
[480, [2, 4, 16, 120, 130, 208]]
[481, [2, 6, 7, 95, 105, 266]]
[482, [2, 6, 12, 14, 112, 336]]
[483, [2, 4, 25, 42, 60, 350]]
[484, [2, 4, 16, 112, 140, 210]]
[485, [2, 7, 12, 14, 30, 420]]
[486, [2, 4, 24, 64, 80, 120, 192]]
[487, [2, 4, 16, 102, 176, 187]]
[488, [2, 4, 22, 84, 88, 112, 176]]
[489, [2, 4, 28, 39, 52, 364]]
[490, [2, 4, 16, 104, 156, 208]]
[491, [2, 4, 17, 84, 112, 272]]
[492, [2, 4, 22, 80, 88, 120, 176]]
[493, [2, 4, 22, 35, 210, 220]]
[494, [2, 4, 25, 33, 100, 330]]
[495, [2, 4, 16, 112, 133, 228]]
[496, [2, 4, 24, 56, 88, 154, 168]]
[497, [2, 4, 16, 112, 132, 231]]
[498, [2, 4, 20, 56, 80, 336]]
[499, [2, 5, 8, 220, 264]]
[500, [2, 4, 25, 35, 84, 350]]
[501, [2, 5, 13, 26, 65, 390]]
[502, [2, 4, 22, 65, 110, 143, 156]]
[503, [2, 4, 26, 42, 132, 143, 154]]
[504, [2, 4, 16, 110, 132, 240]]
[505, [2, 5, 8, 210, 280]]
[506, [2, 5, 10, 48, 105, 336]]
[507, [2, 4, 16, 105, 140, 240]]
[508, [2, 4, 21, 77, 110, 140, 154]]
[509, [2, 5, 13, 21, 195, 273]]
[510, [2, 4, 16, 96, 168, 224]]
[511, [2, 4, 15, 70, 420]]
[512, [2, 4, 16, 100, 150, 240]]
[513, [2, 4, 24, 33, 120, 330]]
[514, [2, 4, 21, 77, 105, 140, 165]]
[515, [2, 5, 8, 200, 300]]
[516, [2, 4, 17, 68, 170, 255]]
[517, [2, 4, 21, 42, 112, 336]]
[518, [2, 4, 22, 28, 462]]
[519, [2, 6, 10, 21, 60, 420]]
[520, [3, 4, 5, 24, 220, 264]]
[521, [2, 4, 26, 39, 60, 390]]
[522, [2, 5, 8, 195, 312]]
[523, [2, 5, 10, 44, 132, 330]]
[524, [2, 4, 20, 96, 110, 132, 160]]
[525, [2, 6, 7, 68, 204, 238]]
[526, [2, 6, 10, 24, 44, 440]]
[527, [2, 5, 8, 192, 320]]
[528, [2, 6, 10, 20, 70, 420]]
[529, [2, 5, 10, 32, 480]]
[530, [2, 5, 10, 57, 76, 380]]
[531, [2, 4, 20, 88, 120, 132, 165]]
[532, [2, 4, 16, 102, 136, 272]]
[533, [2, 5, 12, 24, 210, 280]]
[534, [2, 4, 16, 112, 120, 280]]
[535, [2, 4, 24, 60, 70, 175, 200]]
[536, [2, 4, 22, 35, 165, 308]]
[537, [2, 4, 17, 66, 176, 272]]
[538, [2, 4, 20, 32, 480]]
[539, [2, 4, 20, 57, 76, 380]]
[540, [2, 4, 26, 28, 168, 312]]
[541, [2, 5, 10, 40, 220, 264]]
[542, [2, 4, 22, 55, 140, 154, 165]]
[543, [2, 5, 10, 42, 154, 330]]
[544, [2, 5, 8, 184, 345]]
[545, [2, 4, 14, 105, 420]]
[546, [2, 4, 24, 32, 132, 352]]
[547, [2, 5, 10, 40, 210, 280]]
[548, [3, 4, 5, 24, 192, 320]]
[549, [2, 4, 28, 35, 60, 420]]
[550, [2, 4, 15, 69, 460]]
[551, [2, 4, 16, 85, 204, 240]]
[552, [2, 4, 20, 42, 154, 330]]
[553, [2, 6, 8, 30, 195, 312]]
[554, [3, 4, 5, 35, 52, 455]]
[555, [2, 5, 12, 24, 192, 320]]
[556, [2, 4, 16, 84, 210, 240]]
[557, [2, 4, 19, 57, 95, 380]]
[558, [2, 6, 8, 30, 192, 320]]
[559, [2, 5, 10, 42, 150, 350]]
[560, [2, 4, 24, 30, 200, 300]]
[561, [2, 5, 12, 35, 52, 455]]
[562, [2, 4, 20, 84, 110, 132, 210]]
[563, [2, 6, 7, 65, 210, 273]]
[564, [2, 4, 15, 168, 175, 200]]
[565, [2, 5, 10, 48, 100, 400]]
[566, [2, 4, 17, 84, 102, 357]]
[567, [2, 4, 24, 30, 195, 312]]
[568, [2, 4, 20, 42, 150, 350]]
[569, [2, 4, 15, 156, 182, 210]]
[570, [2, 6, 8, 42, 64, 448]]
[571, [2, 5, 15, 20, 69, 460]]
[572, [2, 4, 21, 50, 75, 420]]
[573, [2, 4, 15, 160, 168, 224]]
[574, [2, 4, 15, 147, 196, 210]]
[575, [2, 4, 21, 48, 80, 420]]
[576, [2, 4, 20, 60, 70, 420]]
[577, [2, 4, 20, 77, 110, 154, 210]]
[578, [2, 4, 20, 40, 192, 320]]
[579, [2, 4, 15, 143, 195, 220]]
[580, [2, 4, 26, 28, 156, 364]]
[581, [2, 6, 11, 23, 33, 506]]
[582, [2, 4, 19, 95, 120, 152, 190]]
[583, [2, 4, 16, 105, 120, 336]]
[584, [2, 4, 24, 42, 64, 448]]
[585, [2, 4, 19, 66, 76, 418]]
[586, [2, 4, 16, 80, 220, 264]]
[587, [2, 5, 11, 30, 154, 385]]
[588, [2, 4, 20, 55, 78, 429]]
[589, [2, 4, 24, 30, 184, 345]]
[590, [2, 4, 16, 84, 176, 308]]
[591, [2, 5, 12, 32, 60, 480]]
[592, [2, 4, 15, 133, 210, 228]]
[593, [2, 5, 8, 170, 408]]
[594, [2, 4, 15, 132, 210, 231]]
[595, [2, 4, 17, 60, 240, 272]]
[596, [2, 4, 20, 80, 100, 150, 240]]
[597, [2, 4, 20, 70, 133, 140, 228]]
[598, [2, 4, 14, 102, 476]]
[599, [2, 4, 15, 68, 510]]
[600, [2, 4, 16, 78, 240, 260]]
[601, [2, 6, 8, 46, 56, 483]]
[602, [2, 4, 16, 80, 200, 300]]
[603, [2, 5, 8, 168, 420]]
[604, [2, 4, 21, 52, 70, 455]]
[605, [2, 4, 28, 42, 46, 483]]
[606, [2, 4, 15, 130, 195, 260]]
[607, [2, 4, 21, 40, 120, 420]]
[608, [2, 4, 30, 32, 60, 480]]
[609, [2, 4, 15, 140, 168, 280]]
[610, [2, 4, 16, 84, 168, 336]]
[611, [2, 4, 19, 57, 92, 437]]
[612, [2, 6, 12, 14, 102, 476]]
[613, [2, 4, 24, 33, 110, 440]]
[614, [2, 4, 16, 80, 192, 320]]
[615, [2, 4, 20, 60, 69, 460]]
[616, [2, 4, 21, 39, 130, 420]]
[617, [2, 4, 20, 52, 84, 455]]
[618, [2, 6, 7, 91, 96, 416]]
[619, [2, 4, 25, 28, 210, 350]]
[620, [2, 5, 8, 165, 440]]
[621, [2, 5, 10, 44, 120, 440]]
[622, [2, 4, 24, 40, 160, 168, 224]]
[623, [2, 4, 16, 76, 240, 285]]
[624, [2, 6, 7, 84, 105, 420]]
[625, [2, 4, 15, 120, 220, 264]]
[626, [2, 4, 21, 75, 84, 140, 300]]
[627, [2, 4, 17, 60, 204, 340]]
[628, [2, 4, 17, 44, 561]]
[629, [3, 4, 7, 10, 220, 385]]
[630, [2, 4, 16, 76, 228, 304]]
[631, [2, 4, 15, 120, 210, 280]]
[632, [2, 4, 20, 76, 105, 140, 285]]
[633, [2, 5, 10, 38, 255, 323]]
[634, [2, 6, 8, 30, 168, 420]]
[635, [2, 4, 16, 84, 161, 368]]
[636, [2, 7, 10, 12, 220, 385]]
[637, [2, 4, 16, 75, 240, 300]]
[638, [2, 4, 21, 35, 240, 336]]
[639, [2, 4, 22, 33, 204, 374]]
[640, [2, 4, 21, 35, 238, 340]]
[641, [2, 6, 8, 25, 600]]
[642, [2, 4, 15, 114, 247, 260]]
[643, [2, 4, 25, 32, 100, 480]]
[644, [2, 4, 13, 300, 325]]
[645, [2, 4, 14, 100, 525]]
[646, [2, 4, 20, 75, 105, 140, 300]]
[647, [2, 4, 21, 42, 102, 476]]
[648, [2, 4, 15, 114, 228, 285]]
[649, [2, 5, 17, 20, 44, 561]]
[650, [2, 4, 20, 39, 195, 390]]
[651, [2, 5, 10, 46, 105, 483]]
[652, [3, 4, 6, 14, 100, 525]]
[653, [2, 4, 15, 112, 240, 280]]
[654, [2, 4, 20, 40, 168, 420]]
[655, [2, 4, 24, 25, 600]]
[656, [2, 4, 13, 273, 364]]
[657, [2, 4, 20, 60, 133, 210, 228]]
[658, [2, 6, 12, 13, 300, 325]]
[659, [2, 4, 16, 105, 112, 420]]
[660, [2, 4, 15, 110, 253, 276]]
[661, [2, 4, 15, 140, 150, 350]]
[662, [2, 4, 24, 32, 120, 480]]
[663, [2, 5, 10, 38, 228, 380]]
[664, [2, 4, 20, 60, 68, 510]]
[665, [2, 4, 15, 132, 160, 352]]
[666, [2, 5, 14, 20, 100, 525]]
[667, [2, 4, 21, 35, 220, 385]]
[668, [2, 4, 21, 57, 112, 168, 304]]
[669, [2, 4, 13, 260, 390]]
[670, [2, 4, 15, 110, 231, 308]]
[671, [2, 4, 20, 40, 165, 440]]
[672, [2, 4, 20, 38, 228, 380]]
[673, [2, 4, 21, 68, 102, 119, 357]]
[674, [2, 4, 20, 60, 140, 168, 280]]
[675, [2, 4, 21, 60, 112, 140, 336]]
[676, [2, 4, 22, 32, 264, 352]]
[677, [2, 5, 13, 20, 273, 364]]
[678, [2, 4, 21, 55, 120, 168, 308]]
[679, [2, 4, 15, 112, 210, 336]]
[680, [2, 4, 16, 80, 170, 408]]
[681, [2, 4, 15, 110, 220, 330]]
[682, [2, 4, 28, 40, 48, 560]]
[683, [2, 5, 12, 24, 160, 480]]
[684, [2, 6, 7, 69, 140, 460]]
[685, [2, 4, 20, 65, 104, 210, 280]]
[686, [2, 4, 25, 30, 125, 500]]
[687, [2, 4, 17, 56, 272, 336]]
[688, [2, 4, 21, 56, 105, 200, 300]]
[689, [2, 4, 20, 77, 88, 168, 330]]
[690, [2, 4, 16, 80, 168, 420]]
[691, [2, 5, 8, 156, 520]]
[692, [2, 4, 15, 132, 154, 385]]
[693, [2, 4, 15, 128, 160, 384]]
[694, [2, 4, 19, 42, 228, 399]]
[695, [2, 6, 7, 64, 168, 448]]
[696, [2, 4, 20, 60, 120, 210, 280]]
[697, [2, 4, 15, 104, 260, 312]]
[698, [2, 4, 16, 52, 624]]
[699, [2, 4, 19, 84, 95, 210, 285]]
[700, [2, 4, 23, 33, 132, 506]]
[701, [2, 4, 20, 70, 105, 150, 350]]
[702, [2, 4, 15, 105, 240, 336]]
[703, [2, 4, 21, 56, 120, 150, 350]]
[704, [2, 4, 15, 105, 238, 340]]
[705, [2, 4, 15, 114, 190, 380]]
[706, [2, 4, 14, 98, 588]]
[707, [2, 4, 16, 80, 165, 440]]
[708, [2, 4, 16, 70, 280, 336]]
[709, [2, 4, 15, 110, 204, 374]]
[710, [3, 4, 7, 10, 196, 490]]
[711, [2, 4, 20, 56, 136, 238, 255]]
[712, [2, 4, 16, 102, 112, 476]]
[713, [3, 4, 6, 14, 98, 588]]
[714, [2, 4, 20, 66, 110, 160, 352]]
[715, [2, 4, 26, 33, 78, 572]]
[716, [2, 4, 21, 51, 120, 238, 280]]
[717, [2, 7, 10, 12, 196, 490]]
[718, [2, 4, 15, 102, 255, 340]]
[719, [2, 4, 15, 120, 170, 408]]
[720, [2, 6, 8, 28, 312, 364]]
[721, [2, 4, 20, 52, 195, 208, 240]]
[722, [2, 6, 8, 30, 156, 520]]
[723, [2, 4, 17, 119, 147, 196, 238]]
[724, [2, 6, 7, 84, 100, 525]]
[725, [2, 4, 17, 56, 238, 408]]
[726, [2, 4, 15, 100, 275, 330]]
[727, [2, 5, 14, 20, 98, 588]]
[728, [2, 5, 11, 28, 220, 462]]
[729, [2, 4, 15, 120, 168, 420]]
[730, [2, 4, 15, 119, 170, 420]]
[731, [2, 4, 15, 105, 220, 385]]
[732, [2, 5, 12, 23, 230, 460]]
[733, [2, 5, 10, 40, 156, 520]]
[734, [2, 4, 24, 28, 312, 364]]
[735, [2, 4, 16, 69, 276, 368]]
[736, [2, 4, 21, 34, 255, 420]]
[737, [2, 5, 8, 152, 570]]
[738, [2, 4, 17, 120, 136, 204, 255]]
[739, [2, 4, 21, 40, 112, 560]]
[740, [2, 6, 8, 48, 52, 624]]
[741, [2, 4, 13, 228, 494]]
[742, [2, 4, 16, 80, 160, 480]]
[743, [2, 5, 14, 19, 133, 570]]
[744, [2, 4, 20, 42, 130, 546]]
[745, [2, 4, 17, 112, 156, 182, 272]]
[746, [2, 4, 15, 100, 250, 375]]
[747, [2, 4, 15, 66, 660]]
[748, [2, 4, 21, 35, 196, 490]]
[749, [2, 4, 23, 30, 230, 460]]
[750, [2, 4, 17, 112, 147, 196, 272]]
[751, [2, 4, 20, 56, 140, 184, 345]]
[752, [2, 4, 16, 70, 240, 420]]
[753, [2, 7, 10, 12, 190, 532]]
[754, [2, 4, 24, 48, 52, 624]]
[755, [2, 4, 21, 42, 98, 588]]
[756, [2, 4, 15, 105, 210, 420]]
[757, [2, 6, 7, 56, 294, 392]]
[758, [2, 4, 24, 28, 280, 420]]
[759, [2, 4, 16, 100, 112, 525]]
[760, [2, 4, 22, 32, 220, 480]]
[761, [2, 4, 15, 100, 240, 400]]
[762, [2, 5, 13, 20, 228, 494]]
[763, [2, 4, 17, 60, 170, 510]]
[764, [2, 5, 12, 25, 120, 600]]
[765, [2, 5, 8, 150, 600]]
[766, [2, 6, 8, 28, 266, 456]]
[767, [2, 5, 12, 33, 55, 660]]
[768, [2, 5, 12, 23, 220, 506]]
[769, [2, 4, 20, 60, 105, 238, 340]]
[770, [2, 4, 16, 68, 272, 408]]
[771, [2, 6, 7, 56, 280, 420]]
[772, [3, 5, 6, 8, 150, 600]]
[773, [2, 5, 10, 52, 80, 624]]
[774, [2, 4, 19, 76, 95, 255, 323]]
[775, [2, 4, 21, 34, 238, 476]]
[776, [2, 4, 21, 56, 105, 168, 420]]
[777, [2, 5, 11, 44, 55, 660]]
[778, [2, 4, 16, 80, 156, 520]]
[779, [2, 5, 10, 40, 152, 570]]
[780, [2, 4, 14, 231, 253, 276]]
[781, [2, 4, 15, 95, 285, 380]]
[782, [2, 4, 17, 66, 132, 561]]
[783, [2, 4, 17, 96, 168, 224, 272]]
[784, [2, 4, 14, 220, 264, 280]]
[785, [2, 4, 23, 30, 220, 506]]
[786, [3, 4, 5, 24, 150, 600]]
[787, [2, 4, 21, 56, 110, 154, 440]]
[788, [2, 4, 14, 96, 672]]
[789, [2, 4, 17, 120, 136, 170, 340]]
[790, [2, 4, 20, 68, 84, 255, 357]]
[791, [2, 4, 16, 69, 240, 460]]
[792, [2, 4, 20, 70, 80, 280, 336]]
[793, [2, 4, 15, 96, 260, 416]]
[794, [2, 4, 19, 76, 110, 165, 418]]
[795, [2, 4, 16, 77, 168, 528]]
[796, [2, 4, 15, 125, 150, 500]]
[797, [2, 6, 7, 56, 264, 462]]
[798, [2, 6, 7, 55, 308, 420]]
[799, [2, 4, 20, 51, 154, 238, 330]]
[800, [2, 4, 14, 200, 280, 300]]
[801, [2, 4, 14, 220, 231, 330]]
[802, [2, 4, 15, 95, 266, 420]]
[803, [2, 5, 10, 60, 66, 660]]
[804, [2, 5, 12, 35, 50, 700]]
[805, [2, 4, 16, 168, 175, 200, 240]]
[806, [2, 4, 14, 210, 240, 336]]
[807, [2, 4, 14, 195, 280, 312]]
[808, [2, 4, 14, 210, 238, 340]]
[809, [2, 4, 15, 102, 210, 476]]
[810, [2, 4, 16, 66, 304, 418]]
[811, [2, 4, 20, 48, 208, 230, 299]]
[812, [2, 4, 14, 192, 280, 320]]
[813, [2, 4, 20, 66, 105, 154, 462]]
[814, [2, 4, 16, 160, 168, 224, 240]]
[815, [2, 5, 10, 38, 190, 570]]
[816, [2, 4, 20, 40, 150, 600]]
[817, [2, 4, 15, 120, 156, 520]]
[818, [2, 4, 20, 57, 70, 665]]
[819, [2, 4, 14, 204, 238, 357]]
[820, [2, 4, 16, 98, 112, 588]]
[821, [2, 4, 30, 35, 50, 700]]
[822, [2, 4, 21, 52, 120, 168, 455]]
[823, [2, 4, 16, 75, 176, 550]]
[824, [2, 4, 16, 77, 165, 560]]
[825, [2, 4, 23, 46, 60, 690]]
[826, [2, 6, 11, 15, 132, 660]]
[827, [2, 4, 14, 182, 300, 325]]
[828, [2, 4, 17, 112, 119, 238, 336]]
[829, [2, 4, 14, 184, 280, 345]]
[830, [2, 4, 21, 33, 308, 462]]
[831, [2, 5, 10, 44, 110, 660]]
[832, [2, 4, 16, 75, 175, 560]]
[833, [2, 4, 16, 133, 210, 228, 240]]
[834, [2, 4, 24, 35, 161, 240, 368]]
[835, [2, 4, 14, 210, 220, 385]]
[836, [2, 4, 20, 70, 80, 240, 420]]
[837, [2, 4, 15, 96, 240, 480]]
[838, [2, 4, 19, 76, 91, 247, 399]]
[839, [2, 4, 14, 182, 273, 364]]
[840, [2, 4, 14, 176, 308, 336]]
[841, [2, 4, 25, 35, 75, 700]]
[842, [2, 4, 22, 55, 77, 220, 462]]
[843, [2, 4, 17, 102, 133, 228, 357]]
[844, [2, 4, 22, 48, 64, 704]]
[845, [2, 4, 14, 175, 300, 350]]
[846, [2, 4, 24, 32, 112, 672]]
[847, [2, 4, 17, 76, 102, 646]]
[848, [2, 4, 15, 105, 190, 532]]
[849, [2, 4, 15, 92, 276, 460]]
[850, [2, 4, 16, 130, 208, 210, 280]]
[851, [2, 4, 13, 208, 624]]
[852, [2, 4, 14, 182, 260, 390]]
[853, [2, 4, 20, 49, 154, 294, 330]]
[854, [2, 4, 20, 50, 170, 200, 408]]
[855, [2, 4, 26, 39, 56, 728]]
[856, [2, 4, 15, 100, 210, 525]]
[857, [2, 4, 21, 42, 210, 238, 340]]
[858, [2, 4, 24, 28, 240, 560]]
[859, [2, 4, 17, 55, 220, 561]]
[860, [2, 4, 20, 50, 84, 700]]
[861, [2, 4, 15, 112, 168, 560]]
[862, [2, 4, 16, 70, 210, 560]]
[863, [2, 4, 15, 120, 152, 570]]
[864, [2, 4, 14, 168, 312, 364]]
[865, [2, 6, 12, 13, 208, 624]]
[866, [2, 4, 15, 65, 780]]
[867, [2, 6, 7, 84, 96, 672]]
[868, [2, 4, 20, 65, 84, 273, 420]]
[869, [2, 4, 16, 132, 176, 231, 308]]
[870, [2, 4, 16, 64, 336, 448]]
[871, [2, 6, 7, 56, 240, 560]]
[872, [2, 5, 13, 20, 208, 624]]
[873, [3, 4, 6, 15, 65, 780]]
[874, [2, 4, 14, 168, 294, 392]]
[875, [2, 4, 16, 160, 165, 176, 352]]
[876, [2, 4, 16, 140, 168, 210, 336]]
[877, [2, 4, 20, 60, 105, 196, 490]]
[878, [2, 4, 14, 165, 308, 385]]
[879, [2, 4, 15, 88, 330, 440]]
[880, [2, 4, 16, 66, 264, 528]]
[881, [2, 6, 7, 66, 140, 660]]
[882, [2, 4, 16, 120, 200, 240, 300]]
[883, [2, 6, 10, 20, 65, 780]]
[884, [2, 4, 14, 192, 224, 448]]
[885, [2, 4, 14, 161, 336, 368]]
[886, [2, 4, 13, 204, 663]]
[887, [2, 5, 15, 20, 65, 780]]
[888, [2, 4, 14, 168, 280, 420]]
[889, [2, 4, 16, 51, 816]]
[890, [2, 4, 20, 65, 84, 260, 455]]
[891, [2, 4, 15, 120, 150, 600]]
[892, [2, 4, 20, 48, 170, 240, 408]]
[893, [2, 5, 11, 30, 130, 715]]
[894, [2, 5, 12, 28, 77, 770]]
[895, [2, 4, 19, 70, 95, 285, 420]]
[896, [3, 4, 6, 16, 51, 816]]
[897, [2, 5, 10, 35, 390, 455]]
[898, [2, 4, 16, 112, 220, 264, 280]]
[899, [2, 5, 10, 35, 385, 462]]
[900, [2, 6, 12, 13, 204, 663]]
[901, [2, 4, 15, 96, 224, 560]]
[902, [2, 4, 16, 96, 112, 672]]
[903, [2, 4, 15, 114, 160, 608]]
[904, [2, 7, 10, 21, 24, 840]]
[905, [2, 4, 14, 165, 280, 440]]
[906, [2, 4, 20, 35, 390, 455]]
[907, [2, 4, 17, 51, 357, 476]]
[908, [2, 4, 20, 35, 385, 462]]
[909, [2, 4, 16, 133, 152, 266, 336]]
[910, [2, 4, 14, 168, 266, 456]]
[911, [2, 4, 28, 30, 77, 770]]
[912, [2, 4, 16, 120, 176, 264, 330]]
[913, [2, 4, 20, 56, 105, 264, 462]]
[914, [2, 4, 14, 168, 264, 462]]
[915, [2, 4, 15, 110, 168, 616]]
[916, [2, 4, 14, 196, 210, 490]]
[917, [2, 4, 15, 98, 210, 588]]
[918, [2, 4, 15, 91, 260, 546]]
[919, [2, 5, 10, 35, 357, 510]]
[920, [2, 4, 16, 65, 273, 560]]
[921, [2, 4, 14, 170, 255, 476]]
[922, [2, 4, 17, 52, 286, 561]]
[923, [2, 5, 12, 22, 420, 462]]
[924, [2, 4, 14, 154, 330, 420]]
[925, [2, 6, 7, 78, 104, 728]]
[926, [2, 4, 16, 112, 192, 280, 320]]
[927, [2, 5, 10, 35, 350, 525]]
[928, [2, 4, 20, 35, 357, 510]]
[929, [2, 5, 14, 28, 40, 840]]
[930, [2, 4, 17, 102, 112, 336, 357]]
[931, [2, 4, 20, 60, 65, 780]]
[932, [2, 4, 17, 105, 112, 272, 420]]
[933, [2, 4, 16, 112, 204, 238, 357]]
[934, [3, 4, 5, 40, 42, 840]]
[935, [2, 4, 16, 68, 221, 624]]
[936, [2, 4, 20, 35, 350, 525]]
[937, [2, 4, 21, 35, 175, 700]]
[938, [2, 7, 8, 21, 60, 840]]
[939, [2, 4, 15, 85, 357, 476]]
[940, [2, 4, 14, 150, 350, 420]]
[941, [2, 5, 12, 40, 42, 840]]
[942, [2, 6, 7, 52, 420, 455]]
[943, [2, 4, 16, 112, 184, 280, 345]]
[944, [2, 4, 14, 154, 308, 462]]
[945, [2, 4, 24, 48, 51, 816]]
[946, [2, 4, 16, 114, 190, 240, 380]]
[947, [2, 6, 7, 57, 210, 665]]
[948, [2, 5, 10, 35, 336, 560]]
[949, [2, 4, 16, 112, 210, 220, 385]]
[950, [2, 4, 15, 84, 390, 455]]
[951, [2, 4, 16, 120, 161, 280, 368]]
[952, [2, 4, 14, 190, 210, 532]]
[953, [2, 4, 16, 105, 210, 280, 336]]
[954, [2, 4, 24, 28, 224, 672]]
[955, [2, 4, 14, 176, 231, 528]]
[956, [2, 4, 15, 85, 340, 510]]
[957, [2, 4, 20, 35, 336, 560]]
[958, [2, 4, 30, 40, 42, 840]]
[959, [2, 4, 21, 32, 420, 480]]
[960, [2, 4, 16, 120, 170, 240, 408]]
[961, [2, 4, 20, 50, 150, 210, 525]]
[962, [2, 4, 16, 120, 154, 330, 336]]
[963, [2, 4, 15, 95, 220, 627]]
[964, [2, 4, 19, 57, 84, 798]]
[965, [2, 4, 15, 112, 160, 672]]
[966, [2, 4, 15, 100, 195, 650]]
[967, [2, 6, 7, 56, 224, 672]]
[968, [2, 4, 17, 78, 204, 221, 442]]
[969, [2, 4, 25, 26, 312, 600]]
[970, [2, 4, 15, 102, 187, 660]]
[971, [2, 4, 16, 65, 260, 624]]
[972, [2, 4, 15, 84, 357, 510]]
[973, [2, 4, 20, 51, 80, 816]]
[974, [2, 4, 24, 42, 77, 385, 440]]
[975, [2, 6, 8, 35, 84, 840]]
[976, [2, 4, 14, 156, 280, 520]]
[977, [2, 6, 7, 52, 364, 546]]
[978, [2, 4, 16, 112, 168, 312, 364]]
[979, [2, 4, 21, 34, 204, 714]]
[980, [2, 4, 15, 84, 350, 525]]
[981, [2, 4, 16, 98, 245, 280, 336]]
[982, [2, 4, 17, 75, 204, 255, 425]]
[983, [2, 6, 7, 44, 924]]
[984, [2, 4, 15, 88, 275, 600]]
[985, [2, 4, 17, 102, 112, 272, 476]]
[986, [2, 4, 20, 60, 100, 200, 600]]
[987, [2, 4, 16, 100, 240, 250, 375]]
[988, [2, 4, 14, 168, 240, 560]]
[989, [2, 4, 14, 143, 364, 462]]
[990, [2, 4, 20, 48, 156, 240, 520]]
[991, [2, 4, 15, 210, 231, 253, 276]]
[992, [2, 4, 20, 56, 70, 840]]
[993, [2, 4, 17, 84, 138, 357, 391]]
[994, [2, 4, 13, 195, 780]]
[995, [2, 5, 8, 140, 840]]
[996, [2, 4, 22, 48, 84, 308, 528]]
[997, [2, 4, 16, 105, 210, 240, 420]]
[998, [2, 4, 15, 130, 132, 715]]
[999, [2, 4, 15, 96, 210, 672]]
[1000, [2, 6, 7, 65, 140, 780]]
[1001, [2, 4, 15, 84, 336, 560]]
[1002, [2, 6, 10, 16, 440, 528]]
[1003, [2, 4, 15, 190, 247, 260, 285]]
[1004, [2, 4, 20, 60, 85, 357, 476]]
[1005, [2, 4, 14, 140, 390, 455]]
[1006, [2, 5, 15, 16, 440, 528]]
[1007, [2, 4, 14, 140, 385, 462]]
[1008, [2, 6, 12, 13, 195, 780]]
[1009, [2, 7, 8, 24, 44, 924]]
[1010, [2, 4, 17, 77, 176, 272, 462]]
[1011, [2, 4, 15, 200, 210, 280, 300]]
[1012, [2, 4, 21, 40, 105, 840]]
[1013, [2, 4, 19, 38, 380, 570]]
[1014, [2, 4, 14, 147, 308, 539]]
[1015, [2, 5, 13, 20, 195, 780]]
[1016, [3, 4, 5, 24, 140, 840]]
[1017, [2, 4, 15, 190, 228, 255, 323]]
[1018, [2, 5, 15, 16, 420, 560]]
[1019, [2, 4, 14, 154, 273, 572]]
[1020, [2, 5, 10, 35, 308, 660]]
[1021, [2, 4, 16, 102, 200, 272, 425]]
[1022, [2, 4, 14, 152, 280, 570]]
[1023, [2, 5, 12, 24, 140, 840]]
[1024, [3, 4, 5, 22, 330, 660]]
[1025, [2, 4, 14, 138, 391, 476]]
[1026, [2, 6, 8, 30, 140, 840]]
[1027, [2, 4, 14, 140, 357, 510]]
[1028, [2, 4, 20, 42, 120, 840]]
[1029, [2, 4, 20, 35, 308, 660]]
[1030, [2, 4, 15, 204, 210, 238, 357]]
[1031, [2, 5, 12, 22, 330, 660]]
[1032, [3, 4, 7, 10, 168, 840]]
[1033, [2, 4, 15, 88, 264, 660]]
[1034, [2, 4, 14, 182, 208, 624]]
[1035, [2, 4, 14, 140, 350, 525]]
[1036, [2, 4, 16, 130, 156, 208, 520]]
[1037, [2, 5, 10, 40, 140, 840]]
[1038, [2, 5, 15, 16, 400, 600]]
[1039, [2, 5, 15, 17, 150, 850]]
[1040, [2, 4, 14, 136, 408, 476]]
[1041, [2, 4, 15, 182, 221, 260, 357]]
[1042, [2, 4, 20, 48, 88, 880]]
[1043, [2, 4, 13, 192, 832]]
[1044, [2, 4, 28, 42, 44, 924]]
[1045, [2, 4, 15, 64, 960]]
[1046, [2, 4, 20, 40, 140, 840]]
[1047, [2, 4, 15, 114, 152, 760]]
[1048, [2, 4, 17, 75, 100, 850]]
[1049, [2, 4, 14, 147, 294, 588]]
[1050, [2, 4, 14, 150, 280, 600]]
[1051, [2, 4, 15, 176, 210, 308, 336]]
[1052, [2, 5, 10, 35, 300, 700]]
[1053, [2, 4, 19, 40, 228, 760]]
[1054, [2, 4, 14, 154, 264, 616]]
[1055, [2, 4, 15, 165, 231, 308, 330]]
[1056, [2, 4, 14, 140, 336, 560]]
[1057, [2, 4, 16, 75, 160, 800]]
[1058, [2, 6, 10, 16, 384, 640]]
[1059, [2, 6, 12, 15, 64, 960]]
[1060, [2, 4, 16, 140, 156, 182, 560]]
[1061, [2, 4, 20, 35, 300, 700]]
[1062, [2, 4, 16, 60, 420, 560]]
[1063, [2, 4, 15, 182, 210, 260, 390]]
[1064, [2, 5, 13, 20, 192, 832]]
[1065, [2, 5, 12, 22, 320, 704]]
[1066, [2, 5, 15, 20, 64, 960]]
[1067, [2, 4, 21, 32, 336, 672]]
[1068, [2, 4, 16, 96, 224, 264, 462]]
[1069, [2, 4, 14, 182, 204, 663]]
[1070, [2, 4, 21, 35, 168, 840]]
[1071, [2, 4, 22, 42, 77, 924]]
[1072, [2, 4, 15, 160, 231, 308, 352]]
[1073, [2, 5, 8, 138, 920]]
[1074, [2, 4, 15, 156, 260, 273, 364]]
[1075, [2, 4, 22, 33, 156, 858]]
[1076, [2, 4, 14, 165, 231, 660]]
[1077, [2, 4, 16, 120, 175, 200, 560]]
[1078, [2, 4, 14, 92, 966]]
[1079, [2, 4, 21, 44, 84, 924]]
[1080, [2, 6, 8, 40, 64, 960]]
[1081, [2, 4, 15, 80, 420, 560]]
[1082, [2, 4, 16, 60, 400, 600]]
[1083, [2, 4, 17, 60, 150, 850]]
[1084, [2, 4, 14, 133, 399, 532]]
[1085, [2, 5, 13, 25, 65, 975]]
[1086, [2, 4, 16, 120, 160, 224, 560]]
[1087, [2, 4, 16, 95, 224, 266, 480]]
[1088, [2, 4, 16, 96, 210, 280, 480]]
[1089, [2, 4, 15, 154, 253, 276, 385]]
[1090, [2, 4, 20, 35, 294, 735]]
[1091, [2, 4, 15, 160, 224, 294, 392]]
[1092, [2, 4, 14, 160, 240, 672]]
[1093, [2, 4, 15, 168, 220, 264, 420]]
[1094, [2, 4, 24, 40, 64, 960]]
[1095, [2, 4, 15, 192, 210, 224, 448]]
[1096, [2, 4, 16, 60, 390, 624]]
[1097, [2, 4, 15, 150, 240, 336, 350]]
[1098, [2, 4, 16, 96, 200, 300, 480]]
[1099, [2, 4, 19, 48, 114, 912]]
[1100, [2, 4, 30, 35, 49, 980]]
[1101, [2, 4, 15, 80, 400, 600]]
[1102, [2, 4, 16, 112, 168, 240, 560]]
[1103, [2, 4, 14, 133, 380, 570]]
[1104, [2, 6, 8, 30, 138, 920]]
[1105, [2, 4, 14, 175, 210, 700]]
[1106, [2, 4, 16, 60, 384, 640]]
[1107, [2, 4, 16, 65, 240, 780]]
[1108, [2, 4, 24, 28, 210, 840]]
[1109, [2, 4, 15, 168, 200, 300, 420]]
[1110, [2, 4, 16, 64, 256, 768]]
[1111, [2, 5, 8, 312, 364, 420]]
[1112, [3, 4, 5, 22, 308, 770]]
[1113, [3, 4, 7, 10, 165, 924]]
[1114, [2, 4, 16, 132, 168, 176, 616]]
[1115, [2, 4, 15, 80, 390, 624]]
[1116, [2, 4, 14, 130, 420, 546]]
[1117, [2, 4, 15, 96, 200, 800]]
[1118, [2, 4, 24, 30, 138, 920]]
[1119, [2, 5, 8, 320, 336, 448]]
[1120, [2, 7, 10, 12, 165, 924]]
[1121, [2, 4, 15, 120, 140, 840]]
[1122, [2, 4, 15, 175, 200, 264, 462]]
[1123, [2, 6, 7, 50, 483, 575]]
[1124, [2, 4, 14, 138, 322, 644]]
[1125, [2, 4, 15, 80, 384, 640]]
[1126, [2, 4, 21, 49, 70, 980]]
[1127, [2, 4, 21, 42, 92, 966]]
[1128, [2, 4, 14, 140, 308, 660]]
[1129, [2, 6, 14, 19, 24, 1064]]
[1130, [2, 4, 16, 84, 128, 896]]
[1131, [2, 5, 8, 286, 390, 440]]
[1132, [2, 4, 17, 51, 276, 782]]
[1133, [2, 6, 11, 14, 330, 770]]
[1134, [2, 4, 15, 84, 294, 735]]
[1135, [2, 5, 10, 35, 285, 798]]
[1136, [2, 4, 22, 30, 308, 770]]
[1137, [2, 6, 7, 51, 357, 714]]
[1138, [2, 4, 15, 140, 255, 323, 399]]
[1139, [2, 4, 20, 49, 84, 980]]
[1140, [2, 4, 16, 60, 368, 690]]
[1141, [2, 4, 30, 34, 51, 1020]]
[1142, [2, 5, 8, 280, 385, 462]]
[1143, [2, 4, 16, 84, 272, 357, 408]]
[1144, [2, 4, 20, 35, 285, 798]]
[1145, [2, 4, 15, 110, 156, 858]]
[1146, [2, 5, 12, 23, 184, 920]]
[1147, [2, 4, 20, 55, 91, 429, 546]]
[1148, [2, 4, 20, 34, 408, 680]]
[1149, [2, 5, 11, 26, 390, 715]]
[1150, [2, 4, 20, 44, 160, 440, 480]]
[1151, [2, 4, 21, 35, 165, 924]]
[1152, [2, 4, 22, 46, 66, 1012]]
[1153, [2, 4, 15, 150, 247, 260, 475]]
[1154, [2, 4, 16, 84, 280, 320, 448]]
[1155, [2, 4, 15, 154, 210, 308, 462]]
[1156, [2, 4, 15, 156, 195, 364, 420]]
[1157, [2, 4, 15, 78, 460, 598]]
[1158, [2, 4, 16, 98, 210, 240, 588]]
[1159, [2, 4, 15, 80, 368, 690]]
[1160, [2, 4, 14, 140, 300, 700]]
[1161, [2, 5, 8, 264, 420, 462]]
[1162, [2, 4, 16, 76, 152, 912]]
[1163, [2, 4, 23, 30, 184, 920]]
[1164, [2, 4, 15, 85, 276, 782]]
[1165, [3, 4, 5, 28, 75, 1050]]
[1166, [2, 5, 12, 22, 300, 825]]
[1167, [2, 5, 11, 38, 66, 1045]]
[1168, [2, 4, 15, 140, 228, 380, 399]]
[1169, [2, 4, 15, 140, 240, 320, 448]]
[1170, [2, 4, 14, 125, 500, 525]]
[1171, [2, 5, 8, 136, 1020]]
[1172, [2, 5, 8, 273, 364, 520]]
[1173, [2, 4, 15, 160, 192, 320, 480]]
[1174, [2, 4, 17, 68, 114, 969]]
[1175, [2, 4, 14, 165, 220, 770]]
[1176, [2, 4, 14, 132, 352, 672]]
[1177, [2, 4, 14, 182, 195, 780]]
[1178, [3, 5, 6, 8, 136, 1020]]
[1179, [2, 6, 7, 64, 140, 960]]
[1180, [2, 4, 16, 85, 240, 357, 476]]
[1181, [2, 4, 20, 35, 280, 840]]
[1182, [2, 4, 19, 65, 104, 228, 760]]
[1183, [2, 4, 22, 30, 300, 825]]
[1184, [2, 7, 8, 19, 84, 1064]]
[1185, [2, 5, 8, 260, 390, 520]]
[1186, [2, 4, 15, 77, 528, 560]]
[1187, [2, 4, 15, 132, 264, 330, 440]]
[1188, [2, 4, 15, 78, 429, 660]]
[1189, [2, 4, 14, 140, 294, 735]]
[1190, [2, 4, 20, 39, 150, 975]]
[1191, [2, 5, 8, 280, 336, 560]]
[1192, [2, 4, 16, 92, 112, 966]]
[1193, [2, 4, 16, 84, 240, 385, 462]]
[1194, [2, 4, 15, 85, 272, 816]]
[1195, [2, 4, 15, 130, 260, 364, 420]]
[1196, [2, 4, 15, 140, 230, 322, 483]]
[1197, [2, 6, 11, 22, 34, 1122]]
[1198, [2, 4, 15, 130, 280, 312, 455]]
[1199, [2, 4, 15, 120, 138, 920]]
[1200, [2, 6, 8, 28, 204, 952]]
[1201, [2, 6, 8, 33, 96, 1056]]
[1202, [2, 6, 8, 30, 136, 1020]]
[1203, [2, 4, 14, 91, 1092]]
[1204, [2, 4, 14, 128, 384, 672]]
[1205, [2, 4, 15, 160, 224, 240, 560]]
[1206, [2, 4, 15, 150, 210, 300, 525]]
[1207, [2, 4, 23, 28, 345, 805]]
[1208, [2, 4, 16, 80, 294, 392, 420]]
[1209, [2, 4, 15, 110, 154, 924]]
[1210, [2, 6, 10, 16, 336, 840]]
[1211, [2, 4, 15, 147, 196, 385, 462]]
[1212, [2, 4, 16, 98, 168, 336, 588]]
[1213, [2, 5, 10, 40, 136, 1020]]
[1214, [2, 4, 24, 28, 204, 952]]
[1215, [2, 4, 15, 105, 165, 924]]
[1216, [2, 4, 24, 30, 136, 1020]]
[1217, [2, 6, 12, 14, 91, 1092]]
[1218, [2, 5, 8, 272, 336, 595]]
[1219, [2, 4, 16, 112, 175, 210, 700]]
[1220, [2, 4, 15, 77, 462, 660]]
[1221, [2, 4, 16, 84, 240, 350, 525]]
[1222, [2, 4, 20, 40, 136, 1020]]
[1223, [2, 4, 17, 50, 300, 850]]
[1224, [2, 4, 26, 35, 65, 1092]]
[1225, [2, 4, 15, 84, 280, 840]]
[1226, [2, 4, 14, 182, 192, 832]]
[1227, [2, 5, 12, 32, 56, 1120]]
[1228, [2, 4, 15, 170, 204, 238, 595]]
[1229, [2, 4, 15, 88, 240, 880]]
[1230, [2, 4, 15, 138, 220, 345, 506]]
[1231, [2, 4, 15, 132, 231, 385, 462]]
[1232, [2, 4, 16, 110, 132, 440, 528]]
[1233, [2, 4, 15, 152, 210, 280, 570]]
[1234, [2, 4, 15, 156, 182, 350, 525]]
[1235, [2, 4, 14, 175, 200, 840]]
[1236, [2, 4, 15, 138, 210, 391, 476]]
[1237, [2, 4, 15, 120, 312, 364, 420]]
[1238, [2, 4, 14, 168, 210, 840]]
[1239, [2, 4, 33, 34, 44, 1122]]
[1240, [2, 5, 8, 245, 392, 588]]
[1241, [2, 4, 15, 140, 240, 280, 560]]
[1242, [2, 4, 16, 84, 240, 336, 560]]
[1243, [2, 4, 14, 140, 285, 798]]
[1244, [2, 4, 14, 160, 224, 840]]
[1245, [2, 6, 7, 75, 105, 1050]]
[1246, [2, 4, 15, 140, 210, 350, 525]]
[1247, [2, 6, 7, 49, 546, 637]]
[1248, [2, 5, 15, 16, 330, 880]]
[1249, [2, 4, 19, 48, 112, 1064]]
[1250, [2, 4, 15, 152, 195, 312, 570]]
[1251, [2, 5, 10, 51, 78, 1105]]
[1252, [2, 4, 14, 132, 330, 770]]
[1253, [2, 4, 15, 76, 510, 646]]
[1254, [2, 5, 12, 25, 110, 1100]]
[1255, [2, 5, 8, 240, 400, 600]]
[1256, [2, 5, 8, 238, 408, 595]]
[1257, [2, 4, 15, 80, 340, 816]]
[1258, [2, 4, 16, 60, 336, 840]]
[1259, [2, 4, 25, 28, 150, 1050]]
[1260, [2, 4, 20, 51, 78, 1105]]
[1261, [2, 4, 15, 150, 210, 280, 600]]
[1262, [2, 4, 15, 120, 285, 380, 456]]
[1263, [2, 5, 8, 280, 308, 660]]
[1264, [2, 4, 15, 138, 204, 391, 510]]
[1265, [2, 4, 14, 120, 525, 600]]
[1266, [2, 4, 15, 120, 280, 390, 455]]
[1267, [2, 4, 15, 140, 196, 420, 490]]
[1268, [2, 4, 15, 120, 280, 385, 462]]
[1269, [2, 4, 15, 78, 390, 780]]
[1270, [2, 4, 20, 44, 210, 220, 770]]
[1271, [2, 4, 25, 30, 110, 1100]]
[1272, [2, 4, 16, 50, 1200]]
[1273, [2, 6, 8, 32, 105, 1120]]
[1274, [2, 4, 20, 38, 165, 1045]]
[1275, [2, 6, 7, 50, 385, 825]]
[1276, [2, 4, 20, 48, 114, 480, 608]]
[1277, [2, 4, 15, 80, 336, 840]]
[1278, [2, 4, 15, 133, 228, 336, 560]]
[1279, [2, 4, 19, 38, 304, 912]]
[1280, [2, 4, 14, 140, 280, 840]]
[1281, [2, 4, 15, 140, 192, 448, 480]]
[1282, [2, 5, 8, 231, 420, 616]]
[1283, [2, 4, 15, 120, 266, 420, 456]]
[1284, [2, 4, 16, 84, 210, 440, 528]]
[1285, [2, 4, 17, 55, 187, 1020]]
[1286, [2, 4, 16, 64, 240, 960]]
[1287, [2, 4, 24, 32, 105, 1120]]
[1288, [2, 4, 15, 77, 420, 770]]
[1289, [2, 4, 15, 92, 210, 966]]
[1290, [2, 5, 8, 255, 340, 680]]
[1291, [2, 4, 15, 150, 175, 420, 525]]
[1292, [2, 4, 14, 120, 480, 672]]
[1293, [2, 4, 13, 182, 1092]]
[1294, [2, 6, 8, 28, 200, 1050]]
[1295, [2, 4, 17, 48, 408, 816]]
[1296, [2, 4, 14, 120, 476, 680]]
[1297, [2, 4, 15, 120, 136, 1020]]
[1298, [2, 4, 15, 120, 273, 364, 520]]
[1299, [2, 4, 15, 95, 195, 988]]
[1300, [3, 4, 6, 13, 182, 1092]]
[1301, [2, 4, 19, 60, 76, 1140]]
[1302, [2, 4, 15, 130, 220, 385, 546]]
[1303, [2, 5, 8, 264, 320, 704]]
[1304, [2, 4, 16, 57, 560, 665]]
[1305, [2, 4, 16, 80, 272, 336, 595]]
[1306, [2, 4, 15, 75, 550, 660]]
[1307, [2, 6, 12, 13, 182, 1092]]
[1308, [2, 4, 24, 28, 200, 1050]]
[1309, [2, 4, 16, 104, 195, 208, 780]]
[1310, [2, 4, 16, 80, 240, 440, 528]]
[1311, [2, 4, 15, 80, 330, 880]]
[1312, [2, 4, 17, 80, 120, 528, 561]]
[1313, [2, 4, 15, 76, 456, 760]]
[1314, [2, 5, 13, 20, 182, 1092]]
[1315, [2, 6, 7, 50, 375, 875]]
[1316, [2, 4, 22, 34, 132, 1122]]
[1317, [2, 4, 16, 91, 112, 1092]]
[1318, [2, 5, 8, 220, 456, 627]]
[1319, [2, 4, 14, 165, 210, 924]]
[1320, [2, 4, 15, 140, 190, 399, 570]]
[1321, [2, 4, 15, 75, 525, 700]]
[1322, [2, 4, 16, 80, 240, 420, 560]]
[1323, [2, 4, 14, 120, 455, 728]]
[1324, [2, 5, 8, 280, 294, 735]]
[1325, [2, 4, 15, 119, 255, 420, 510]]
[1326, [2, 4, 21, 39, 168, 364, 728]]
[1327, [2, 4, 15, 130, 208, 440, 528]]
[1328, [2, 4, 24, 48, 50, 1200]]
[1329, [2, 4, 14, 119, 476, 714]]
[1330, [2, 4, 24, 26, 546, 728]]
[1331, [2, 5, 8, 224, 420, 672]]
[1332, [2, 4, 15, 147, 196, 308, 660]]
[1333, [2, 4, 16, 76, 304, 399, 532]]
[1334, [2, 4, 16, 96, 152, 456, 608]]
[1335, [2, 5, 8, 220, 440, 660]]
[1336, [2, 4, 15, 112, 336, 357, 510]]
[1337, [2, 4, 15, 140, 224, 280, 672]]
[1338, [2, 4, 15, 110, 357, 374, 476]]
[1339, [2, 4, 19, 40, 210, 1064]]
[1340, [2, 4, 21, 33, 224, 1056]]
[1341, [2, 4, 15, 160, 192, 264, 704]]
[1342, [2, 4, 21, 35, 160, 1120]]
[1343, [2, 4, 14, 140, 273, 910]]
[1344, [2, 4, 14, 168, 204, 952]]
[1345, [2, 4, 23, 28, 322, 966]]
[1346, [2, 4, 15, 75, 500, 750]]
[1347, [2, 5, 10, 50, 80, 1200]]
[1348, [2, 4, 15, 152, 165, 440, 570]]
[1349, [2, 4, 14, 119, 462, 748]]
[1350, [2, 4, 14, 120, 440, 770]]
[1351, [2, 4, 15, 114, 285, 399, 532]]
[1352, [2, 4, 15, 132, 231, 308, 660]]
[1353, [2, 5, 8, 255, 323, 760]]
[1354, [4, 5, 6, 8, 11, 1320]]
[1355, [2, 6, 7, 60, 160, 1120]]
[1356, [2, 4, 20, 50, 80, 1200]]
[1357, [2, 5, 8, 264, 308, 770]]
[1358, [2, 4, 14, 138, 280, 920]]
[1359, [2, 5, 8, 256, 320, 768]]
[1360, [2, 4, 15, 150, 175, 364, 650]]
[1361, [2, 4, 15, 120, 240, 420, 560]]
[1362, [2, 5, 11, 24, 1320]]
[1363, [2, 4, 15, 132, 220, 330, 660]]
[1364, [2, 4, 15, 119, 238, 476, 510]]
[1365, [2, 6, 11, 15, 121, 1210]]
[1366, [2, 4, 15, 120, 245, 392, 588]]
[1367, [2, 5, 8, 208, 520, 624]]
[1368, [2, 4, 15, 140, 238, 255, 714]]
[1369, [2, 4, 14, 133, 304, 912]]
[1370, [2, 4, 16, 68, 192, 1088]]
[1371, [2, 4, 15, 140, 210, 300, 700]]
[1372, [2, 4, 16, 132, 143, 195, 880]]
[1373, [2, 4, 15, 78, 364, 910]]
[1374, [2, 4, 16, 78, 260, 390, 624]]
[1375, [2, 4, 15, 130, 221, 340, 663]]
[1376, [2, 4, 15, 75, 480, 800]]
[1377, [2, 5, 8, 210, 480, 672]]
[1378, [2, 5, 8, 280, 285, 798]]
[1379, [2, 4, 16, 69, 184, 1104]]
[1380, [2, 4, 14, 128, 336, 896]]
[1381, [2, 4, 15, 80, 320, 960]]
[1382, [2, 4, 17, 84, 85, 1190]]
[1383, [2, 5, 8, 228, 380, 760]]
[1384, [2, 4, 14, 132, 308, 924]]
[1385, [2, 7, 8, 16, 624, 728]]
[1386, [2, 6, 10, 16, 312, 1040]]
[1387, [2, 4, 15, 132, 210, 352, 672]]
[1388, [2, 4, 15, 156, 182, 294, 735]]
[1389, [2, 4, 14, 286, 308, 385, 390]]
[1390, [2, 4, 20, 33, 605, 726]]
[1391, [2, 5, 8, 220, 408, 748]]
[1392, [2, 4, 14, 147, 245, 980]]
[1393, [2, 6, 11, 24, 30, 1320]]
[1394, [2, 4, 15, 140, 175, 483, 575]]
[1395, [2, 4, 14, 275, 330, 350, 420]]
[1396, [2, 4, 14, 280, 312, 364, 420]]
[1397, [2, 4, 15, 132, 220, 320, 704]]
[1398, [2, 4, 16, 78, 240, 460, 598]]
[1399, [2, 6, 11, 20, 40, 1320]]
[1400, [2, 4, 14, 120, 420, 840]]
[1401, [2, 4, 19, 80, 112, 120, 1064]]
[1402, [2, 5, 8, 204, 520, 663]]
[1403, [2, 4, 14, 133, 300, 950]]
[1404, [2, 5, 8, 264, 300, 825]]
[1405, [2, 6, 11, 14, 294, 1078]]
[1406, [2, 4, 15, 105, 160, 1120]]
[1407, [2, 4, 15, 77, 385, 924]]
[1408, [2, 5, 8, 210, 455, 728]]
[1409, [2, 5, 8, 204, 510, 680]]
[1410, [2, 4, 16, 112, 120, 476, 680]]
[1411, [2, 4, 20, 33, 572, 780]]
[1412, [2, 4, 15, 136, 187, 408, 660]]
[1413, [2, 4, 20, 35, 260, 1092]]
[1414, [2, 4, 14, 114, 608, 672]]
[1415, [2, 6, 7, 48, 624, 728]]
[1416, [2, 5, 12, 22, 275, 1100]]
[1417, [2, 4, 14, 255, 323, 399, 420]]
[1418, [2, 4, 14, 266, 312, 364, 456]]
[1419, [2, 4, 15, 112, 264, 462, 560]]
[1420, [2, 4, 20, 34, 340, 1020]]
[1421, [2, 4, 14, 280, 285, 380, 456]]
[1422, [2, 4, 14, 264, 312, 364, 462]]
[1423, [2, 4, 16, 70, 176, 1155]]
[1424, [2, 4, 15, 143, 220, 260, 780]]
[1425, [2, 5, 8, 200, 550, 660]]
[1426, [2, 4, 15, 105, 364, 390, 546]]
[1427, [2, 4, 15, 112, 280, 390, 624]]
[1428, [2, 4, 14, 266, 294, 392, 456]]
[1429, [2, 4, 15, 104, 364, 420, 520]]
[1430, [2, 4, 16, 56, 624, 728]]
[1431, [2, 4, 25, 28, 147, 1225]]
[1432, [2, 6, 7, 52, 273, 1092]]
[1433, [2, 4, 22, 30, 275, 1100]]
[1434, [2, 4, 16, 60, 312, 1040]]
[1435, [2, 4, 13, 416, 480, 520]]
[1436, [2, 5, 11, 42, 56, 1320]]
[1437, [2, 4, 15, 112, 280, 384, 640]]
[1438, [2, 4, 14, 168, 200, 1050]]
[1439, [2, 4, 15, 120, 220, 462, 616]]
[1440, [2, 4, 13, 420, 455, 546]]
[1441, [2, 4, 14, 240, 336, 390, 455]]
[1442, [2, 4, 14, 266, 280, 420, 456]]
[1443, [2, 6, 7, 56, 196, 1176]]
[1444, [2, 4, 13, 399, 494, 532]]
[1445, [2, 4, 14, 238, 340, 385, 462]]
[1446, [2, 4, 15, 95, 190, 1140]]
[1447, [2, 4, 16, 57, 456, 912]]
[1448, [2, 4, 14, 231, 352, 416, 429]]
[1449, [2, 4, 24, 44, 55, 1320]]
[1450, [2, 4, 16, 56, 588, 784]]
[1451, [2, 4, 15, 132, 220, 308, 770]]
[1452, [2, 4, 21, 42, 133, 300, 950]]
[1453, [2, 4, 15, 80, 312, 1040]]
[1454, [2, 4, 14, 154, 224, 1056]]
[1455, [2, 4, 15, 160, 210, 224, 840]]
[1456, [2, 4, 14, 136, 280, 1020]]
[1457, [2, 4, 15, 84, 260, 1092]]
[1458, [2, 5, 10, 33, 528, 880]]
[1459, [2, 4, 21, 32, 280, 1120]]
[1460, [2, 4, 26, 34, 68, 1326]]
[1461, [2, 4, 15, 120, 220, 440, 660]]
[1462, [2, 4, 14, 230, 345, 391, 476]]
[1463, [2, 4, 13, 380, 494, 570]]
[1464, [2, 4, 14, 114, 532, 798]]
[1465, [2, 5, 8, 200, 500, 750]]
[1466, [2, 5, 11, 32, 96, 1320]]
[1467, [2, 5, 8, 132, 1320]]
[1468, [2, 4, 14, 264, 266, 456, 462]]
[1469, [2, 4, 14, 245, 294, 420, 490]]
[1470, [2, 4, 16, 96, 104, 1248]]
[1471, [2, 4, 14, 240, 336, 350, 525]]
[1472, [2, 4, 16, 84, 210, 340, 816]]
[1473, [2, 4, 14, 221, 357, 420, 455]]
[1474, [2, 4, 28, 32, 64, 1344]]
[1475, [2, 7, 10, 13, 78, 1365]]
[1476, [2, 4, 15, 105, 336, 390, 624]]
[1477, [2, 7, 8, 16, 532, 912]]
[1478, [2, 4, 16, 56, 560, 840]]
[1479, [2, 4, 15, 120, 255, 323, 760]]
[1480, [3, 4, 7, 17, 21, 1428]]
[1481, [2, 4, 14, 240, 308, 385, 528]]
[1482, [2, 5, 15, 16, 304, 1140]]
[1483, [2, 4, 15, 120, 264, 308, 770]]
[1484, [2, 4, 14, 112, 624, 728]]
[1485, [2, 5, 8, 210, 420, 840]]
[1486, [2, 6, 8, 26, 456, 988]]
[1487, [2, 7, 12, 17, 21, 1428]]
[1488, [2, 4, 19, 38, 285, 1140]]
[1489, [2, 4, 14, 260, 273, 390, 546]]
[1490, [2, 4, 14, 273, 275, 350, 572]]
[1491, [2, 4, 15, 100, 390, 455, 525]]
[1492, [2, 4, 14, 220, 357, 385, 510]]
[1493, [2, 4, 17, 42, 1428]]
[1494, [2, 4, 14, 238, 336, 340, 560]]
[1495, [2, 5, 8, 200, 480, 800]]
[1496, [2, 4, 14, 240, 312, 364, 560]]
[1497, [2, 5, 10, 35, 255, 1190]]
[1498, [2, 4, 13, 390, 429, 660]]
[1499, [2, 4, 14, 119, 408, 952]]
[1500, [2, 4, 24, 26, 456, 988]]
