[1, [1]]
[2, 0]
[3, 0]
[4, 0]
[5, 0]
[6, 0]
[7, 0]
[8, 0]
[9, 0]
[10, 0]
[11, [2, 3, 6]]
[12, 0]
[13, 0]
[14, 0]
[15, 0]
[16, 0]
[17, 0]
[18, 0]
[19, 0]
[20, 0]
[21, 0]
[22, 0]
[23, 0]
[24, [2, 4, 6, 12]]
[25, 0]
[26, 0]
[27, 0]
[28, 0]
[29, 0]
[30, 0]
[31, 0]
[32, [2, 3, 9, 18]]
[33, 0]
[34, 0]
[35, 0]
[36, 0]
[37, [2, 3, 8, 24]]
[38, 0]
[39, 0]
[40, 0]
[41, 0]
[42, 0]
[43, 0]
[44, 0]
[45, [2, 4, 9, 12, 18]]
[46, 0]
[47, 0]
[48, 0]
[49, 0]
[50, [2, 4, 8, 12, 24]]
[51, 0]
[52, [3, 4, 6, 9, 12, 18]]
[53, 0]
[54, [2, 3, 7, 42]]
[55, [2, 4, 7, 14, 28]]
[56, 0]
[57, [3, 4, 6, 8, 12, 24]]
[58, 0]
[59, 0]
[60, 0]
[61, [2, 4, 6, 21, 28]]
[62, [3, 4, 6, 7, 14, 28]]
[63, 0]
[64, 0]
[65, 0]
[66, [2, 3, 12, 21, 28]]
[67, [2, 4, 7, 12, 42]]
[68, 0]
[69, [2, 6, 7, 12, 14, 28]]
[70, 0]
[71, [2, 3, 11, 22, 33]]
[72, 0]
[73, 0]
[74, [3, 4, 6, 7, 12, 42]]
[75, 0]
[76, [2, 4, 6, 16, 48]]
[77, 0]
[78, [3, 4, 8, 9, 12, 18, 24]]
[79, 0]
[80, 0]
[81, [2, 3, 12, 16, 48]]
[82, [2, 4, 9, 18, 21, 28]]
[83, [3, 4, 7, 9, 14, 18, 28]]
[84, [2, 4, 11, 12, 22, 33]]
[85, 0]
[86, 0]
[87, [2, 4, 8, 21, 24, 28]]
[88, [3, 4, 7, 8, 14, 24, 28]]
[89, [2, 6, 7, 8, 24, 42]]
[90, [2, 7, 9, 12, 14, 18, 28]]
[91, [3, 4, 6, 11, 12, 22, 33]]
[92, [2, 4, 8, 18, 24, 36]]
[93, 0]
[94, [3, 4, 6, 8, 21, 24, 28]]
[95, [2, 3, 9, 27, 54]]
[96, [2, 6, 9, 12, 18, 21, 28]]
[97, [2, 4, 9, 16, 18, 48]]
[98, 0]
[99, [3, 4, 6, 8, 18, 24, 36]]
[100, [2, 6, 7, 8, 21, 56]]
[101, [2, 6, 8, 12, 21, 24, 28]]
[102, [2, 4, 8, 16, 24, 48]]
[103, 0]
[104, [2, 4, 7, 21, 28, 42]]
[105, 0]
[106, [2, 6, 8, 11, 22, 24, 33]]
[107, 0]
[108, [2, 3, 18, 21, 28, 36]]
[109, [2, 4, 7, 18, 36, 42]]
[110, [2, 3, 9, 24, 72]]
[111, [2, 3, 8, 42, 56]]
[112, [2, 4, 8, 14, 28, 56]]
[113, 0]
[114, [2, 4, 7, 21, 24, 56]]
[115, [2, 3, 12, 14, 84]]
[116, [2, 6, 8, 12, 16, 24, 48]]
[117, [3, 4, 8, 11, 12, 22, 24, 33]]
[118, [2, 3, 16, 21, 28, 48]]
[119, [2, 4, 7, 16, 42, 48]]
[120, 0]
[121, [2, 3, 8, 36, 72]]
[122, [2, 4, 7, 18, 28, 63]]
[123, [2, 3, 16, 18, 36, 48]]
[124, [2, 4, 8, 12, 42, 56]]
[125, 0]
[126, [2, 4, 11, 18, 22, 33, 36]]
[127, [2, 3, 14, 24, 28, 56]]
[128, [2, 6, 7, 12, 21, 24, 56]]
[129, [2, 4, 6, 26, 39, 52]]
[130, [2, 6, 8, 9, 24, 27, 54]]
[131, [2, 4, 9, 14, 18, 84]]
[132, [3, 4, 7, 9, 18, 21, 28, 42]]
[133, [2, 6, 7, 12, 16, 42, 48]]
[134, [2, 3, 8, 33, 88]]
[135, [2, 3, 9, 22, 99]]
[136, [2, 4, 8, 14, 24, 84]]
[137, [2, 7, 8, 14, 18, 24, 28, 36]]
[138, [3, 4, 6, 9, 14, 18, 84]]
[139, [2, 3, 12, 24, 42, 56]]
[140, [2, 4, 12, 14, 24, 28, 56]]
[141, [2, 3, 8, 32, 96]]
[142, [2, 3, 14, 18, 42, 63]]
[143, [3, 4, 6, 8, 14, 24, 84]]
[144, [2, 4, 6, 22, 44, 66]]
[145, [2, 4, 9, 21, 27, 28, 54]]
[146, [2, 6, 8, 9, 21, 28, 72]]
[147, [2, 4, 8, 12, 33, 88]]
[148, [2, 4, 7, 14, 44, 77]]
[149, [2, 3, 12, 22, 44, 66]]
[150, [2, 4, 9, 18, 26, 39, 52]]
[151, [2, 6, 7, 9, 28, 36, 63]]
[152, [2, 3, 14, 21, 28, 84]]
[153, [2, 4, 7, 14, 42, 84]]
[154, [2, 4, 6, 21, 44, 77]]
[155, [2, 4, 8, 24, 26, 39, 52]]
[156, [2, 9, 11, 12, 18, 21, 22, 28, 33]]
[157, [2, 3, 14, 18, 36, 84]]
[158, [2, 6, 8, 16, 18, 24, 36, 48]]
[159, [2, 3, 12, 21, 44, 77]]
[160, [2, 4, 9, 16, 27, 48, 54]]
[161, [2, 3, 9, 21, 126]]
[162, [2, 3, 12, 24, 33, 88]]
[163, [3, 4, 7, 8, 16, 21, 48, 56]]
[164, [2, 3, 12, 21, 42, 84]]
[165, [2, 4, 9, 18, 22, 44, 66]]
[166, [2, 4, 8, 18, 36, 42, 56]]
[167, [2, 3, 14, 16, 48, 84]]
[168, [2, 6, 8, 14, 18, 28, 36, 56]]
[169, [2, 3, 12, 19, 57, 76]]
[170, [2, 4, 8, 22, 24, 44, 66]]
[171, [2, 3, 21, 26, 28, 39, 52]]
[172, [2, 3, 11, 24, 44, 88]]
[173, [2, 6, 7, 8, 36, 42, 72]]
[174, [2, 3, 12, 22, 36, 99]]
[175, [2, 4, 9, 16, 24, 48, 72]]
[176, [2, 3, 18, 26, 36, 39, 52]]
[177, [2, 4, 6, 18, 63, 84]]
[178, [2, 4, 9, 18, 24, 33, 88]]
[179, [2, 4, 8, 18, 28, 56, 63]]
[180, [2, 3, 11, 21, 66, 77]]
[181, [2, 3, 7, 78, 91]]
[182, [2, 3, 12, 18, 63, 84]]
[183, [2, 6, 7, 11, 14, 66, 77]]
[184, [2, 3, 9, 42, 56, 72]]
[185, [2, 4, 7, 27, 28, 54, 63]]
[186, [2, 3, 12, 13, 156]]
[187, [2, 4, 7, 22, 42, 44, 66]]
[188, [2, 6, 7, 16, 18, 28, 48, 63]]
[189, [2, 3, 14, 16, 42, 112]]
[190, [2, 4, 8, 19, 24, 57, 76]]
[191, [2, 3, 16, 24, 42, 48, 56]]
[192, [2, 3, 13, 18, 39, 117]]
[193, [2, 4, 11, 12, 21, 66, 77]]
[194, [2, 4, 7, 12, 78, 91]]
[195, [2, 4, 6, 21, 36, 126]]
[196, [2, 4, 8, 18, 32, 36, 96]]
[197, [2, 3, 9, 36, 63, 84]]
[198, [2, 4, 7, 21, 36, 56, 72]]
[199, [2, 4, 6, 17, 68, 102]]
[200, [2, 3, 12, 21, 36, 126]]
[201, [2, 3, 7, 63, 126]]
[202, [2, 4, 9, 13, 18, 156]]
[203, [2, 4, 8, 18, 24, 63, 84]]
[204, [2, 3, 12, 17, 68, 102]]
[205, [2, 3, 14, 27, 42, 54, 63]]
[206, [2, 3, 18, 21, 36, 42, 84]]
[207, [2, 3, 9, 33, 72, 88]]
[208, [2, 6, 8, 9, 28, 36, 56, 63]]
[209, [2, 3, 8, 28, 168]]
[210, [2, 3, 14, 28, 42, 44, 77]]
[211, [2, 3, 14, 28, 36, 56, 72]]
[212, [2, 3, 9, 33, 66, 99]]
[213, [2, 6, 7, 9, 21, 42, 126]]
[214, [2, 3, 9, 32, 72, 96]]
[215, [2, 4, 7, 18, 44, 63, 77]]
[216, [2, 3, 16, 21, 42, 48, 84]]
[217, [2, 4, 8, 14, 21, 168]]
[218, [2, 3, 11, 26, 33, 143]]
[219, [2, 3, 9, 36, 52, 117]]
[220, [2, 3, 14, 24, 42, 63, 72]]
[221, [2, 3, 16, 19, 48, 57, 76]]
[222, [2, 4, 6, 18, 48, 144]]
[223, [2, 3, 13, 21, 28, 156]]
[224, [2, 4, 6, 16, 84, 112]]
[225, [2, 3, 14, 24, 42, 56, 84]]
[226, [2, 3, 16, 22, 36, 48, 99]]
[227, [2, 3, 12, 18, 48, 144]]
[228, [2, 3, 13, 18, 36, 156]]
[229, [2, 3, 12, 16, 84, 112]]
[230, [2, 4, 8, 14, 42, 48, 112]]
[231, [2, 3, 13, 28, 42, 52, 91]]
[232, [2, 3, 8, 63, 72, 84]]
[233, [2, 4, 8, 14, 33, 84, 88]]
[234, [2, 3, 11, 22, 42, 154]]
[235, [2, 3, 14, 22, 44, 66, 84]]
[236, [2, 3, 7, 56, 168]]
[237, [2, 3, 12, 24, 28, 168]]
[238, [2, 3, 8, 56, 78, 91]]
[239, [2, 6, 8, 9, 18, 28, 168]]
[240, [2, 3, 18, 22, 24, 72, 99]]
[241, [2, 3, 13, 24, 52, 56, 91]]
[242, [2, 3, 9, 36, 48, 144]]
[243, [2, 3, 12, 32, 42, 56, 96]]
[244, [2, 4, 6, 16, 72, 144]]
[245, [2, 3, 12, 27, 54, 63, 84]]
[246, [2, 3, 11, 42, 44, 56, 88]]
[247, [2, 3, 8, 52, 78, 104]]
[248, [2, 3, 14, 24, 33, 84, 88]]
[249, [2, 3, 12, 16, 72, 144]]
[250, [2, 3, 12, 28, 44, 77, 84]]
[251, [2, 3, 12, 33, 36, 66, 99]]
[252, [2, 3, 9, 28, 84, 126]]
[253, [2, 3, 12, 32, 36, 72, 96]]
[254, [2, 3, 8, 52, 72, 117]]
[255, [2, 3, 7, 54, 189]]
[256, [2, 3, 8, 27, 216]]
[257, [2, 3, 8, 48, 84, 112]]
[258, [2, 3, 8, 56, 63, 126]]
[259, [2, 3, 22, 24, 42, 44, 56, 66]]
[260, [2, 3, 12, 24, 63, 72, 84]]
[261, [2, 3, 11, 14, 231]]
[262, [2, 4, 6, 27, 52, 54, 117]]
[263, [2, 3, 13, 24, 39, 78, 104]]
[264, [2, 3, 18, 21, 28, 48, 144]]
[265, [2, 4, 7, 18, 42, 48, 144]]
[266, [2, 3, 12, 24, 56, 78, 91]]
[267, [2, 3, 12, 27, 52, 54, 117]]
[268, [2, 3, 8, 51, 68, 136]]
[269, [2, 4, 8, 12, 27, 216]]
[270, [2, 4, 6, 16, 66, 176]]
[271, [2, 3, 11, 28, 66, 77, 84]]
[272, [2, 3, 13, 14, 84, 156]]
[273, [2, 3, 21, 28, 33, 42, 56, 88]]
[274, [2, 4, 11, 12, 14, 231]]
[275, [2, 3, 12, 16, 66, 176]]
[276, [2, 3, 11, 32, 44, 88, 96]]
[277, [2, 3, 8, 44, 88, 132]]
[278, [2, 3, 14, 28, 33, 44, 154]]
[279, [2, 4, 6, 24, 27, 216]]
[280, [2, 4, 6, 22, 63, 84, 99]]
[281, [2, 3, 16, 18, 42, 56, 144]]
[282, [2, 3, 9, 26, 99, 143]]
[283, [2, 4, 7, 14, 32, 224]]
[284, [2, 3, 9, 27, 81, 162]]
[285, [2, 3, 12, 22, 63, 84, 99]]
[286, [2, 3, 12, 24, 56, 63, 126]]
[287, [2, 4, 7, 16, 42, 72, 144]]
[288, [2, 3, 16, 28, 48, 56, 63, 72]]
[289, [2, 3, 12, 16, 64, 192]]
[290, [2, 3, 12, 27, 48, 54, 144]]
[291, [2, 3, 11, 33, 44, 66, 132]]
[292, [2, 3, 9, 36, 44, 198]]
[293, [2, 4, 7, 24, 44, 63, 72, 77]]
[294, [2, 3, 12, 21, 32, 224]]
[295, [2, 3, 13, 22, 39, 99, 117]]
[296, [2, 3, 12, 24, 51, 68, 136]]
[297, [2, 3, 8, 42, 88, 154]]
[298, [2, 3, 11, 18, 66, 198]]
[299, [2, 3, 18, 21, 24, 63, 168]]
[300, [2, 3, 12, 22, 54, 99, 108]]
[301, [2, 3, 7, 51, 238]]
[302, [2, 3, 8, 44, 77, 168]]
[303, [2, 3, 8, 48, 66, 176]]
[304, [2, 4, 7, 18, 21, 252]]
[305, [2, 3, 12, 24, 44, 88, 132]]
[306, [2, 3, 13, 22, 44, 66, 156]]
[307, [2, 3, 8, 42, 84, 168]]
[308, [2, 4, 6, 21, 66, 77, 132]]
[309, [2, 3, 11, 33, 39, 78, 143]]
[310, [2, 3, 11, 21, 42, 231]]
[311, [2, 3, 9, 56, 72, 78, 91]]
[312, [2, 3, 8, 39, 104, 156]]
[313, [2, 3, 12, 21, 66, 77, 132]]
[314, [2, 4, 7, 12, 51, 238]]
[315, [2, 4, 7, 14, 54, 108, 126]]
[316, [2, 3, 11, 33, 36, 99, 132]]
[317, [2, 3, 8, 38, 114, 152]]
[318, [2, 4, 6, 27, 36, 81, 162]]
[319, [2, 4, 8, 16, 17, 272]]
[320, [2, 3, 9, 52, 72, 78, 104]]
[321, [2, 3, 12, 26, 36, 99, 143]]
[322, [2, 4, 8, 11, 33, 264]]
[323, [2, 3, 9, 54, 63, 84, 108]]
[324, [2, 4, 6, 18, 42, 252]]
[325, [2, 3, 12, 24, 42, 88, 154]]
[326, [2, 3, 11, 24, 66, 88, 132]]
[327, [2, 3, 8, 44, 72, 198]]
[328, [2, 3, 11, 18, 63, 231]]
[329, [2, 3, 9, 27, 72, 216]]
[330, [2, 3, 9, 48, 72, 84, 112]]
[331, [2, 3, 9, 56, 63, 72, 126]]
[332, [2, 3, 9, 24, 126, 168]]
[333, [2, 3, 12, 21, 52, 117, 126]]
[334, [2, 3, 16, 17, 24, 272]]
[335, [2, 3, 12, 24, 42, 84, 168]]
[336, [2, 3, 12, 21, 56, 88, 154]]
[337, [2, 3, 11, 24, 33, 264]]
[338, [2, 3, 8, 36, 136, 153]]
[339, [2, 4, 7, 11, 84, 231]]
[340, [2, 3, 11, 16, 132, 176]]
[341, [2, 3, 9, 51, 68, 72, 136]]
[342, [2, 4, 7, 21, 22, 132, 154]]
[343, [2, 3, 8, 36, 126, 168]]
[344, [2, 3, 9, 36, 42, 252]]
[345, [2, 3, 9, 44, 77, 84, 126]]
[346, [2, 3, 12, 21, 56, 84, 168]]
[347, [2, 4, 8, 9, 108, 216]]
[348, [2, 3, 16, 24, 48, 51, 68, 136]]
[349, [2, 4, 6, 17, 48, 272]]
[350, [2, 3, 9, 44, 72, 88, 132]]
[351, [2, 3, 8, 26, 312]]
[352, [2, 3, 9, 26, 78, 234]]
[353, [2, 3, 9, 48, 63, 84, 144]]
[354, [2, 3, 12, 17, 48, 272]]
[355, [2, 3, 7, 49, 294]]
[356, [2, 3, 9, 48, 56, 112, 126]]
[357, [2, 3, 9, 28, 63, 252]]
[358, [2, 3, 8, 51, 56, 238]]
[359, [2, 3, 13, 18, 63, 78, 182]]
[360, [2, 4, 6, 21, 54, 84, 189]]
[361, [2, 4, 8, 9, 104, 234]]
[362, [2, 3, 9, 24, 108, 216]]
[363, [2, 3, 12, 21, 52, 91, 182]]
[364, [2, 4, 6, 14, 156, 182]]
[365, [2, 3, 12, 21, 54, 84, 189]]
[366, [2, 3, 12, 21, 48, 112, 168]]
[367, [2, 3, 12, 22, 42, 132, 154]]
[368, [2, 4, 7, 12, 49, 294]]
[369, [2, 3, 12, 14, 156, 182]]
[370, [2, 3, 9, 42, 72, 88, 154]]
[371, [2, 3, 11, 22, 77, 88, 168]]
[372, [2, 3, 12, 22, 44, 102, 187]]
[373, [2, 3, 8, 36, 108, 216]]
[374, [2, 3, 12, 14, 147, 196]]
[375, [2, 3, 9, 19, 342]]
[376, [2, 3, 9, 24, 104, 234]]
[377, [2, 3, 12, 33, 54, 66, 99, 108]]
[378, [2, 3, 13, 28, 52, 63, 91, 126]]
[379, [2, 3, 8, 42, 72, 252]]
[380, [2, 3, 9, 42, 72, 84, 168]]
[381, [2, 3, 11, 22, 63, 126, 154]]
[382, [2, 3, 9, 23, 138, 207]]
[383, [2, 4, 6, 27, 32, 96, 216]]
[384, [2, 3, 13, 18, 48, 144, 156]]
[385, [2, 3, 9, 39, 72, 104, 156]]
[386, [2, 4, 8, 9, 99, 264]]
[387, [2, 3, 8, 34, 136, 204]]
[388, [2, 4, 9, 12, 19, 342]]
[389, [2, 4, 6, 14, 132, 231]]
[390, [2, 3, 9, 36, 84, 112, 144]]
[391, [2, 3, 11, 27, 44, 88, 216]]
[392, [2, 3, 12, 14, 133, 228]]
[393, [2, 3, 11, 22, 66, 102, 187]]
[394, [2, 3, 7, 112, 126, 144]]
[395, [2, 3, 9, 34, 102, 119, 126]]
[396, [2, 3, 7, 48, 336]]
[397, [2, 4, 7, 16, 32, 112, 224]]
[398, [2, 3, 12, 34, 42, 84, 102, 119]]
[399, [2, 3, 14, 21, 66, 77, 84, 132]]
[400, [2, 4, 7, 14, 51, 84, 238]]
[401, [2, 3, 9, 24, 99, 264]]
[402, [2, 4, 6, 24, 42, 72, 252]]
[403, [2, 3, 9, 44, 63, 84, 198]]
[404, [2, 3, 9, 27, 66, 297]]
[405, [2, 4, 7, 21, 28, 49, 294]]
[406, [2, 3, 9, 42, 56, 126, 168]]
[407, [2, 3, 8, 33, 152, 209]]
[408, [2, 3, 16, 17, 42, 56, 272]]
[409, [2, 3, 12, 14, 126, 252]]
[410, [2, 3, 14, 18, 44, 77, 252]]
[411, [2, 3, 9, 36, 72, 136, 153]]
[412, [2, 3, 8, 36, 99, 264]]
[413, [2, 3, 14, 19, 33, 133, 209]]
[414, [2, 3, 12, 19, 36, 342]]
[415, [2, 3, 9, 39, 63, 117, 182]]
[416, [2, 3, 9, 36, 72, 126, 168]]
[417, [2, 4, 7, 24, 26, 42, 312]]
[418, [2, 3, 9, 44, 54, 108, 198]]
[419, [2, 3, 9, 38, 63, 133, 171]]
[420, [2, 4, 6, 16, 56, 336]]
[421, [2, 3, 11, 33, 36, 72, 264]]
[422, [2, 3, 7, 88, 154, 168]]
[423, [2, 3, 12, 21, 42, 147, 196]]
[424, [2, 3, 9, 26, 72, 312]]
[425, [2, 3, 12, 16, 56, 336]]
[426, [2, 3, 14, 16, 48, 147, 196]]
[427, [2, 3, 11, 21, 66, 126, 198]]
[428, [2, 4, 7, 21, 26, 56, 312]]
[429, [2, 3, 9, 33, 88, 126, 168]]
[430, [2, 3, 12, 28, 42, 49, 294]]
[431, [2, 3, 9, 32, 96, 136, 153]]
[432, [2, 3, 12, 22, 42, 99, 252]]
[433, [2, 3, 8, 36, 96, 288]]
[434, [2, 3, 7, 84, 156, 182]]
[435, [2, 3, 9, 33, 99, 102, 187]]
[436, [2, 3, 8, 72, 78, 117, 156]]
[437, [2, 3, 8, 32, 168, 224]]
[438, [2, 3, 16, 17, 32, 96, 272]]
[439, [2, 3, 7, 84, 147, 196]]
[440, [2, 3, 12, 24, 36, 99, 264]]
[441, [2, 3, 11, 32, 33, 96, 264]]
[442, [2, 3, 8, 33, 132, 264]]
[443, [2, 3, 12, 21, 42, 132, 231]]
[444, [2, 3, 7, 81, 162, 189]]
[445, [2, 3, 11, 24, 44, 152, 209]]
[446, [2, 3, 8, 72, 76, 114, 171]]
[447, [2, 4, 7, 12, 84, 156, 182]]
[448, [2, 3, 9, 44, 48, 144, 198]]
[449, [2, 3, 8, 63, 84, 136, 153]]
[450, [2, 3, 9, 36, 64, 144, 192]]
[451, [2, 3, 8, 56, 112, 126, 144]]
[452, [2, 4, 7, 12, 84, 147, 196]]
[453, [2, 3, 8, 48, 56, 336]]
[454, [2, 3, 7, 91, 117, 234]]
[455, [2, 3, 9, 42, 63, 84, 252]]
[456, [2, 3, 8, 66, 77, 132, 168]]
[457, [2, 3, 7, 84, 133, 228]]
[458, [2, 3, 12, 21, 42, 126, 252]]
[459, [2, 3, 7, 84, 132, 231]]
[460, [2, 3, 9, 34, 72, 136, 204]]
[461, [2, 3, 12, 18, 63, 132, 231]]
[462, [2, 3, 14, 17, 42, 112, 272]]
[463, [2, 3, 12, 26, 36, 72, 312]]
[464, [2, 3, 7, 91, 114, 247]]
[465, [2, 3, 8, 64, 84, 112, 192]]
[466, [2, 3, 9, 32, 96, 108, 216]]
[467, [2, 3, 16, 18, 36, 56, 336]]
[468, [2, 3, 12, 28, 51, 68, 136, 168]]
[469, [2, 3, 8, 54, 108, 126, 168]]
[470, [2, 3, 11, 22, 36, 396]]
[471, [2, 3, 8, 52, 117, 136, 153]]
[472, [2, 4, 7, 12, 84, 132, 231]]
[473, [2, 3, 9, 33, 88, 104, 234]]
[474, [2, 3, 7, 77, 154, 231]]
[475, [2, 3, 9, 42, 56, 99, 264]]
[476, [2, 3, 8, 52, 117, 126, 168]]
[477, [2, 3, 8, 32, 144, 288]]
[478, [2, 3, 8, 31, 186, 248]]
[479, [2, 3, 12, 14, 112, 336]]
[480, [2, 3, 11, 16, 96, 352]]
[481, [2, 3, 8, 66, 72, 132, 198]]
[482, [2, 3, 9, 27, 63, 378]]
[483, [2, 3, 12, 16, 112, 156, 182]]
[484, [2, 3, 8, 63, 84, 108, 216]]
[485, [2, 3, 8, 64, 72, 144, 192]]
[486, [2, 3, 8, 63, 72, 156, 182]]
[487, [2, 3, 9, 33, 44, 396]]
[488, [2, 3, 12, 16, 112, 147, 196]]
[489, [2, 3, 7, 72, 189, 216]]
[490, [2, 3, 14, 16, 49, 112, 294]]
[491, [2, 3, 8, 56, 84, 156, 182]]
[492, [2, 3, 11, 21, 56, 168, 231]]
[493, [2, 4, 6, 16, 102, 176, 187]]
[494, [2, 3, 8, 48, 136, 144, 153]]
[495, [2, 3, 9, 39, 52, 156, 234]]
[496, [2, 3, 8, 56, 84, 147, 196]]
[497, [2, 4, 6, 17, 84, 112, 272]]
[498, [2, 3, 8, 54, 88, 154, 189]]
[499, [2, 3, 8, 48, 126, 144, 168]]
[500, [2, 3, 9, 42, 48, 144, 252]]
[501, [2, 3, 8, 56, 81, 162, 189]]
[502, [2, 3, 12, 17, 84, 112, 272]]
[503, [2, 4, 6, 16, 112, 132, 231]]
[504, [2, 3, 7, 72, 168, 252]]
[505, [2, 3, 9, 32, 96, 99, 264]]
[506, [2, 3, 8, 51, 102, 136, 204]]
[507, [2, 4, 8, 9, 88, 396]]
[508, [2, 3, 8, 54, 84, 168, 189]]
[509, [2, 3, 8, 63, 72, 133, 228]]
[510, [2, 3, 9, 32, 72, 168, 224]]
[511, [2, 3, 8, 48, 112, 156, 182]]
[512, [2, 4, 6, 14, 108, 378]]
[513, [2, 3, 8, 54, 104, 108, 234]]
[514, [2, 4, 6, 16, 54, 432]]
[515, [2, 3, 9, 33, 72, 132, 264]]
[516, [2, 3, 8, 48, 112, 147, 196]]
[517, [2, 3, 12, 14, 108, 378]]
[518, [2, 3, 9, 28, 119, 153, 204]]
[519, [2, 3, 7, 91, 104, 312]]
[520, [2, 3, 8, 52, 104, 117, 234]]
[521, [2, 3, 8, 56, 91, 114, 247]]
[522, [2, 3, 7, 68, 204, 238]]
[523, [2, 3, 8, 63, 84, 99, 264]]
[524, [2, 3, 14, 21, 22, 462]]
[525, [2, 3, 9, 42, 49, 126, 294]]
[526, [2, 3, 8, 48, 102, 176, 187]]
[527, [2, 3, 9, 54, 78, 108, 117, 156]]
[528, [2, 3, 12, 21, 42, 112, 336]]
[529, [2, 3, 7, 77, 132, 308]]
[530, [2, 3, 8, 52, 104, 114, 247]]
